0 2.494329918302e+01
1 4.972032493866e+00
2 3.586324657144e+00
3 1.773861903182e+01
4 4.519083940884e+00
5 0.000000000000e+00
6 0.000000000000e+00
7 0.000000000000e+00
8 3.588233303167e+00
9 1.014037930343e+01
10 1.248339745023e+01
11 8.042950408069e+00
12 1.017718823207e+01
13 3.660621809538e-01
14 0.000000000000e+00
15 9.145801233594e+00
16 0.000000000000e+00
17 1.093599824821e+00
18 4.409083153348e+00
19 3.098830725063e+00
20 7.886249751485e+00
21 1.197468345069e+01
22 0.000000000000e+00
23 1.027424087843e+01
24 1.168392954898e+01
25 0.000000000000e+00
26 2.004909821396e+01
27 2.235704360746e+01
28 0.000000000000e+00
29 0.000000000000e+00
30 0.000000000000e+00
31 0.000000000000e+00
32 7.824198143304e+00
33 0.000000000000e+00
34 1.542171265432e+00
35 3.907358991813e+00
36 0.000000000000e+00
37 5.358172270471e+00
38 1.232828861049e+01
39 7.943167153679e+00
40 0.000000000000e+00
41 7.297400501079e+00
42 0.000000000000e+00
43 5.144043721559e+00
44 9.039020810620e+00
45 0.000000000000e+00
46 0.000000000000e+00
47 0.000000000000e+00
48 0.000000000000e+00
49 0.000000000000e+00
50 0.000000000000e+00
51 0.000000000000e+00
52 1.111227636747e+00
53 5.900399074968e+00
54 9.461951292699e-01
55 0.000000000000e+00
56 0.000000000000e+00
57 1.045531328525e+01
58 3.008423584935e+00
59 6.745139253922e+00
60 0.000000000000e+00
61 1.416688087899e+01
62 8.721981204276e+00
63 3.632389224150e+00
64 0.000000000000e+00
65 0.000000000000e+00
66 0.000000000000e+00
67 0.000000000000e+00
68 0.000000000000e+00
69 4.945751768837e-01
70 0.000000000000e+00
71 0.000000000000e+00
72 0.000000000000e+00
73 0.000000000000e+00
74 1.389157174155e+01
75 1.076583522067e+01
76 0.000000000000e+00
77 0.000000000000e+00
78 0.000000000000e+00
79 0.000000000000e+00
80 0.000000000000e+00
81 0.000000000000e+00
82 2.619338213229e-01
83 1.286496953396e+01
84 4.133822684422e+00
85 0.000000000000e+00
86 9.439658761512e+00
87 8.240565547892e+00
88 0.000000000000e+00
89 1.179206119177e+01
90 1.249429753713e+01
91 0.000000000000e+00
92 0.000000000000e+00
93 0.000000000000e+00
94 0.000000000000e+00
95 0.000000000000e+00
96 2.110768996600e+00
97 0.000000000000e+00
98 0.000000000000e+00
99 9.112245831586e-01
100 0.000000000000e+00
101 9.927066999003e-01
102 0.000000000000e+00
103 0.000000000000e+00
104 0.000000000000e+00
105 0.000000000000e+00
106 9.152694702501e+00
107 0.000000000000e+00
108 1.449722460233e+01
109 0.000000000000e+00
110 3.998214491807e+00
111 8.724469981927e+00
112 1.578190079897e+00
113 0.000000000000e+00
114 0.000000000000e+00
115 0.000000000000e+00
116 2.022193082593e+00
117 6.978297090745e+00
118 1.069283032464e+01
119 2.029804741222e+01
120 0.000000000000e+00
121 0.000000000000e+00
122 9.217629512059e+00
123 9.626594753869e+00
124 4.533194546939e+00
125 3.935592077139e+00
126 0.000000000000e+00
127 4.333394815702e+00
128 0.000000000000e+00
129 8.084958045741e+00
130 2.399377237892e+00
131 0.000000000000e+00
132 0.000000000000e+00
133 0.000000000000e+00
134 0.000000000000e+00
135 0.000000000000e+00
136 0.000000000000e+00
137 0.000000000000e+00
138 0.000000000000e+00
139 0.000000000000e+00
140 0.000000000000e+00
141 0.000000000000e+00
142 0.000000000000e+00
143 0.000000000000e+00
144 0.000000000000e+00
145 0.000000000000e+00
146 0.000000000000e+00
147 0.000000000000e+00
148 0.000000000000e+00
149 0.000000000000e+00
150 0.000000000000e+00
151 0.000000000000e+00
152 0.000000000000e+00
153 0.000000000000e+00
154 0.000000000000e+00
155 0.000000000000e+00
156 0.000000000000e+00
157 0.000000000000e+00
158 0.000000000000e+00
159 1.905895213940e+00
160 0.000000000000e+00
161 6.086006911136e-01
162 4.440726385283e+00
163 1.309107716421e+01
164 1.577112064265e+01
165 0.000000000000e+00
166 6.116261769747e+00
167 1.226358908181e+01
168 4.883078949259e+00
169 2.706891178012e+00
170 0.000000000000e+00
171 0.000000000000e+00
172 0.000000000000e+00
173 0.000000000000e+00
174 0.000000000000e+00
175 0.000000000000e+00
176 0.000000000000e+00
177 0.000000000000e+00
178 2.696990389762e+00
179 0.000000000000e+00
180 2.129037213477e+01
181 3.802447219236e+00
182 0.000000000000e+00
183 1.170775073265e+01
184 0.000000000000e+00
185 7.854277855784e+00
186 0.000000000000e+00
187 0.000000000000e+00
188 1.629050585248e+00
189 0.000000000000e+00
190 0.000000000000e+00
191 0.000000000000e+00
192 0.000000000000e+00
193 0.000000000000e+00
194 0.000000000000e+00
195 0.000000000000e+00
196 0.000000000000e+00
197 0.000000000000e+00
198 0.000000000000e+00
199 0.000000000000e+00
200 0.000000000000e+00
201 0.000000000000e+00
202 0.000000000000e+00
203 0.000000000000e+00
204 0.000000000000e+00
205 0.000000000000e+00
206 0.000000000000e+00
207 0.000000000000e+00
208 0.000000000000e+00
209 0.000000000000e+00
210 0.000000000000e+00
211 2.332390048542e+00
212 1.069169370091e+01
213 1.073218094356e+00
214 0.000000000000e+00
215 1.285077378320e+00
216 0.000000000000e+00
217 0.000000000000e+00
218 0.000000000000e+00
219 0.000000000000e+00
220 1.070155056403e+01
221 5.253825757553e+00
222 0.000000000000e+00
223 1.366639508357e+01
224 1.677154403906e+01
225 0.000000000000e+00
226 0.000000000000e+00
227 0.000000000000e+00
228 0.000000000000e+00
229 1.505982817737e+01
230 1.115267934155e+00
231 1.701377204677e+01
232 5.198863553822e+00
233 6.651239312595e+00
234 9.554372366759e+00
235 1.188854112951e+01
236 0.000000000000e+00
237 1.364456199727e+00
238 1.056455737680e+00
239 0.000000000000e+00
240 0.000000000000e+00
241 0.000000000000e+00
242 2.869870836444e+00
243 1.179321699096e+01
244 0.000000000000e+00
245 3.578471087716e+00
246 6.318176607001e+00
247 1.035181732943e+00
248 5.277028403860e+00
249 5.013197448834e+00
250 3.481538803992e+00
251 2.269475267909e+01
252 5.242993399878e+00
253 1.335182268108e+01
254 9.044213810484e+00
255 0.000000000000e+00
256 0.000000000000e+00
257 9.819471979143e+00
258 6.294541417993e+00
259 0.000000000000e+00
260 0.000000000000e+00
261 0.000000000000e+00
262 0.000000000000e+00
263 0.000000000000e+00
264 1.143310046531e+01
265 2.687059687323e-01
266 1.602821564336e+00
267 0.000000000000e+00
268 1.010850622911e+01
269 5.361166945943e+00
270 1.398056335044e+01
271 0.000000000000e+00
272 1.077105926851e+01
273 0.000000000000e+00
274 6.380300180633e+00
275 0.000000000000e+00
276 5.443412153150e+00
277 8.517668687388e+00
278 0.000000000000e+00
279 0.000000000000e+00
280 0.000000000000e+00
281 0.000000000000e+00
282 7.822001811229e-01
283 0.000000000000e+00
284 1.138438752880e+00
285 8.351651389096e+00
286 2.995528219598e+01
287 8.777117963245e+00
288 0.000000000000e+00
289 0.000000000000e+00
290 0.000000000000e+00
291 0.000000000000e+00
292 0.000000000000e+00
293 0.000000000000e+00
294 0.000000000000e+00
295 1.124938290097e+01
296 1.031860138957e+01
297 0.000000000000e+00
298 8.145880898595e+00
299 9.012817147285e+00
300 5.806379446186e+00
301 0.000000000000e+00
302 0.000000000000e+00
303 9.032877290658e+00
304 0.000000000000e+00
305 0.000000000000e+00
306 0.000000000000e+00
307 0.000000000000e+00
308 0.000000000000e+00
309 0.000000000000e+00
310 0.000000000000e+00
311 0.000000000000e+00
312 0.000000000000e+00
313 0.000000000000e+00
314 1.028893029487e+01
315 0.000000000000e+00
316 3.758446460605e+00
317 0.000000000000e+00
318 8.344221934485e+00
319 0.000000000000e+00
320 0.000000000000e+00
321 0.000000000000e+00
322 5.035896808195e+00
323 0.000000000000e+00
324 0.000000000000e+00
325 0.000000000000e+00
326 0.000000000000e+00
327 0.000000000000e+00
328 0.000000000000e+00
329 0.000000000000e+00
330 0.000000000000e+00
331 6.246802466571e+00
332 0.000000000000e+00
333 5.458203192094e+00
334 0.000000000000e+00
335 2.146412721681e+00
336 8.726614733692e+00
337 1.967260036632e+00
338 5.075728783673e+00
339 1.997812891294e+01
340 2.219657097042e+01
341 0.000000000000e+00
342 8.704535951412e+00
343 1.091423325779e+01
344 1.072753519784e+01
345 9.314812127880e-01
346 0.000000000000e+00
347 0.000000000000e+00
348 0.000000000000e+00
349 0.000000000000e+00
350 0.000000000000e+00
351 1.062613247823e+00
352 0.000000000000e+00
353 1.199162275213e+01
354 0.000000000000e+00
355 6.733498523446e+00
356 0.000000000000e+00
357 0.000000000000e+00
358 0.000000000000e+00
359 0.000000000000e+00
360 0.000000000000e+00
361 0.000000000000e+00
362 1.690943181003e+01
363 5.886134146516e-01
364 0.000000000000e+00
365 0.000000000000e+00
366 0.000000000000e+00
367 0.000000000000e+00
368 0.000000000000e+00
369 0.000000000000e+00
370 0.000000000000e+00
371 0.000000000000e+00
372 0.000000000000e+00
373 0.000000000000e+00
374 0.000000000000e+00
375 0.000000000000e+00
376 0.000000000000e+00
377 2.750886662449e+00
378 3.667611911896e+00
379 0.000000000000e+00
380 0.000000000000e+00
381 0.000000000000e+00
382 0.000000000000e+00
383 0.000000000000e+00
384 0.000000000000e+00
385 0.000000000000e+00
386 3.785698507853e+00
387 0.000000000000e+00
388 4.208360873032e+00
389 7.751443941557e+00
390 1.058007783202e+01
391 0.000000000000e+00
392 0.000000000000e+00
393 0.000000000000e+00
394 0.000000000000e+00
395 0.000000000000e+00
396 0.000000000000e+00
397 0.000000000000e+00
398 0.000000000000e+00
399 0.000000000000e+00
400 0.000000000000e+00
401 0.000000000000e+00
402 0.000000000000e+00
403 4.908524148838e-01
404 8.428386082137e+00
405 4.090096865606e+00
406 0.000000000000e+00
407 7.910988610595e+00
408 1.256338786264e+01
409 0.000000000000e+00
410 1.379663971635e-01
411 9.281595754433e-01
412 0.000000000000e+00
413 0.000000000000e+00
414 0.000000000000e+00
415 0.000000000000e+00
416 0.000000000000e+00
417 0.000000000000e+00
418 0.000000000000e+00
419 0.000000000000e+00
420 3.291332711340e+00
421 0.000000000000e+00
422 0.000000000000e+00
423 0.000000000000e+00
424 5.317728079230e+00
425 0.000000000000e+00
426 0.000000000000e+00
427 0.000000000000e+00
428 0.000000000000e+00
429 0.000000000000e+00
430 5.575155854727e+00
431 9.484170452860e+00
432 0.000000000000e+00
433 1.244239149381e+00
434 9.516102692171e+00
435 0.000000000000e+00
436 0.000000000000e+00
437 1.568630602237e+00
438 4.391475302214e+00
439 5.117571793110e+00
440 2.611317639178e+01
441 0.000000000000e+00
442 3.366502284751e+00
443 8.880313857788e+00
444 6.443063653113e+00
445 0.000000000000e+00
446 1.460708778512e+00
447 0.000000000000e+00
448 0.000000000000e+00
449 0.000000000000e+00
450 0.000000000000e+00
451 1.129637891902e+00
452 4.282351279198e+00
453 5.725104598850e+00
454 2.064937542621e+01
455 1.122055186145e+01
456 5.411595600628e+00
457 3.503251998067e+00
458 0.000000000000e+00
459 1.152217520139e+01
460 0.000000000000e+00
461 0.000000000000e+00
462 0.000000000000e+00
463 0.000000000000e+00
464 0.000000000000e+00
465 0.000000000000e+00
466 0.000000000000e+00
467 0.000000000000e+00
468 0.000000000000e+00
469 0.000000000000e+00
470 0.000000000000e+00
471 0.000000000000e+00
472 0.000000000000e+00
473 2.194869969262e+00
474 1.108243488313e+01
475 0.000000000000e+00
476 0.000000000000e+00
477 3.001383242537e+00
478 1.039527050874e+01
479 0.000000000000e+00
480 0.000000000000e+00
481 0.000000000000e+00
482 1.001142307739e+01
483 3.565517792560e+00
484 0.000000000000e+00
485 1.880035036042e+01
486 2.364280716165e+01
487 0.000000000000e+00
488 2.291788676388e+00
489 0.000000000000e+00
490 0.000000000000e+00
491 1.864507977768e+01
492 3.796320213456e+00
493 0.000000000000e+00
494 8.914150050726e+00
495 1.106493427818e+01
496 9.226014064175e+00
497 8.351722949995e+00
498 0.000000000000e+00
499 0.000000000000e+00
500 3.595048586983e+00
501 9.899413761195e+00
502 0.000000000000e+00
503 0.000000000000e+00
504 1.122214852331e+00
505 4.443255819696e+00
506 1.039722193350e+01
507 1.065363019046e+01
508 9.370747197801e+00
509 0.000000000000e+00
510 6.161494552055e+00
511 1.216039040592e+01
512 0.000000000000e+00
513 5.010444068209e+00
514 4.871648294619e+00
515 3.824860930770e+00
516 0.000000000000e+00
517 2.772200419699e+00
518 2.548184770187e+00
519 3.132976178684e+00
520 6.838405805797e+00
521 0.000000000000e+00
522 1.060622881987e+01
523 5.261644085476e+00
524 0.000000000000e+00
525 0.000000000000e+00
526 0.000000000000e+00
527 7.352193860936e+00
528 0.000000000000e+00
529 0.000000000000e+00
530 0.000000000000e+00
531 0.000000000000e+00
532 0.000000000000e+00
533 0.000000000000e+00
534 3.916216866687e+00
535 0.000000000000e+00
536 4.788258522942e+00
537 0.000000000000e+00
538 0.000000000000e+00
539 0.000000000000e+00
540 0.000000000000e+00
541 0.000000000000e+00
542 0.000000000000e+00
543 7.212366883270e+00
544 0.000000000000e+00
545 0.000000000000e+00
546 0.000000000000e+00
547 0.000000000000e+00
548 0.000000000000e+00
549 0.000000000000e+00
550 0.000000000000e+00
551 0.000000000000e+00
552 0.000000000000e+00
553 1.851401651979e+00
554 2.897838284933e+00
555 5.204370547257e+00
556 1.184139784373e+01
557 6.298862218360e+00
558 0.000000000000e+00
559 5.552457777154e+00
560 3.691624692140e+00
561 0.000000000000e+00
562 8.392568146850e+00
563 9.775465517417e+00
564 7.237204368443e+00
565 0.000000000000e+00
566 0.000000000000e+00
567 8.186297874347e+00
568 6.228394626281e-01
569 0.000000000000e+00
570 0.000000000000e+00
571 1.183183946856e+01
572 0.000000000000e+00
573 5.050417079985e+00
574 0.000000000000e+00
575 0.000000000000e+00
576 2.225429314648e+00
577 1.318383934780e+01
578 2.285783797338e+00
579 1.149636510617e+01
580 0.000000000000e+00
581 7.747157904553e+00
582 2.345383167017e+00
583 8.545045238647e+00
584 0.000000000000e+00
585 0.000000000000e+00
586 0.000000000000e+00
587 0.000000000000e+00
588 1.522841310343e+01
589 0.000000000000e+00
590 1.446760863334e+00
591 2.554181839683e+00
592 9.796547741224e+00
593 2.510821303080e+01
594 5.955258220794e+00
595 2.924522618064e+00
596 0.000000000000e+00
597 1.194804858039e+01
598 9.510124257261e+00
599 0.000000000000e+00
600 0.000000000000e+00
601 0.000000000000e+00
602 1.115813620461e+01
603 4.129789939328e+00
604 0.000000000000e+00
605 0.000000000000e+00
606 0.000000000000e+00
607 0.000000000000e+00
608 0.000000000000e+00
609 0.000000000000e+00
610 1.347020936827e+01
611 0.000000000000e+00
612 5.777390354133e+00
613 0.000000000000e+00
614 0.000000000000e+00
615 0.000000000000e+00
616 0.000000000000e+00
617 0.000000000000e+00
618 5.114544514750e-01
619 0.000000000000e+00
620 8.724500990662e+00
621 0.000000000000e+00
622 8.862527171536e+00
623 3.926612721516e+00
624 0.000000000000e+00
625 1.297142204045e+01
626 0.000000000000e+00
627 0.000000000000e+00
628 0.000000000000e+00
629 0.000000000000e+00
630 0.000000000000e+00
631 0.000000000000e+00
632 0.000000000000e+00
633 0.000000000000e+00
634 0.000000000000e+00
635 0.000000000000e+00
636 0.000000000000e+00
637 0.000000000000e+00
638 0.000000000000e+00
639 0.000000000000e+00
640 0.000000000000e+00
641 0.000000000000e+00
642 0.000000000000e+00
643 0.000000000000e+00
644 0.000000000000e+00
645 0.000000000000e+00
646 0.000000000000e+00
647 2.674645300641e+00
648 0.000000000000e+00
649 1.435050683799e+00
650 6.501474927238e+00
651 3.033251022459e+00
652 0.000000000000e+00
653 0.000000000000e+00
654 8.439598284775e+00
655 2.891570700772e+00
656 1.161424679263e+01
657 0.000000000000e+00
658 0.000000000000e+00
659 0.000000000000e+00
660 1.408459928929e+01
661 7.451711607358e-01
662 3.914725854978e+00
663 2.049622404688e+01
664 1.781741064164e+01
665 0.000000000000e+00
666 7.114345068015e+00
667 1.166452084056e+01
668 1.175139615836e+00
669 0.000000000000e+00
670 0.000000000000e+00
671 1.428210236036e+00
672 1.081371197326e+01
673 0.000000000000e+00
674 2.437553280154e+00
675 0.000000000000e+00
676 7.582696030292e+00
677 9.028245297279e+00
678 0.000000000000e+00
679 2.684103733763e+00
680 6.840013137641e+00
681 0.000000000000e+00
682 0.000000000000e+00
683 0.000000000000e+00
684 0.000000000000e+00
685 0.000000000000e+00
686 0.000000000000e+00
687 1.835388057204e+00
688 0.000000000000e+00
689 0.000000000000e+00
690 0.000000000000e+00
691 5.446779324695e+00
692 0.000000000000e+00
693 2.482371035083e+00
694 0.000000000000e+00
695 0.000000000000e+00
696 0.000000000000e+00
697 1.571276982226e+00
698 1.283247264569e+01
699 1.948357894648e+00
700 2.189636881261e+00
701 3.272361747031e+00
702 1.172811763347e+01
703 3.307833115199e+00
704 1.214966844991e+00
705 9.812184446103e+00
706 9.116110919955e+00
707 1.145728770348e+01
708 1.038746242854e+01
709 9.453751753826e+00
710 2.097169961868e+00
711 8.868405423559e+00
712 4.513763910394e+00
713 0.000000000000e+00
714 9.765869096957e+00
715 9.002814513405e+00
716 0.000000000000e+00
717 0.000000000000e+00
718 0.000000000000e+00
719 4.850413593496e+00
720 0.000000000000e+00
721 8.635161095211e-01
722 0.000000000000e+00
723 1.068212618661e+01
724 2.281376797845e+01
725 0.000000000000e+00
726 3.231393759714e+00
727 1.297203581691e+00
728 1.764313105671e+00
729 5.047473825768e+00
730 0.000000000000e+00
731 0.000000000000e+00
732 0.000000000000e+00
733 5.091390477619e+00
734 0.000000000000e+00
735 0.000000000000e+00
736 0.000000000000e+00
737 0.000000000000e+00
738 0.000000000000e+00
739 0.000000000000e+00
740 0.000000000000e+00
741 0.000000000000e+00
742 0.000000000000e+00
743 5.395607003366e+00
744 0.000000000000e+00
745 0.000000000000e+00
746 0.000000000000e+00
747 0.000000000000e+00
748 0.000000000000e+00
749 0.000000000000e+00
750 0.000000000000e+00
751 0.000000000000e+00
752 0.000000000000e+00
753 0.000000000000e+00
754 0.000000000000e+00
755 0.000000000000e+00
756 0.000000000000e+00
757 0.000000000000e+00
758 0.000000000000e+00
759 9.023271367491e+00
760 0.000000000000e+00
761 0.000000000000e+00
762 0.000000000000e+00
763 0.000000000000e+00
764 0.000000000000e+00
765 0.000000000000e+00
766 0.000000000000e+00
767 0.000000000000e+00
768 0.000000000000e+00
769 0.000000000000e+00
770 0.000000000000e+00
771 5.625838913968e+00
772 0.000000000000e+00
773 0.000000000000e+00
774 0.000000000000e+00
775 0.000000000000e+00
776 1.342638370181e+00
777 0.000000000000e+00
778 5.345068645803e+00
779 0.000000000000e+00
780 2.419612630738e+00
781 6.253270017780e+00
782 0.000000000000e+00
783 0.000000000000e+00
784 0.000000000000e+00
785 0.000000000000e+00
786 0.000000000000e+00
787 1.087223714515e+00
788 1.697410298291e+01
789 0.000000000000e+00
790 0.000000000000e+00
791 6.099175785026e+00
792 1.096634396932e+01
793 5.472805715637e+00
794 0.000000000000e+00
795 0.000000000000e+00
796 0.000000000000e+00
797 9.415478570526e+00
798 0.000000000000e+00
799 0.000000000000e+00
800 3.261537055903e+00
801 5.009226500005e+00
802 0.000000000000e+00
803 1.170955964321e+01
804 2.052381852601e+00
805 7.447299476394e+00
806 1.180513105800e+01
807 0.000000000000e+00
808 9.303779274728e+00
809 0.000000000000e+00
810 1.308819846876e+01
811 5.979311431739e+00
812 1.325328417250e+01
813 0.000000000000e+00
814 0.000000000000e+00
815 0.000000000000e+00
816 7.221085537313e+00
817 0.000000000000e+00
818 0.000000000000e+00
819 4.433593517120e+00
820 0.000000000000e+00
821 1.978737817835e+00
822 0.000000000000e+00
823 0.000000000000e+00
824 0.000000000000e+00
825 0.000000000000e+00
826 3.541973835518e+00
827 0.000000000000e+00
828 0.000000000000e+00
829 0.000000000000e+00
830 0.000000000000e+00
831 0.000000000000e+00
832 0.000000000000e+00
833 0.000000000000e+00
834 0.000000000000e+00
835 2.496053063138e+00
836 1.146074189867e+01
837 6.929468381014e-01
838 2.113529308819e+01
839 0.000000000000e+00
840 6.636375408500e+00
841 5.757375441988e+00
842 0.000000000000e+00
843 0.000000000000e+00
844 0.000000000000e+00
845 0.000000000000e+00
846 0.000000000000e+00
847 8.319415904232e+00
848 0.000000000000e+00
849 0.000000000000e+00
850 0.000000000000e+00
851 0.000000000000e+00
852 8.127913951077e+00
853 2.115382736798e+00
854 0.000000000000e+00
855 1.153027458153e+01
856 0.000000000000e+00
857 0.000000000000e+00
858 0.000000000000e+00
859 0.000000000000e+00
860 0.000000000000e+00
861 1.638798949118e+01
862 0.000000000000e+00
863 0.000000000000e+00
864 0.000000000000e+00
865 5.285460283632e+00
866 0.000000000000e+00
867 9.810409105095e+00
868 9.979369397794e+00
869 0.000000000000e+00
870 7.002338594101e+00
871 0.000000000000e+00
872 7.084771886544e+00
873 0.000000000000e+00
874 0.000000000000e+00
875 0.000000000000e+00
876 0.000000000000e+00
877 0.000000000000e+00
878 0.000000000000e+00
879 0.000000000000e+00
880 5.571890823383e+00
881 0.000000000000e+00
882 0.000000000000e+00
883 0.000000000000e+00
884 3.328105485836e+00
885 1.446576306665e+01
886 0.000000000000e+00
887 0.000000000000e+00
888 4.508968328130e+00
889 1.751183661158e+01
890 7.629216889625e+00
891 0.000000000000e+00
892 5.005456263666e+00
893 0.000000000000e+00
894 0.000000000000e+00
895 4.414240661746e+00
896 0.000000000000e+00
897 2.198396876846e+00
898 3.484397365868e+00
899 0.000000000000e+00
900 1.739910547801e+01
901 0.000000000000e+00
902 5.095727592412e+00
903 9.920292073090e+00
904 0.000000000000e+00
905 0.000000000000e+00
906 0.000000000000e+00
907 1.832691411548e+01
908 0.000000000000e+00
909 1.000554118012e+00
910 0.000000000000e+00
911 9.192363018415e+00
912 7.958485916682e+00
913 7.095453171426e+00
914 2.760663546033e+00
915 3.682882469586e+00
916 1.267908648348e+01
917 5.420230542617e+00
918 0.000000000000e+00
919 0.000000000000e+00
920 0.000000000000e+00
921 0.000000000000e+00
922 0.000000000000e+00
923 0.000000000000e+00
924 8.143332436783e+00
925 0.000000000000e+00
926 0.000000000000e+00
927 0.000000000000e+00
928 8.790150231174e-01
929 9.265013762281e+00
930 0.000000000000e+00
931 0.000000000000e+00
932 0.000000000000e+00
933 0.000000000000e+00
934 0.000000000000e+00
935 0.000000000000e+00
936 0.000000000000e+00
937 0.000000000000e+00
938 0.000000000000e+00
939 0.000000000000e+00
940 0.000000000000e+00
941 0.000000000000e+00
942 0.000000000000e+00
943 0.000000000000e+00
944 0.000000000000e+00
945 1.791510606873e+00
946 0.000000000000e+00
947 0.000000000000e+00
948 0.000000000000e+00
949 3.107717862182e+00
950 4.713163041810e-01
951 0.000000000000e+00
952 0.000000000000e+00
953 8.367000825002e+00
954 6.216369908108e+00
955 0.000000000000e+00
956 7.191362198523e+00
957 1.145846148291e+01
958 7.497346506429e+00
959 9.196746201116e+00
960 3.299481795683e+00
961 3.090406813372e+00
962 1.602602754169e+01
963 0.000000000000e+00
964 6.624519131230e+00
965 1.042749527164e+01
966 7.358904991121e+00
967 6.301333610150e-01
968 3.929677514775e+00
969 6.901074119906e+00
970 0.000000000000e+00
971 1.003748575197e+00
972 0.000000000000e+00
973 1.424181495032e+01
974 2.616347380123e+01
975 6.238206977286e+00
976 3.213413108725e+00
977 3.465311411544e+00
978 4.976555979326e+00
979 1.068840995611e+01
980 0.000000000000e+00
981 0.000000000000e+00
982 0.000000000000e+00
983 5.839683032597e+00
984 8.382027676842e+00
985 0.000000000000e+00
986 0.000000000000e+00
987 0.000000000000e+00
988 7.914372515883e+00
989 3.118313055300e-01
990 1.590334345841e+00
991 1.383442108980e+01
992 3.539935898888e+00
993 2.212409644782e+01
994 0.000000000000e+00
995 9.158062587592e+00
996 9.571175239588e+00
997 8.779698461903e+00
998 0.000000000000e+00
999 1.067035444810e+01
1000 3.871647958707e+00
1001 7.490175686097e+00
1002 1.730659175422e+01
1003 0.000000000000e+00
1004 8.909633829745e+00
1005 9.062787978052e+00
1006 3.100829857459e+00
1007 0.000000000000e+00
1008 0.000000000000e+00
1009 1.588925762372e+01
1010 0.000000000000e+00
1011 0.000000000000e+00
1012 0.000000000000e+00
1013 0.000000000000e+00
1014 0.000000000000e+00
1015 7.399056557637e+00
1016 9.964468121609e+00
1017 0.000000000000e+00
1018 3.318512395939e+00
1019 0.000000000000e+00
1020 0.000000000000e+00
1021 0.000000000000e+00
1022 0.000000000000e+00
1023 0.000000000000e+00
1024 0.000000000000e+00
1025 0.000000000000e+00
1026 0.000000000000e+00
1027 0.000000000000e+00
1028 0.000000000000e+00
1029 6.588076958825e+00
1030 0.000000000000e+00
1031 0.000000000000e+00
1032 2.631632607577e+00
1033 3.396091354029e+00
1034 2.042067472291e+00
1035 1.715969060055e+01
1036 4.641548562041e+00
1037 5.609737248734e+00
1038 1.190713930964e+01
1039 1.347415930004e+01
1040 0.000000000000e+00
1041 5.569549353838e+00
1042 8.354407860003e+00
1043 0.000000000000e+00
1044 4.559269298118e+00
1045 0.000000000000e+00
1046 3.008833732883e+00
1047 0.000000000000e+00
1048 0.000000000000e+00
1049 0.000000000000e+00
1050 0.000000000000e+00
1051 0.000000000000e+00
1052 2.132134486608e+00
1053 0.000000000000e+00
1054 0.000000000000e+00
1055 0.000000000000e+00
1056 0.000000000000e+00
1057 0.000000000000e+00
1058 0.000000000000e+00
1059 1.148780689648e+00
1060 0.000000000000e+00
1061 0.000000000000e+00
1062 0.000000000000e+00
1063 0.000000000000e+00
1064 1.137332786693e+01
1065 0.000000000000e+00
1066 0.000000000000e+00
1067 0.000000000000e+00
1068 0.000000000000e+00
1069 0.000000000000e+00
1070 0.000000000000e+00
1071 0.000000000000e+00
1072 0.000000000000e+00
1073 0.000000000000e+00
1074 3.886177600490e+00
1075 1.256676443772e+01
1076 3.181808857927e+00
1077 1.433858966603e+01
1078 2.665468087150e+01
1079 6.767880761222e+00
1080 0.000000000000e+00
1081 0.000000000000e+00
1082 0.000000000000e+00
1083 0.000000000000e+00
1084 0.000000000000e+00
1085 0.000000000000e+00
1086 4.304042850995e+00
1087 5.614974314331e+00
1088 0.000000000000e+00
1089 0.000000000000e+00
1090 0.000000000000e+00
1091 3.719788621188e+00
1092 0.000000000000e+00
1093 0.000000000000e+00
1094 0.000000000000e+00
1095 0.000000000000e+00
1096 0.000000000000e+00
1097 0.000000000000e+00
1098 5.313192854444e+00
1099 4.004945514016e+00
1100 0.000000000000e+00
1101 0.000000000000e+00
1102 0.000000000000e+00
1103 7.016457524469e+00
1104 0.000000000000e+00
1105 0.000000000000e+00
1106 0.000000000000e+00
1107 0.000000000000e+00
1108 0.000000000000e+00
1109 0.000000000000e+00
1110 0.000000000000e+00
1111 0.000000000000e+00
1112 0.000000000000e+00
1113 0.000000000000e+00
1114 0.000000000000e+00
1115 0.000000000000e+00
1116 0.000000000000e+00
1117 0.000000000000e+00
1118 0.000000000000e+00
1119 0.000000000000e+00
1120 0.000000000000e+00
1121 0.000000000000e+00
1122 0.000000000000e+00
1123 4.004381909500e+00
1124 0.000000000000e+00
1125 0.000000000000e+00
1126 0.000000000000e+00
1127 0.000000000000e+00
1128 0.000000000000e+00
1129 0.000000000000e+00
1130 0.000000000000e+00
1131 0.000000000000e+00
1132 0.000000000000e+00
1133 0.000000000000e+00
1134 0.000000000000e+00
1135 0.000000000000e+00
1136 0.000000000000e+00
1137 0.000000000000e+00
1138 0.000000000000e+00
1139 0.000000000000e+00
1140 0.000000000000e+00
1141 0.000000000000e+00
1142 0.000000000000e+00
1143 0.000000000000e+00
1144 0.000000000000e+00
1145 0.000000000000e+00
1146 0.000000000000e+00
1147 0.000000000000e+00
1148 0.000000000000e+00
1149 0.000000000000e+00
1150 2.940503730910e+00
1151 1.369883198839e+01
1152 1.737147174901e-01
1153 2.969468389690e+00
1154 5.311056803590e+00
1155 0.000000000000e+00
1156 1.060216527992e+01
1157 1.678263371378e+00
1158 1.356502785361e+01
1159 1.558355157422e+01
1160 0.000000000000e+00
1161 0.000000000000e+00
1162 0.000000000000e+00
1163 0.000000000000e+00
1164 0.000000000000e+00
1165 7.998843539545e+00
1166 0.000000000000e+00
1167 0.000000000000e+00
1168 2.573353605658e+00
1169 0.000000000000e+00
1170 0.000000000000e+00
1171 0.000000000000e+00
1172 0.000000000000e+00
1173 0.000000000000e+00
1174 4.551123285485e+00
1175 0.000000000000e+00
1176 0.000000000000e+00
1177 0.000000000000e+00
1178 0.000000000000e+00
1179 5.036421148398e+00
1180 0.000000000000e+00
1181 0.000000000000e+00
1182 0.000000000000e+00
1183 5.882405810746e+00
1184 0.000000000000e+00
1185 0.000000000000e+00
1186 7.262766583923e+00
1187 7.441216713159e-01
1188 2.052284277838e+01
1189 4.369961770325e+00
1190 7.868017468318e+00
1191 1.201451183271e+01
1192 7.195644066414e+00
1193 0.000000000000e+00
1194 9.406394342420e+00
1195 1.060137513615e+01
1196 0.000000000000e+00
1197 1.190298424235e+00
1198 0.000000000000e+00
1199 0.000000000000e+00
1200 1.502940396246e+01
1201 2.739172809087e+00
1202 2.104337089078e+01
1203 0.000000000000e+00
1204 0.000000000000e+00
1205 4.874399595205e+00
1206 5.312777642584e+00
1207 0.000000000000e+00
1208 6.444994047412e+00
1209 4.365453632311e+00
1210 0.000000000000e+00
1211 0.000000000000e+00
1212 0.000000000000e+00
1213 7.979423223330e+00
1214 9.783678411577e+00
1215 3.268358305030e+00
1216 0.000000000000e+00
1217 0.000000000000e+00
1218 1.267586840637e+01
1219 0.000000000000e+00
1220 1.736209091116e+00
1221 4.781241275868e+00
1222 7.669282438857e+00
1223 5.494397636712e+00
1224 1.051004611041e+01
1225 9.235084556641e+00
1226 1.240174467745e+01
1227 4.838702257718e+00
1228 0.000000000000e+00
1229 1.097248705053e+01
1230 0.000000000000e+00
1231 1.099202648923e+01
1232 7.716278684637e+00
1233 0.000000000000e+00
1234 9.001951677735e+00
1235 5.794835955422e+00
1236 0.000000000000e+00
1237 1.984910903900e+00
1238 1.400217265519e+01
1239 0.000000000000e+00
1240 0.000000000000e+00
1241 1.057304776932e+00
1242 0.000000000000e+00
1243 0.000000000000e+00
1244 4.710291800849e+00
1245 6.700440963528e+00
1246 6.603376586239e+00
1247 0.000000000000e+00
1248 0.000000000000e+00
1249 0.000000000000e+00
1250 0.000000000000e+00
1251 0.000000000000e+00
1252 0.000000000000e+00
1253 0.000000000000e+00
1254 0.000000000000e+00
1255 0.000000000000e+00
1256 0.000000000000e+00
1257 0.000000000000e+00
1258 4.097088374327e+00
1259 0.000000000000e+00
1260 0.000000000000e+00
1261 3.754147624475e+00
1262 7.640101790346e+00
1263 1.990288801101e+00
1264 0.000000000000e+00
1265 7.599593846764e+00
1266 0.000000000000e+00
1267 1.093191942746e+01
1268 1.000440016875e+01
1269 0.000000000000e+00
1270 6.216685713163e+00
1271 0.000000000000e+00
1272 0.000000000000e+00
1273 5.148127656644e+00
1274 0.000000000000e+00
1275 0.000000000000e+00
1276 0.000000000000e+00
1277 1.408598877416e+00
1278 1.966357117608e+01
1279 0.000000000000e+00
1280 1.962777013979e+00
1281 0.000000000000e+00
1282 9.348768354024e+00
1283 0.000000000000e+00
1284 0.000000000000e+00
1285 0.000000000000e+00
1286 0.000000000000e+00
1287 0.000000000000e+00
1288 0.000000000000e+00
1289 2.993528247430e+00
1290 7.570392218141e+00
1291 1.265462475386e+01
1292 0.000000000000e+00
1293 0.000000000000e+00
1294 0.000000000000e+00
1295 0.000000000000e+00
1296 0.000000000000e+00
1297 0.000000000000e+00
1298 0.000000000000e+00
1299 0.000000000000e+00
1300 0.000000000000e+00
1301 0.000000000000e+00
1302 0.000000000000e+00
1303 0.000000000000e+00
1304 0.000000000000e+00
1305 0.000000000000e+00
1306 8.411830388693e+00
1307 0.000000000000e+00
1308 0.000000000000e+00
1309 0.000000000000e+00
1310 0.000000000000e+00
1311 0.000000000000e+00
1312 0.000000000000e+00
1313 0.000000000000e+00
1314 0.000000000000e+00
1315 0.000000000000e+00
1316 0.000000000000e+00
1317 0.000000000000e+00
1318 0.000000000000e+00
1319 0.000000000000e+00
1320 0.000000000000e+00
1321 0.000000000000e+00
1322 0.000000000000e+00
1323 0.000000000000e+00
1324 0.000000000000e+00
1325 0.000000000000e+00
1326 0.000000000000e+00
1327 0.000000000000e+00
1328 0.000000000000e+00
1329 0.000000000000e+00
1330 0.000000000000e+00
1331 0.000000000000e+00
1332 0.000000000000e+00
1333 0.000000000000e+00
1334 0.000000000000e+00
1335 0.000000000000e+00
1336 0.000000000000e+00
1337 0.000000000000e+00
1338 0.000000000000e+00
1339 0.000000000000e+00
1340 0.000000000000e+00
1341 0.000000000000e+00
1342 0.000000000000e+00
1343 0.000000000000e+00
1344 0.000000000000e+00
1345 0.000000000000e+00
1346 0.000000000000e+00
1347 0.000000000000e+00
1348 0.000000000000e+00
1349 0.000000000000e+00
1350 0.000000000000e+00
1351 0.000000000000e+00
1352 0.000000000000e+00
1353 0.000000000000e+00
1354 0.000000000000e+00
1355 0.000000000000e+00
1356 0.000000000000e+00
1357 0.000000000000e+00
1358 0.000000000000e+00
1359 0.000000000000e+00
1360 0.000000000000e+00
1361 3.321014187057e+00
1362 0.000000000000e+00
1363 0.000000000000e+00
1364 0.000000000000e+00
1365 1.917844506345e+00
1366 0.000000000000e+00
1367 0.000000000000e+00
1368 0.000000000000e+00
1369 4.347915997991e+00
1370 0.000000000000e+00
1371 0.000000000000e+00
1372 1.139796541570e+01
1373 0.000000000000e+00
1374 3.840391355474e+00
1375 0.000000000000e+00
1376 0.000000000000e+00
1377 0.000000000000e+00
1378 0.000000000000e+00
1379 0.000000000000e+00
1380 0.000000000000e+00
1381 4.813868985722e+00
1382 2.686203997092e+00
1383 0.000000000000e+00
1384 0.000000000000e+00
1385 0.000000000000e+00
1386 0.000000000000e+00
1387 0.000000000000e+00
1388 0.000000000000e+00
1389 0.000000000000e+00
1390 2.246190882286e+00
1391 0.000000000000e+00
1392 2.183272889630e+00
1393 1.400173818574e+01
1394 5.969675756714e+00
1395 4.847972830289e+00
1396 0.000000000000e+00
1397 8.492260444102e+00
1398 6.935550501668e+00
1399 9.070166701038e+00
1400 0.000000000000e+00
1401 0.000000000000e+00
1402 0.000000000000e+00
1403 0.000000000000e+00
1404 1.141865289879e+01
1405 1.948972284130e+00
1406 3.353949016487e+00
1407 0.000000000000e+00
1408 9.777175240246e+00
1409 0.000000000000e+00
1410 6.682992868808e+00
1411 1.301980397982e+01
1412 1.004062613008e+01
1413 0.000000000000e+00
1414 0.000000000000e+00
1415 0.000000000000e+00
1416 4.662382176510e+00
1417 1.442679784179e+00
1418 0.000000000000e+00
1419 1.274153758945e+00
1420 0.000000000000e+00
1421 1.011938931467e+01
1422 0.000000000000e+00
1423 0.000000000000e+00
1424 3.731684904432e+00
1425 0.000000000000e+00
1426 6.388615678733e+00
1427 8.745754835830e+00
1428 0.000000000000e+00
1429 0.000000000000e+00
1430 0.000000000000e+00
1431 0.000000000000e+00
1432 1.033581417797e+01
1433 1.011703745639e+01
1434 0.000000000000e+00
1435 1.967742038637e+00
1436 8.003133865019e+00
1437 0.000000000000e+00
1438 0.000000000000e+00
1439 0.000000000000e+00
1440 0.000000000000e+00
1441 0.000000000000e+00
1442 0.000000000000e+00
1443 1.323926500852e+00
1444 3.148837878803e+00
1445 6.979998149847e+00
1446 9.972229928046e+00
1447 6.978458875933e+00
1448 0.000000000000e+00
1449 6.172738402826e+00
1450 4.152227357959e+00
1451 0.000000000000e+00
1452 1.776101086312e+00
1453 0.000000000000e+00
1454 0.000000000000e+00
1455 0.000000000000e+00
1456 0.000000000000e+00
1457 0.000000000000e+00
1458 0.000000000000e+00
1459 0.000000000000e+00
1460 0.000000000000e+00
1461 0.000000000000e+00
1462 0.000000000000e+00
1463 0.000000000000e+00
1464 0.000000000000e+00
1465 0.000000000000e+00
1466 0.000000000000e+00
1467 0.000000000000e+00
1468 0.000000000000e+00
1469 0.000000000000e+00
1470 0.000000000000e+00
1471 0.000000000000e+00
1472 0.000000000000e+00
1473 0.000000000000e+00
1474 0.000000000000e+00
1475 0.000000000000e+00
1476 0.000000000000e+00
1477 0.000000000000e+00
1478 0.000000000000e+00
1479 0.000000000000e+00
1480 0.000000000000e+00
1481 0.000000000000e+00
1482 0.000000000000e+00
1483 0.000000000000e+00
1484 0.000000000000e+00
1485 0.000000000000e+00
1486 1.295427137961e+01
1487 0.000000000000e+00
1488 0.000000000000e+00
1489 1.317901957803e+01
1490 0.000000000000e+00
1491 0.000000000000e+00
1492 0.000000000000e+00
1493 0.000000000000e+00
1494 0.000000000000e+00
1495 0.000000000000e+00
1496 0.000000000000e+00
1497 0.000000000000e+00
1498 0.000000000000e+00
1499 0.000000000000e+00
1500 0.000000000000e+00
1501 0.000000000000e+00
1502 0.000000000000e+00
1503 6.424933517100e+00
1504 2.790726584572e+01
1505 0.000000000000e+00
1506 0.000000000000e+00
1507 0.000000000000e+00
1508 0.000000000000e+00
1509 6.070779098935e+00
1510 0.000000000000e+00
1511 0.000000000000e+00
1512 0.000000000000e+00
1513 0.000000000000e+00
1514 0.000000000000e+00
1515 0.000000000000e+00
1516 0.000000000000e+00
1517 0.000000000000e+00
1518 0.000000000000e+00
1519 0.000000000000e+00
1520 0.000000000000e+00
1521 0.000000000000e+00
1522 0.000000000000e+00
1523 0.000000000000e+00
1524 0.000000000000e+00
1525 7.341487854764e+00
1526 0.000000000000e+00
1527 0.000000000000e+00
1528 0.000000000000e+00
1529 0.000000000000e+00
1530 0.000000000000e+00
1531 0.000000000000e+00
1532 5.628866149950e+00
1533 0.000000000000e+00
1534 0.000000000000e+00
1535 1.314041875070e+01
1536 3.393078851332e-01
1537 2.095661171417e+01
1538 1.691141505714e+00
1539 0.000000000000e+00
1540 2.421761595037e+00
1541 1.238324250902e+01
1542 0.000000000000e+00
1543 7.132030114498e+00
1544 2.803997747396e+00
1545 0.000000000000e+00
1546 0.000000000000e+00
1547 0.000000000000e+00
1548 0.000000000000e+00
1549 0.000000000000e+00
1550 1.518424400602e+00
1551 0.000000000000e+00
1552 0.000000000000e+00
1553 1.277971141879e+01
1554 0.000000000000e+00
1555 7.041249964520e+00
1556 9.675114382503e+00
1557 1.068230689532e+01
1558 0.000000000000e+00
1559 0.000000000000e+00
1560 0.000000000000e+00
1561 0.000000000000e+00
1562 0.000000000000e+00
1563 0.000000000000e+00
1564 0.000000000000e+00
1565 0.000000000000e+00
1566 1.413367638925e+01
1567 0.000000000000e+00
1568 0.000000000000e+00
1569 0.000000000000e+00
1570 0.000000000000e+00
1571 0.000000000000e+00
1572 0.000000000000e+00
1573 0.000000000000e+00
1574 0.000000000000e+00
1575 0.000000000000e+00
1576 0.000000000000e+00
1577 0.000000000000e+00
1578 0.000000000000e+00
1579 0.000000000000e+00
1580 0.000000000000e+00
1581 0.000000000000e+00
1582 0.000000000000e+00
1583 0.000000000000e+00
1584 0.000000000000e+00
1585 0.000000000000e+00
1586 0.000000000000e+00
1587 0.000000000000e+00
1588 0.000000000000e+00
1589 0.000000000000e+00
1590 0.000000000000e+00
1591 0.000000000000e+00
1592 8.120298049782e+00
1593 2.324960910500e-01
1594 0.000000000000e+00
1595 2.124093567998e+00
1596 4.824688241960e+00
1597 2.880135268490e+00
1598 0.000000000000e+00
1599 0.000000000000e+00
1600 1.030015086313e+01
1601 1.665598620139e+00
1602 0.000000000000e+00
1603 2.112590566416e+01
1604 1.694464441772e+01
1605 0.000000000000e+00
1606 0.000000000000e+00
1607 0.000000000000e+00
1608 4.590611036974e+00
1609 1.435007701383e+00
1610 1.543961671162e+00
1611 1.386917438520e+01
1612 4.522287334291e+00
1613 5.680110808502e+00
1614 1.012591548247e+01
1615 1.143781131327e+01
1616 0.000000000000e+00
1617 8.600278025258e+00
1618 6.698297676785e+00
1619 0.000000000000e+00
1620 4.072865410280e+00
1621 0.000000000000e+00
1622 0.000000000000e+00
1623 1.746084872371e+01
1624 0.000000000000e+00
1625 0.000000000000e+00
1626 0.000000000000e+00
1627 0.000000000000e+00
1628 0.000000000000e+00
1629 0.000000000000e+00
1630 0.000000000000e+00
1631 0.000000000000e+00
1632 0.000000000000e+00
1633 0.000000000000e+00
1634 0.000000000000e+00
1635 0.000000000000e+00
1636 0.000000000000e+00
1637 3.953042074020e+00
1638 0.000000000000e+00
1639 8.575841816181e+00
1640 0.000000000000e+00
1641 0.000000000000e+00
1642 0.000000000000e+00
1643 0.000000000000e+00
1644 0.000000000000e+00
1645 2.393431113640e+01
1646 2.922133903950e+00
1647 5.908465199821e+00
1648 2.508566896880e+00
1649 1.013382713483e+01
1650 0.000000000000e+00
1651 0.000000000000e+00
1652 1.266076606142e+01
1653 0.000000000000e+00
1654 5.270604072759e+00
1655 0.000000000000e+00
1656 0.000000000000e+00
1657 1.215069096770e+01
1658 1.254291468451e-01
1659 0.000000000000e+00
1660 1.503831173166e+00
1661 9.207057969108e+00
1662 1.728946372084e+01
1663 0.000000000000e+00
1664 2.616755268424e+00
1665 0.000000000000e+00
1666 7.737362320391e+00
1667 0.000000000000e+00
1668 0.000000000000e+00
1669 0.000000000000e+00
1670 0.000000000000e+00
1671 1.195841350482e+01
1672 1.349881132047e+00
1673 0.000000000000e+00
1674 1.003865419080e+01
1675 5.345149909082e+00
1676 0.000000000000e+00
1677 0.000000000000e+00
1678 3.900102085079e+00
1679 8.820284750294e+00
1680 0.000000000000e+00
1681 0.000000000000e+00
1682 4.975286278433e-01
1683 0.000000000000e+00
1684 4.714378644711e+00
1685 7.617611663802e+00
1686 1.016571763866e+01
1687 4.804960692138e+00
1688 0.000000000000e+00
1689 0.000000000000e+00
1690 0.000000000000e+00
1691 0.000000000000e+00
1692 0.000000000000e+00
1693 0.000000000000e+00
1694 3.237578446478e+00
1695 0.000000000000e+00
1696 0.000000000000e+00
1697 3.427516035315e+00
1698 3.905529885522e+00
1699 0.000000000000e+00
1700 0.000000000000e+00
1701 2.944451246273e+00
1702 8.517204875435e+00
1703 3.032510953862e+00
1704 9.044138229442e+00
1705 6.364368727720e+00
1706 1.718721239948e+01
1707 6.443986655642e+00
1708 0.000000000000e+00
1709 0.000000000000e+00
1710 0.000000000000e+00
1711 0.000000000000e+00
1712 0.000000000000e+00
1713 0.000000000000e+00
1714 3.042701414541e+00
1715 9.063182928562e+00
1716 0.000000000000e+00
1717 0.000000000000e+00
1718 4.228980382973e+00
1719 0.000000000000e+00
1720 2.209976075502e+01
1721 0.000000000000e+00
1722 0.000000000000e+00
1723 1.962861574919e+01
1724 1.081134087820e+00
1725 3.501412380445e+00
1726 1.513285804174e+01
1727 3.006260826365e+00
1728 1.273799174702e+01
1729 1.715084751564e+00
1730 0.000000000000e+00
1731 0.000000000000e+00
1732 0.000000000000e+00
1733 3.315062146954e+00
1734 1.006875787318e+01
1735 0.000000000000e+00
1736 0.000000000000e+00
1737 4.765014940473e+00
1738 1.050579363074e+01
1739 0.000000000000e+00
1740 0.000000000000e+00
1741 0.000000000000e+00
1742 0.000000000000e+00
1743 0.000000000000e+00
1744 0.000000000000e+00
1745 0.000000000000e+00
1746 3.847672971731e+00
1747 2.313266591600e+01
1748 3.631010096023e+00
1749 0.000000000000e+00
1750 2.985124132373e+00
1751 6.357095284344e+00
1752 7.730945942978e+00
1753 0.000000000000e+00
1754 0.000000000000e+00
1755 0.000000000000e+00
1756 0.000000000000e+00
1757 5.225784619406e+00
1758 0.000000000000e+00
1759 0.000000000000e+00
1760 0.000000000000e+00
1761 4.837851003292e+00
1762 0.000000000000e+00
1763 0.000000000000e+00
1764 1.531072151118e+01
1765 1.501560368377e+00
1766 8.900052099802e-01
1767 0.000000000000e+00
1768 1.229804406325e+01
1769 1.749218472235e+01
1770 0.000000000000e+00
1771 1.431193639639e+00
1772 3.097037206202e+00
1773 9.616291756214e+00
1774 2.514005789246e+00
1775 0.000000000000e+00
1776 0.000000000000e+00
1777 0.000000000000e+00
1778 0.000000000000e+00
1779 0.000000000000e+00
1780 0.000000000000e+00
1781 1.084692405674e+01
1782 8.081316878031e+00
1783 0.000000000000e+00
1784 0.000000000000e+00
1785 0.000000000000e+00
1786 0.000000000000e+00
1787 0.000000000000e+00
1788 0.000000000000e+00
1789 0.000000000000e+00
1790 0.000000000000e+00
1791 0.000000000000e+00
1792 0.000000000000e+00
1793 0.000000000000e+00
1794 0.000000000000e+00
1795 0.000000000000e+00
1796 8.393393796240e+00
1797 0.000000000000e+00
1798 2.039839316549e+00
1799 1.823351603818e+00
1800 0.000000000000e+00
1801 6.256024742965e+00
1802 0.000000000000e+00
1803 8.225159017382e+00
1804 0.000000000000e+00
1805 0.000000000000e+00
1806 0.000000000000e+00
1807 0.000000000000e+00
1808 1.650699665737e+01
1809 0.000000000000e+00
1810 0.000000000000e+00
1811 0.000000000000e+00
1812 0.000000000000e+00
1813 0.000000000000e+00
1814 0.000000000000e+00
1815 0.000000000000e+00
1816 0.000000000000e+00
1817 1.861515536662e+00
1818 0.000000000000e+00
1819 0.000000000000e+00
1820 0.000000000000e+00
1821 0.000000000000e+00
1822 0.000000000000e+00
1823 0.000000000000e+00
1824 0.000000000000e+00
1825 0.000000000000e+00
1826 0.000000000000e+00
1827 0.000000000000e+00
1828 7.440385165431e+00
1829 0.000000000000e+00
1830 0.000000000000e+00
1831 0.000000000000e+00
1832 0.000000000000e+00
1833 2.245893126864e+00
1834 0.000000000000e+00
1835 0.000000000000e+00
1836 0.000000000000e+00
1837 2.747568719888e+00
1838 1.677523321121e+01
1839 1.298062197736e+01
1840 0.000000000000e+00
1841 0.000000000000e+00
1842 0.000000000000e+00
1843 0.000000000000e+00
1844 0.000000000000e+00
1845 0.000000000000e+00
1846 0.000000000000e+00
1847 0.000000000000e+00
1848 0.000000000000e+00
1849 0.000000000000e+00
1850 0.000000000000e+00
1851 0.000000000000e+00
1852 1.811373271315e+01
1853 4.736063257831e-01
1854 2.508738122356e+00
1855 5.927587913716e+00
1856 3.139184567579e+00
1857 8.937986874528e+00
1858 6.300628750394e+00
1859 5.131411093087e+00
1860 1.144984950028e+01
1861 0.000000000000e+00
1862 2.079132089494e+00
1863 8.354221150376e+00
1864 0.000000000000e+00
1865 0.000000000000e+00
1866 0.000000000000e+00
1867 1.159691790332e+01
1868 0.000000000000e+00
1869 1.026730253705e+00
1870 3.232154426318e+00
1871 1.244055521260e+01
1872 8.507540491962e+00
1873 8.579822678318e-01
1874 0.000000000000e+00
1875 1.002303792917e+01
1876 4.645470785723e+00
1877 0.000000000000e+00
1878 1.729840475478e+01
1879 1.939009901667e+01
1880 0.000000000000e+00
1881 0.000000000000e+00
1882 0.000000000000e+00
1883 0.000000000000e+00
1884 0.000000000000e+00
1885 0.000000000000e+00
1886 0.000000000000e+00
1887 0.000000000000e+00
1888 0.000000000000e+00
1889 0.000000000000e+00
1890 0.000000000000e+00
1891 0.000000000000e+00
1892 0.000000000000e+00
1893 0.000000000000e+00
1894 0.000000000000e+00
1895 6.692098646843e+00
1896 0.000000000000e+00
1897 4.029996081153e+00
1898 0.000000000000e+00
1899 0.000000000000e+00
1900 0.000000000000e+00
1901 0.000000000000e+00
1902 0.000000000000e+00
1903 1.194002913945e+01
1904 1.232747580784e+00
1905 0.000000000000e+00
1906 1.508421135780e+00
1907 1.397134432128e+01
1908 6.318122489418e+00
1909 2.376742522281e+01
1910 2.622986629691e+01
1911 1.190875562192e+01
1912 0.000000000000e+00
1913 0.000000000000e+00
1914 4.610012920317e+00
1915 0.000000000000e+00
1916 0.000000000000e+00
1917 0.000000000000e+00
1918 6.875605925857e+00
1919 7.715679828267e+00
1920 0.000000000000e+00
1921 0.000000000000e+00
1922 7.474728029214e+00
1923 7.175598606380e+00
1924 0.000000000000e+00
1925 0.000000000000e+00
1926 0.000000000000e+00
1927 0.000000000000e+00
1928 5.166626778540e+00
1929 6.898025545777e+00
1930 0.000000000000e+00
1931 2.854303140743e+00
1932 7.446386495601e+00
1933 8.920614125919e+00
1934 0.000000000000e+00
1935 2.956447449905e+00
1936 0.000000000000e+00
1937 0.000000000000e+00
1938 0.000000000000e+00
1939 0.000000000000e+00
1940 0.000000000000e+00
1941 3.381831353742e+00
1942 0.000000000000e+00
1943 0.000000000000e+00
1944 1.155600695532e+01
1945 1.037528117416e+01
1946 3.683794965040e+00
1947 1.238879309233e+01
1948 2.212336368893e+00
1949 0.000000000000e+00
1950 0.000000000000e+00
1951 0.000000000000e+00
1952 8.497234468635e+00
1953 0.000000000000e+00
1954 0.000000000000e+00
1955 0.000000000000e+00
1956 0.000000000000e+00
1957 0.000000000000e+00
1958 3.947698367491e+00
1959 1.655177631500e+01
1960 0.000000000000e+00
1961 5.262504033526e+00
1962 4.356096871789e+00
1963 1.088250930827e+01
1964 0.000000000000e+00
1965 0.000000000000e+00
1966 0.000000000000e+00
1967 0.000000000000e+00
1968 1.729245366422e+00
1969 1.308419676595e+00
1970 6.278849551367e+00
1971 1.868219056777e+01
1972 6.628361606024e+00
1973 0.000000000000e+00
1974 5.653649590691e+00
1975 4.076387923012e+00
1976 0.000000000000e+00
1977 0.000000000000e+00
1978 0.000000000000e+00
1979 0.000000000000e+00
1980 0.000000000000e+00
1981 0.000000000000e+00
1982 0.000000000000e+00
1983 0.000000000000e+00
1984 0.000000000000e+00
1985 0.000000000000e+00
1986 0.000000000000e+00
1987 0.000000000000e+00
1988 0.000000000000e+00
1989 0.000000000000e+00
1990 0.000000000000e+00
1991 0.000000000000e+00
1992 0.000000000000e+00
1993 0.000000000000e+00
1994 0.000000000000e+00
1995 0.000000000000e+00
1996 0.000000000000e+00
1997 0.000000000000e+00
1998 0.000000000000e+00
1999 0.000000000000e+00
2000 0.000000000000e+00
2001 0.000000000000e+00
2002 0.000000000000e+00
2003 0.000000000000e+00
2004 0.000000000000e+00
2005 0.000000000000e+00
2006 2.057802389000e+00
2007 0.000000000000e+00
2008 0.000000000000e+00
2009 0.000000000000e+00
2010 0.000000000000e+00
2011 8.940349414094e+00
2012 4.653419127754e+00
2013 0.000000000000e+00
2014 0.000000000000e+00
2015 1.361463093990e+00
2016 8.128903246060e+00
2017 9.528707088007e-01
2018 0.000000000000e+00
2019 3.368256432584e+00
2020 1.308015501626e+01
2021 0.000000000000e+00
2022 0.000000000000e+00
2023 0.000000000000e+00
2024 1.142960135182e+01
2025 0.000000000000e+00
2026 0.000000000000e+00
2027 1.854062374008e+01
2028 1.426928543172e+01
2029 0.000000000000e+00
2030 9.633300964101e-01
2031 0.000000000000e+00
2032 0.000000000000e+00
2033 0.000000000000e+00
2034 0.000000000000e+00
2035 1.286864108437e+01
2036 0.000000000000e+00
2037 7.213655447405e+00
2038 0.000000000000e+00
2039 0.000000000000e+00
2040 0.000000000000e+00
2041 0.000000000000e+00
2042 1.597921559975e+01
2043 0.000000000000e+00
2044 0.000000000000e+00
2045 0.000000000000e+00
2046 0.000000000000e+00
2047 0.000000000000e+00
2048 0.000000000000e+00
2049 0.000000000000e+00
2050 0.000000000000e+00
2051 0.000000000000e+00
2052 0.000000000000e+00
2053 0.000000000000e+00
2054 0.000000000000e+00
2055 0.000000000000e+00
2056 0.000000000000e+00
2057 0.000000000000e+00
2058 0.000000000000e+00
2059 0.000000000000e+00
2060 0.000000000000e+00
2061 0.000000000000e+00
2062 0.000000000000e+00
2063 0.000000000000e+00
2064 0.000000000000e+00
2065 0.000000000000e+00
2066 4.028366177787e+00
2067 0.000000000000e+00
2068 0.000000000000e+00
2069 0.000000000000e+00
2070 8.782324577298e+00
2071 2.261782911647e+01
2072 0.000000000000e+00
2073 4.098662757011e+00
2074 0.000000000000e+00
2075 7.197911820509e+00
2076 0.000000000000e+00
2077 0.000000000000e+00
2078 0.000000000000e+00
2079 0.000000000000e+00
2080 5.295786466828e+00
2081 0.000000000000e+00
2082 0.000000000000e+00
2083 5.099121689471e+00
2084 0.000000000000e+00
2085 1.647483053200e+00
2086 0.000000000000e+00
2087 0.000000000000e+00
2088 5.944452363831e+00
2089 1.264077056903e+00
2090 0.000000000000e+00
2091 1.234007036831e+00
2092 1.267250891409e+01
2093 2.264193193933e+01
2094 6.164765381547e+00
2095 2.375061754160e+00
2096 4.036885915728e+00
2097 1.302355959751e+01
2098 0.000000000000e+00
2099 0.000000000000e+00
2100 0.000000000000e+00
2101 0.000000000000e+00
2102 1.145242786747e+01
2103 5.814342278303e+00
2104 0.000000000000e+00
2105 3.738008304960e+00
2106 1.056620837114e+01
2107 0.000000000000e+00
2108 0.000000000000e+00
2109 0.000000000000e+00
2110 5.098039129752e+00
2111 0.000000000000e+00
2112 0.000000000000e+00
2113 1.375022628335e+00
2114 1.021626174822e+01
2115 2.127539087151e+01
2116 4.027851685747e+00
2117 5.944673210411e+00
2118 0.000000000000e+00
2119 0.000000000000e+00
2120 0.000000000000e+00
2121 0.000000000000e+00
2122 0.000000000000e+00
2123 0.000000000000e+00
2124 0.000000000000e+00
2125 3.677545106360e+00
2126 0.000000000000e+00
2127 0.000000000000e+00
2128 0.000000000000e+00
2129 0.000000000000e+00
2130 0.000000000000e+00
2131 0.000000000000e+00
2132 0.000000000000e+00
2133 0.000000000000e+00
2134 0.000000000000e+00
2135 0.000000000000e+00
2136 0.000000000000e+00
2137 0.000000000000e+00
2138 0.000000000000e+00
2139 0.000000000000e+00
2140 0.000000000000e+00
2141 0.000000000000e+00
2142 0.000000000000e+00
2143 1.774735260304e+00
2144 8.507045128659e+00
2145 3.731003428501e+00
2146 0.000000000000e+00
2147 9.109477502144e+00
2148 1.076428385435e+01
2149 8.211341042168e+00
2150 9.786356252986e+00
2151 0.000000000000e+00
2152 0.000000000000e+00
2153 0.000000000000e+00
2154 1.423306752275e+01
2155 0.000000000000e+00
2156 0.000000000000e+00
2157 0.000000000000e+00
2158 0.000000000000e+00
2159 0.000000000000e+00
2160 0.000000000000e+00
2161 0.000000000000e+00
2162 0.000000000000e+00
2163 0.000000000000e+00
2164 0.000000000000e+00
2165 0.000000000000e+00
2166 0.000000000000e+00
2167 0.000000000000e+00
2168 0.000000000000e+00
2169 0.000000000000e+00
2170 0.000000000000e+00
2171 0.000000000000e+00
2172 0.000000000000e+00
2173 0.000000000000e+00
2174 1.025732363166e+00
2175 1.687047683219e+00
2176 0.000000000000e+00
2177 8.344040770158e+00
2178 4.524134147881e+00
2179 0.000000000000e+00
2180 0.000000000000e+00
2181 3.202041684030e+00
2182 1.108076104931e+01
2183 5.849939195715e+00
2184 7.684876056800e+00
2185 0.000000000000e+00
2186 0.000000000000e+00
2187 6.223566088263e+00
2188 0.000000000000e+00
2189 0.000000000000e+00
2190 3.883479745113e+00
2191 1.909075059266e+01
2192 2.145687955764e+01
2193 0.000000000000e+00
2194 8.012955367735e+00
2195 7.876950560766e+00
2196 0.000000000000e+00
2197 1.114680280426e+01
2198 1.035316691372e+01
2199 3.690966911429e+00
2200 0.000000000000e+00
2201 3.900944002583e+00
2202 4.367195575080e+00
2203 1.377228211392e+00
2204 2.843838087084e+00
2205 6.306786301110e+00
2206 4.321075439721e+00
2207 1.064841099155e+01
2208 4.607201879520e+00
2209 5.814780676255e+00
2210 1.265299283876e+01
2211 5.570404595418e+00
2212 1.091102842699e+01
2213 1.137993740246e+01
2214 0.000000000000e+00
2215 1.033486127330e+01
2216 9.837130360996e+00
2217 9.617769522324e+00
2218 7.344155353132e+00
2219 0.000000000000e+00
2220 0.000000000000e+00
2221 0.000000000000e+00
2222 1.156598594564e+01
2223 0.000000000000e+00
2224 0.000000000000e+00
2225 0.000000000000e+00
2226 0.000000000000e+00
2227 0.000000000000e+00
2228 0.000000000000e+00
2229 0.000000000000e+00
2230 0.000000000000e+00
2231 2.376140027882e+00
2232 0.000000000000e+00
2233 0.000000000000e+00
2234 0.000000000000e+00
2235 0.000000000000e+00
2236 0.000000000000e+00
2237 0.000000000000e+00
2238 0.000000000000e+00
2239 0.000000000000e+00
2240 0.000000000000e+00
2241 0.000000000000e+00
2242 0.000000000000e+00
2243 3.598871491539e+00
2244 0.000000000000e+00
2245 0.000000000000e+00
2246 0.000000000000e+00
2247 0.000000000000e+00
2248 0.000000000000e+00
2249 0.000000000000e+00
2250 1.120692662295e+01
2251 8.345519098114e-01
2252 0.000000000000e+00
2253 4.668464563424e+00
2254 1.284046603570e+01
2255 1.629049555680e+01
2256 0.000000000000e+00
2257 0.000000000000e+00
2258 4.068897147614e-01
2259 0.000000000000e+00
2260 4.587160901237e+00
2261 9.040950427191e+00
2262 0.000000000000e+00
2263 0.000000000000e+00
2264 0.000000000000e+00
2265 0.000000000000e+00
2266 0.000000000000e+00
2267 0.000000000000e+00
2268 4.313706777603e+00
2269 0.000000000000e+00
2270 9.907423471725e+00
2271 0.000000000000e+00
2272 0.000000000000e+00
2273 0.000000000000e+00
2274 0.000000000000e+00
2275 0.000000000000e+00
2276 0.000000000000e+00
2277 0.000000000000e+00
2278 0.000000000000e+00
2279 0.000000000000e+00
2280 0.000000000000e+00
2281 0.000000000000e+00
2282 2.863384112439e+00
2283 0.000000000000e+00
2284 0.000000000000e+00
2285 8.341598451762e+00
2286 0.000000000000e+00
2287 0.000000000000e+00
2288 6.493908454988e+00
2289 7.694900458431e+00
2290 6.341047587308e+00
2291 0.000000000000e+00
2292 3.231470132746e+00
2293 0.000000000000e+00
2294 0.000000000000e+00
2295 0.000000000000e+00
2296 0.000000000000e+00
2297 0.000000000000e+00
2298 0.000000000000e+00
2299 0.000000000000e+00
2300 0.000000000000e+00
2301 4.333380775497e+00
2302 0.000000000000e+00
2303 0.000000000000e+00
2304 0.000000000000e+00
2305 0.000000000000e+00
2306 0.000000000000e+00
2307 0.000000000000e+00
2308 0.000000000000e+00
2309 0.000000000000e+00
2310 0.000000000000e+00
2311 0.000000000000e+00
2312 0.000000000000e+00
2313 2.954208691802e+00
2314 0.000000000000e+00
2315 0.000000000000e+00
2316 5.869767401390e+00
2317 0.000000000000e+00
2318 0.000000000000e+00
2319 0.000000000000e+00
2320 0.000000000000e+00
2321 0.000000000000e+00
2322 0.000000000000e+00
2323 0.000000000000e+00
2324 0.000000000000e+00
2325 0.000000000000e+00
2326 0.000000000000e+00
2327 0.000000000000e+00
2328 0.000000000000e+00
2329 0.000000000000e+00
2330 0.000000000000e+00
2331 0.000000000000e+00
2332 0.000000000000e+00
2333 0.000000000000e+00
2334 0.000000000000e+00
2335 0.000000000000e+00
2336 0.000000000000e+00
2337 0.000000000000e+00
2338 0.000000000000e+00
2339 0.000000000000e+00
2340 0.000000000000e+00
2341 0.000000000000e+00
2342 7.014093842485e+00
2343 0.000000000000e+00
2344 3.067164039102e+00
2345 0.000000000000e+00
2346 0.000000000000e+00
2347 5.081234039664e+00
2348 0.000000000000e+00
2349 4.343477006198e+00
2350 1.404344875665e+00
2351 0.000000000000e+00
2352 0.000000000000e+00
2353 0.000000000000e+00
2354 0.000000000000e+00
2355 1.347717907516e+01
2356 0.000000000000e+00
2357 0.000000000000e+00
2358 0.000000000000e+00
2359 0.000000000000e+00
2360 0.000000000000e+00
2361 0.000000000000e+00
2362 0.000000000000e+00
2363 0.000000000000e+00
2364 0.000000000000e+00
2365 0.000000000000e+00
2366 0.000000000000e+00
2367 1.360661196130e+01
2368 0.000000000000e+00
2369 0.000000000000e+00
2370 0.000000000000e+00
2371 0.000000000000e+00
2372 0.000000000000e+00
2373 0.000000000000e+00
2374 0.000000000000e+00
2375 0.000000000000e+00
2376 0.000000000000e+00
2377 1.283838219272e+01
2378 0.000000000000e+00
2379 0.000000000000e+00
2380 0.000000000000e+00
2381 0.000000000000e+00
2382 0.000000000000e+00
2383 0.000000000000e+00
2384 0.000000000000e+00
2385 0.000000000000e+00
2386 0.000000000000e+00
2387 0.000000000000e+00
2388 0.000000000000e+00
2389 0.000000000000e+00
2390 0.000000000000e+00
2391 0.000000000000e+00
2392 0.000000000000e+00
2393 0.000000000000e+00
2394 0.000000000000e+00
2395 0.000000000000e+00
2396 0.000000000000e+00
2397 0.000000000000e+00
2398 0.000000000000e+00
2399 0.000000000000e+00
2400 0.000000000000e+00
2401 0.000000000000e+00
2402 0.000000000000e+00
2403 0.000000000000e+00
2404 7.630842888205e+00
2405 3.801562892283e+00
2406 0.000000000000e+00
2407 0.000000000000e+00
2408 0.000000000000e+00
2409 6.688685477368e+00
2410 0.000000000000e+00
2411 4.345577839779e+00
2412 0.000000000000e+00
2413 6.681499065077e+00
2414 0.000000000000e+00
2415 0.000000000000e+00
2416 0.000000000000e+00
2417 0.000000000000e+00
2418 0.000000000000e+00
2419 5.761148496755e+00
2420 0.000000000000e+00
2421 0.000000000000e+00
2422 0.000000000000e+00
2423 0.000000000000e+00
2424 0.000000000000e+00
2425 0.000000000000e+00
2426 3.892504101349e+00
2427 0.000000000000e+00
2428 0.000000000000e+00
2429 5.022035250984e+00
2430 3.762988724457e+00
2431 7.541908103001e+00
2432 3.890422757493e+00
2433 7.103552769676e+00
2434 5.857730937072e+00
2435 3.621769289322e+00
2436 1.023203271847e+00
2437 1.380416998198e+01
2438 2.666689980659e+00
2439 0.000000000000e+00
2440 6.103906687242e+00
2441 0.000000000000e+00
2442 1.002151433730e+01
2443 0.000000000000e+00
2444 0.000000000000e+00
2445 0.000000000000e+00
2446 4.887087952225e+00
2447 0.000000000000e+00
2448 0.000000000000e+00
2449 0.000000000000e+00
2450 4.748991284340e+00
2451 0.000000000000e+00
2452 0.000000000000e+00
2453 0.000000000000e+00
2454 6.413482652735e+00
2455 0.000000000000e+00
2456 0.000000000000e+00
2457 0.000000000000e+00
2458 0.000000000000e+00
2459 0.000000000000e+00
2460 0.000000000000e+00
2461 0.000000000000e+00
2462 0.000000000000e+00
2463 5.198791537169e+00
2464 0.000000000000e+00
2465 0.000000000000e+00
2466 0.000000000000e+00
2467 2.867174021949e-01
2468 0.000000000000e+00
2469 4.878003458392e+00
2470 1.734682799589e+01
2471 1.981473894399e+01
2472 0.000000000000e+00
2473 1.986222220981e+00
2474 9.307983452479e+00
2475 0.000000000000e+00
2476 2.655242360678e+00
2477 4.923667997430e+00
2478 5.086226539102e+00
2479 0.000000000000e+00
2480 2.302754492195e+00
2481 1.516616094024e+01
2482 2.806419735980e+00
2483 0.000000000000e+00
2484 0.000000000000e+00
2485 4.679772301619e+00
2486 0.000000000000e+00
2487 1.470214059957e+00
2488 0.000000000000e+00
2489 0.000000000000e+00
2490 0.000000000000e+00
2491 0.000000000000e+00
2492 8.701596225205e+00
2493 0.000000000000e+00
2494 1.033888343227e+01
2495 0.000000000000e+00
2496 3.246464853497e+00
2497 8.265972024332e+00
2498 0.000000000000e+00
2499 9.335183177179e-01
2500 0.000000000000e+00
2501 0.000000000000e+00
2502 0.000000000000e+00
2503 1.430405899806e+00
2504 8.559429420324e-01
2505 2.901555306523e+00
2506 0.000000000000e+00
2507 0.000000000000e+00
2508 1.082446523386e+01
2509 5.906897708941e+00
2510 1.206036860518e+01
2511 2.276304216391e+00
2512 6.676719704214e+00
2513 0.000000000000e+00
2514 0.000000000000e+00
2515 0.000000000000e+00
2516 0.000000000000e+00
2517 0.000000000000e+00
2518 0.000000000000e+00
2519 0.000000000000e+00
2520 0.000000000000e+00
2521 0.000000000000e+00
2522 0.000000000000e+00
2523 0.000000000000e+00
2524 0.000000000000e+00
2525 0.000000000000e+00
2526 0.000000000000e+00
2527 0.000000000000e+00
2528 0.000000000000e+00
2529 0.000000000000e+00
2530 0.000000000000e+00
2531 0.000000000000e+00
2532 0.000000000000e+00
2533 0.000000000000e+00
2534 0.000000000000e+00
2535 0.000000000000e+00
2536 0.000000000000e+00
2537 0.000000000000e+00
2538 2.272911116323e+00
2539 0.000000000000e+00
2540 1.954624353935e+00
2541 0.000000000000e+00
2542 0.000000000000e+00
2543 4.978436179382e+00
2544 0.000000000000e+00
2545 0.000000000000e+00
2546 1.192954371081e+01
2547 7.754082827205e+00
2548 0.000000000000e+00
2549 0.000000000000e+00
2550 0.000000000000e+00
2551 0.000000000000e+00
2552 0.000000000000e+00
2553 0.000000000000e+00
2554 0.000000000000e+00
2555 0.000000000000e+00
2556 0.000000000000e+00
2557 0.000000000000e+00
2558 0.000000000000e+00
2559 0.000000000000e+00
2560 0.000000000000e+00
2561 0.000000000000e+00
2562 0.000000000000e+00
2563 0.000000000000e+00
2564 0.000000000000e+00
2565 0.000000000000e+00
2566 0.000000000000e+00
2567 0.000000000000e+00
2568 0.000000000000e+00
2569 0.000000000000e+00
2570 0.000000000000e+00
2571 0.000000000000e+00
2572 0.000000000000e+00
2573 5.175930449789e+00
2574 6.749868898888e+00
2575 1.355200990669e+01
2576 0.000000000000e+00
2577 0.000000000000e+00
2578 0.000000000000e+00
2579 0.000000000000e+00
2580 0.000000000000e+00
2581 0.000000000000e+00
2582 0.000000000000e+00
2583 0.000000000000e+00
2584 0.000000000000e+00
2585 0.000000000000e+00
2586 0.000000000000e+00
2587 0.000000000000e+00
2588 0.000000000000e+00
2589 0.000000000000e+00
2590 0.000000000000e+00
2591 0.000000000000e+00
2592 0.000000000000e+00
2593 0.000000000000e+00
2594 0.000000000000e+00
2595 0.000000000000e+00
2596 0.000000000000e+00
2597 0.000000000000e+00
2598 0.000000000000e+00
2599 0.000000000000e+00
2600 0.000000000000e+00
2601 0.000000000000e+00
2602 0.000000000000e+00
2603 0.000000000000e+00
2604 0.000000000000e+00
2605 0.000000000000e+00
2606 0.000000000000e+00
2607 0.000000000000e+00
2608 0.000000000000e+00
2609 0.000000000000e+00
2610 0.000000000000e+00
2611 0.000000000000e+00
2612 3.720473102493e-01
2613 3.600515592872e+00
2614 3.078079923208e+00
2615 1.894567635771e+01
2616 2.198744887226e+01
2617 0.000000000000e+00
2618 0.000000000000e+00
2619 0.000000000000e+00
2620 6.369467018617e+00
2621 0.000000000000e+00
2622 0.000000000000e+00
2623 0.000000000000e+00
2624 9.169546783649e+00
2625 0.000000000000e+00
2626 0.000000000000e+00
2627 0.000000000000e+00
2628 5.500045850595e+00
2629 0.000000000000e+00
2630 0.000000000000e+00
2631 0.000000000000e+00
2632 0.000000000000e+00
2633 0.000000000000e+00
2634 0.000000000000e+00
2635 0.000000000000e+00
2636 3.409820670251e+00
2637 2.020820380924e+00
2638 8.118358494595e+00
2639 6.927192911971e+00
2640 0.000000000000e+00
2641 0.000000000000e+00
2642 0.000000000000e+00
2643 0.000000000000e+00
2644 9.342914477847e+00
2645 2.639612477762e+01
2646 0.000000000000e+00
2647 2.146232014414e+00
2648 0.000000000000e+00
2649 0.000000000000e+00
2650 0.000000000000e+00
2651 0.000000000000e+00
2652 0.000000000000e+00
2653 0.000000000000e+00
2654 4.549791879169e+00
2655 0.000000000000e+00
2656 5.117323627322e+00
2657 0.000000000000e+00
2658 0.000000000000e+00
2659 0.000000000000e+00
2660 0.000000000000e+00
2661 6.406334807151e+00
2662 0.000000000000e+00
2663 7.663027713024e+00
2664 0.000000000000e+00
2665 9.190209718795e+00
2666 0.000000000000e+00
2667 3.966972893143e+00
2668 0.000000000000e+00
2669 0.000000000000e+00
2670 0.000000000000e+00
2671 1.086007569734e+00
2672 2.669812953642e+00
2673 4.465673076132e+00
2674 1.531666918483e+01
2675 1.600133800549e+01
2676 1.130654299277e+01
2677 0.000000000000e+00
2678 8.305014382147e+00
2679 0.000000000000e+00
2680 1.057101388145e+01
2681 1.069597919914e+01
2682 0.000000000000e+00
2683 0.000000000000e+00
2684 0.000000000000e+00
2685 0.000000000000e+00
2686 0.000000000000e+00
2687 1.557857812438e+00
2688 3.603602217169e+00
2689 5.651651292857e+00
2690 0.000000000000e+00
2691 1.023260299080e+01
2692 0.000000000000e+00
2693 6.420081908215e+00
2694 0.000000000000e+00
2695 0.000000000000e+00
2696 7.152823968134e+00
2697 2.560015812927e+01
2698 0.000000000000e+00
2699 0.000000000000e+00
2700 0.000000000000e+00
2701 0.000000000000e+00
2702 0.000000000000e+00
2703 0.000000000000e+00
2704 0.000000000000e+00
2705 0.000000000000e+00
2706 0.000000000000e+00
2707 0.000000000000e+00
2708 0.000000000000e+00
2709 0.000000000000e+00
2710 0.000000000000e+00
2711 0.000000000000e+00
2712 0.000000000000e+00
2713 5.428112784640e+00
2714 0.000000000000e+00
2715 0.000000000000e+00
2716 1.743426751070e+00
2717 7.471444734703e+00
2718 2.907857786294e+01
2719 0.000000000000e+00
2720 0.000000000000e+00
2721 1.622383287226e+00
2722 8.453707438777e+00
2723 3.088050292964e+00
2724 0.000000000000e+00
2725 0.000000000000e+00
2726 0.000000000000e+00
2727 7.541971434368e+00
2728 3.444439059635e+00
2729 0.000000000000e+00
2730 0.000000000000e+00
2731 0.000000000000e+00
2732 0.000000000000e+00
2733 0.000000000000e+00
2734 2.177568692226e+00
2735 1.769084734764e+01
2736 0.000000000000e+00
2737 0.000000000000e+00
2738 2.981837686002e+00
2739 1.152465243430e+01
2740 8.626546211938e+00
2741 0.000000000000e+00
2742 0.000000000000e+00
2743 1.041876552762e+01
2744 0.000000000000e+00
2745 0.000000000000e+00
2746 1.819186361819e+01
2747 1.919922590272e+01
2748 0.000000000000e+00
2749 0.000000000000e+00
2750 0.000000000000e+00
2751 4.489090317181e+00
2752 7.757243981664e+00
2753 7.921353666773e-01
2754 0.000000000000e+00
2755 7.134830012848e-01
2756 0.000000000000e+00
2757 0.000000000000e+00
2758 0.000000000000e+00
2759 0.000000000000e+00
2760 0.000000000000e+00
2761 2.767270711889e+00
2762 1.275178374341e+01
2763 1.169198592344e+01
2764 7.698440496759e+00
2765 0.000000000000e+00
2766 1.057093082006e+01
2767 1.465204739973e+00
2768 0.000000000000e+00
2769 0.000000000000e+00
2770 4.303088164952e+00
2771 7.815096283838e+00
2772 0.000000000000e+00
2773 0.000000000000e+00
2774 0.000000000000e+00
2775 4.133403661046e+00
2776 0.000000000000e+00
2777 0.000000000000e+00
2778 0.000000000000e+00
2779 0.000000000000e+00
2780 0.000000000000e+00
2781 0.000000000000e+00
2782 0.000000000000e+00
2783 4.479593907168e-01
2784 5.126250629217e+00
2785 2.640330328373e+00
2786 1.495060880258e+00
2787 2.185405918338e+00
2788 8.138268828362e+00
2789 1.957524572826e+01
2790 2.089179450250e+01
2791 1.050883216105e+01
2792 9.723956322766e+00
2793 1.170440891892e+01
2794 0.000000000000e+00
2795 3.028849509789e+00
2796 5.814464866760e+00
2797 4.747162690037e+00
2798 9.546151477224e-01
2799 0.000000000000e+00
2800 0.000000000000e+00
2801 1.192378781881e+00
2802 5.982683234490e+00
2803 3.588707872614e+00
2804 0.000000000000e+00
2805 9.190973512821e+00
2806 9.781330759564e+00
2807 1.635651758783e+01
2808 2.506073420341e+01
2809 0.000000000000e+00
2810 0.000000000000e+00
2811 3.533235017960e+00
2812 2.902715149983e+00
2813 0.000000000000e+00
2814 0.000000000000e+00
2815 0.000000000000e+00
2816 8.290842425200e+00
2817 0.000000000000e+00
2818 0.000000000000e+00
2819 0.000000000000e+00
2820 0.000000000000e+00
2821 0.000000000000e+00
2822 0.000000000000e+00
2823 0.000000000000e+00
2824 0.000000000000e+00
2825 0.000000000000e+00
2826 0.000000000000e+00
2827 0.000000000000e+00
2828 0.000000000000e+00
2829 0.000000000000e+00
2830 0.000000000000e+00
2831 0.000000000000e+00
2832 0.000000000000e+00
2833 3.703492412898e+00
2834 3.973635718436e+00
2835 1.250961958086e+01
2836 1.383301042746e+01
2837 1.460670393765e+01
2838 0.000000000000e+00
2839 8.131131645048e+00
2840 0.000000000000e+00
2841 2.719840601724e+00
2842 0.000000000000e+00
2843 2.774981397457e+00
2844 0.000000000000e+00
2845 0.000000000000e+00
2846 3.268360590248e+00
2847 9.907567323173e-01
2848 1.716231233250e+01
2849 0.000000000000e+00
2850 8.969409164251e+00
2851 1.411618739823e+00
2852 0.000000000000e+00
2853 0.000000000000e+00
2854 0.000000000000e+00
2855 0.000000000000e+00
2856 0.000000000000e+00
2857 0.000000000000e+00
2858 0.000000000000e+00
2859 0.000000000000e+00
2860 0.000000000000e+00
2861 0.000000000000e+00
2862 0.000000000000e+00
2863 0.000000000000e+00
2864 0.000000000000e+00
2865 0.000000000000e+00
2866 0.000000000000e+00
2867 0.000000000000e+00
2868 0.000000000000e+00
2869 0.000000000000e+00
2870 0.000000000000e+00
2871 0.000000000000e+00
2872 0.000000000000e+00
2873 0.000000000000e+00
2874 0.000000000000e+00
2875 0.000000000000e+00
2876 0.000000000000e+00
2877 3.619986731800e+00
2878 4.981429970177e+00
2879 7.723398683053e+00
2880 1.970735013280e+00
2881 0.000000000000e+00
2882 0.000000000000e+00
2883 0.000000000000e+00
2884 0.000000000000e+00
2885 0.000000000000e+00
2886 3.204875077394e+00
2887 0.000000000000e+00
2888 0.000000000000e+00
2889 0.000000000000e+00
2890 0.000000000000e+00
2891 0.000000000000e+00
2892 0.000000000000e+00
2893 0.000000000000e+00
2894 1.532855259597e+00
2895 3.696862869667e+00
2896 1.224750496001e+01
2897 0.000000000000e+00
2898 2.992596943134e+00
2899 0.000000000000e+00
2900 2.982272427131e+00
2901 5.822644208097e+00
2902 0.000000000000e+00
2903 1.653753490351e+01
2904 2.196620069690e+01
2905 0.000000000000e+00
2906 0.000000000000e+00
2907 0.000000000000e+00
2908 0.000000000000e+00
2909 0.000000000000e+00
2910 0.000000000000e+00
2911 0.000000000000e+00
2912 0.000000000000e+00
2913 0.000000000000e+00
2914 0.000000000000e+00
2915 0.000000000000e+00
2916 0.000000000000e+00
2917 0.000000000000e+00
2918 0.000000000000e+00
2919 0.000000000000e+00
2920 8.248986735851e+00
2921 0.000000000000e+00
2922 0.000000000000e+00
2923 0.000000000000e+00
2924 0.000000000000e+00
2925 0.000000000000e+00
2926 0.000000000000e+00
2927 0.000000000000e+00
2928 0.000000000000e+00
2929 0.000000000000e+00
2930 0.000000000000e+00
2931 0.000000000000e+00
2932 0.000000000000e+00
2933 0.000000000000e+00
2934 0.000000000000e+00
2935 0.000000000000e+00
2936 0.000000000000e+00
2937 0.000000000000e+00
2938 0.000000000000e+00
2939 0.000000000000e+00
2940 0.000000000000e+00
2941 0.000000000000e+00
2942 0.000000000000e+00
2943 0.000000000000e+00
2944 2.254479083087e+00
2945 5.963750842037e+00
2946 0.000000000000e+00
2947 0.000000000000e+00
2948 2.348414360468e+00
2949 8.646407031946e+00
2950 6.957285438046e+00
2951 2.489165893446e+01
2952 2.538799687078e+01
2953 0.000000000000e+00
2954 0.000000000000e+00
2955 0.000000000000e+00
2956 0.000000000000e+00
2957 0.000000000000e+00
2958 0.000000000000e+00
2959 0.000000000000e+00
2960 9.714183017049e+00
2961 2.479051421223e+00
2962 0.000000000000e+00
2963 0.000000000000e+00
2964 9.826151588273e+00
2965 0.000000000000e+00
2966 0.000000000000e+00
2967 0.000000000000e+00
2968 0.000000000000e+00
2969 2.618179836703e+00
2970 0.000000000000e+00
2971 4.216711140292e-01
2972 3.777805531696e+00
2973 1.077425639837e+01
2974 1.515944827728e+01
2975 1.210110480838e+01
2976 3.057336651103e+00
2977 4.178822245199e+00
2978 0.000000000000e+00
2979 6.332537849578e+00
2980 0.000000000000e+00
2981 0.000000000000e+00
2982 0.000000000000e+00
2983 0.000000000000e+00
2984 0.000000000000e+00
2985 0.000000000000e+00
2986 0.000000000000e+00
2987 0.000000000000e+00
2988 0.000000000000e+00
2989 0.000000000000e+00
2990 0.000000000000e+00
2991 0.000000000000e+00
2992 0.000000000000e+00
2993 0.000000000000e+00
2994 1.045615593290e+01
2995 0.000000000000e+00
2996 1.738154856497e+00
2997 7.571752793644e-01
2998 7.369768310681e+00
2999 2.467860432754e+01
3000 0.000000000000e+00
3001 0.000000000000e+00
3002 3.870528961675e+00
3003 8.654438543534e+00
3004 4.541410016697e+00
3005 0.000000000000e+00
3006 0.000000000000e+00
3007 0.000000000000e+00
3008 2.697834621597e+00
3009 1.200700395591e+01
3010 0.000000000000e+00
3011 0.000000000000e+00
3012 0.000000000000e+00
3013 0.000000000000e+00
3014 0.000000000000e+00
3015 1.671447456766e+00
3016 1.639989613506e+01
3017 4.186798743423e+00
3018 0.000000000000e+00
3019 8.936017220951e+00
3020 5.094587350347e+00
3021 1.172014058583e+01
3022 1.321706740861e+01
3023 0.000000000000e+00
3024 0.000000000000e+00
3025 3.065820785291e+00
3026 1.604050193617e+01
3027 0.000000000000e+00
3028 2.625170787375e+00
3029 4.026059050194e+00
3030 1.606684232288e+01
3031 2.034442684450e+01
3032 6.482354020370e+00
3033 4.891932133835e+00
3034 8.181937503781e+00
3035 0.000000000000e+00
3036 2.031304757916e+00
3037 0.000000000000e+00
3038 0.000000000000e+00
3039 3.979195625806e+00
3040 7.165302139102e+00
3041 1.785075976770e+01
3042 0.000000000000e+00
3043 9.540169757200e+00
3044 6.712364119595e+00
3045 1.186723991159e+00
3046 0.000000000000e+00
3047 5.311826132391e-01
3048 6.759796037637e+00
3049 0.000000000000e+00
3050 1.248721405477e+01
3051 0.000000000000e+00
3052 7.546573537419e+00
3053 0.000000000000e+00
3054 0.000000000000e+00
3055 0.000000000000e+00
3056 4.920314935563e+00
3057 0.000000000000e+00
3058 0.000000000000e+00
3059 0.000000000000e+00
3060 1.711148277633e+00
3061 3.817136245202e+00
3062 1.429534924479e+01
3063 1.953358026643e+01
3064 0.000000000000e+00
3065 7.898070742738e+00
3066 4.540868050635e+00
3067 1.188113281388e+01
3068 1.146845985539e+00
3069 0.000000000000e+00
3070 0.000000000000e+00
3071 9.673459539192e+00
3072 0.000000000000e+00
3073 0.000000000000e+00
3074 0.000000000000e+00
3075 0.000000000000e+00
3076 0.000000000000e+00
3077 0.000000000000e+00
3078 0.000000000000e+00
3079 0.000000000000e+00
3080 0.000000000000e+00
3081 0.000000000000e+00
3082 0.000000000000e+00
3083 0.000000000000e+00
3084 0.000000000000e+00
3085 0.000000000000e+00
3086 0.000000000000e+00
3087 0.000000000000e+00
3088 0.000000000000e+00
3089 0.000000000000e+00
3090 0.000000000000e+00
3091 0.000000000000e+00
3092 2.118617553692e+01
3093 2.942543933569e+00
3094 5.758051853221e+00
3095 1.061096304787e+01
3096 2.046992632860e+00
3097 0.000000000000e+00
3098 0.000000000000e+00
3099 1.204333305382e+01
3100 0.000000000000e+00
3101 6.728019690839e+00
3102 0.000000000000e+00
3103 0.000000000000e+00
3104 1.501520530715e+01
3105 0.000000000000e+00
3106 0.000000000000e+00
3107 6.832828130193e-01
3108 0.000000000000e+00
3109 0.000000000000e+00
3110 3.324043986071e+00
3111 1.341446578439e+00
3112 9.636087010685e+00
3113 0.000000000000e+00
3114 0.000000000000e+00
3115 0.000000000000e+00
3116 0.000000000000e+00
3117 0.000000000000e+00
3118 0.000000000000e+00
3119 0.000000000000e+00
3120 0.000000000000e+00
3121 0.000000000000e+00
3122 0.000000000000e+00
3123 0.000000000000e+00
3124 0.000000000000e+00
3125 0.000000000000e+00
3126 2.346811784985e+00
3127 4.181737111230e+00
3128 4.120338697211e+00
3129 9.064076492932e+00
3130 0.000000000000e+00
3131 0.000000000000e+00
3132 9.319472808407e+00
3133 0.000000000000e+00
3134 9.801026649900e+00
3135 0.000000000000e+00
3136 1.019300824903e+01
3137 1.083062180249e+01
3138 4.524348270309e+00
3139 6.733431536666e+00
3140 0.000000000000e+00
3141 1.760424260459e+00
3142 1.715892596954e+01
3143 0.000000000000e+00
3144 0.000000000000e+00
3145 4.159345724114e+00
3146 0.000000000000e+00
3147 0.000000000000e+00
3148 0.000000000000e+00
3149 0.000000000000e+00
3150 0.000000000000e+00
3151 1.052036659919e+01
3152 6.438796185825e+00
3153 1.136520184651e+01
3154 0.000000000000e+00
3155 3.011089315458e+00
3156 7.936710216529e+00
3157 8.464505395392e+00
3158 0.000000000000e+00
3159 5.318914056082e-01
3160 5.311202199499e+00
3161 8.045493810261e+00
3162 5.105352610953e+00
3163 9.798391261971e+00
3164 1.201449317142e+01
3165 0.000000000000e+00
3166 7.749852887477e+00
3167 7.942889951553e+00
3168 9.056867706472e+00
3169 0.000000000000e+00
