16.617 55.653 26.668
15.578 54.605 26.879
16.2 53.261 27.235
17.408 53.052 27.083
14.716 54.477 25.626
16.508 56.36 27.363
17.519 55.234 26.745
16.499 56.046 25.759
14.986 54.904 27.636
14.842 53.57 25.227
13.755 54.604 25.869
14.988 55.174 24.963
15.369 52.338 27.723
15.891 51.011 28.063
16.213 50.333 26.725
15.547 50.632 25.742
14.923 50.166 28.879
15.426 48.762 29.189
14.319 47.733 29.313
16.047 48.476 28.454
16.738 51.129 28.553
15.936 48.789 30.053
14.396 52.622 27.832
14.06 50.079 28.373
14.743 50.628 29.751
14.856 46.884 27.572
13.547 47.741 30.27
14.194 46.823 28.355
13.485 46.107 28.391
17.225 49.484 26.709
17.614 48.734 25.54
16.503 47.836 24.995
15.985 46.943 25.669
18.8 47.801 25.877
19.35 47.126 24.629
19.896 48.574 26.587
17.862 49.392 24.804
19.28 46.133 24.728
19.84 48.401 27.571
18.454 47.079 26.473
18.823 47.419 23.831
20.309 47.381 24.506
17.727 49.403 27.633
20.788 48.276 26.245
19.78 49.552 26.412
16.199 48.018 23.715
15.297 47.108 23.005
16.151 46.349 21.982
16.658 46.947 21.038
14.128 47.823 22.323
13.425 48.795 23.275
13.139 46.773 21.834
12.373 49.679 22.641
14.994 46.44 23.668
12.393 47.23 21.354
13.611 46.148 21.216
14.491 48.354 21.557
12.998 48.26 24.012
14.127 49.382 23.694
11.658 49.108 22.24
16.644 48.841 23.27
11.975 50.273 23.339
12.784 46.272 22.621
12.795 50.236 21.928
16.365 45.056 22.208
17.242 44.296 21.312
16.779 42.869 21.091
17.578 41.987 20.786
18.649 44.38 21.935
18.777 43.433 23.125
17.216 44.763 20.411
15.888 44.657 23.021
18.796 45.304 22.249
19.309 44.118 21.25
17.79 43.141 23.792
19.989 42.938 23.324
20.145 42.301 24.09
20.745 43.19 22.725
15.492 42.62 21.268
14.853 41.326 21.055
14.07 41.374 19.745
13.551 42.431 19.385
13.861 40.963 22.18
12.949 42.054 22.385
14.563 40.659 23.496
15.562 40.628 20.972
15.237 39.929 23.361
15.031 41.481 23.829
14.94 43.469 21.59
13.321 40.148 21.891
13.891 40.364 24.18
13.414 42.813 22.851
13.897 40.257 19.06
13.203 40.165 17.783
11.855 40.878 17.794
11.593 41.74 16.956
12.971 38.701 17.392
14.223 37.942 17.054
14.931 38.258 15.896
14.693 36.915 17.858
16.088 37.573 15.57
15.842 36.227 17.526
16.54 36.558 16.383
17.378 36.061 16.142
13.778 40.642 17.099
16.594 37.824 14.732
16.169 35.475 18.127
14.319 39.404 19.531
14.19 36.672 18.691
14.603 38.983 15.299
12.382 38.692 16.595
12.536 38.25 18.159
11.018 40.529 18.774
9.697 41.121 18.876
9.732 42.586 19.232
9.056 43.382 18.574
8.792 40.334 19.84
8.261 39.113 19.093
7.596 39.286 18.05
8.564 37.981 19.525
11.389 39.821 19.431
9.265 41.045 17.959
8.045 40.902 20.089
9.333 40.035 20.59
10.571 42.973 20.188
10.649 44.382 20.553
11.115 45.209 19.352
10.54 46.261 19.079
11.128 42.23 20.621
9.747 44.706 20.845
11.299 44.501 21.306
12.169 44.761 18.686
12.704 45.483 17.534
11.721 45.475 16.374
11.391 46.551 15.876
14.072 44.914 17.11
14.703 45.739 16.006
14.996 44.863 18.327
12.855 46.441 17.809
14.386 45.41 15.116
15.5 45.723 18.39
13.916 43.998 16.741
14.445 46.7 16.114
15.7 45.658 16.052
12.573 43.876 19.043
14.445 44.732 19.15
15.634 44.102 18.221
11.116 44.326 16.076
10.138 44.239 14.99
8.956 45.173 15.232
8.582 45.958 14.357
9.674 42.802 14.771
11.391 43.52 16.664
10.588 44.507 14.129
10.468 42.196 14.752
9.066 42.532 15.516
9.185 42.739 13.902
8.4 45.162 16.444
7.293 46.054 16.781
7.7 47.507 16.581
7.048 48.283 15.882
6.83 45.827 18.22
6.192 44.475 18.447
5.605 43.889 17.519
6.302 43.966 19.588
8.812 44.483 17.108
6.55 45.863 16.132
6.167 46.538 18.444
7.627 45.91 18.815
8.843 47.874 17.16
9.408 49.21 17.005
9.63 49.593 15.547
9.268 50.704 15.148
10.714 49.28 17.796
11.123 50.663 18.238
11.738 51.539 17.35
10.904 51.087 19.55
12.121 52.806 17.75
11.289 52.351 19.965
11.888 53.199 19.057
12.271 54.455 19.462
8.758 49.877 17.409
12.559 53.431 17.106
11.136 52.642 20.906
9.295 47.126 17.731
10.462 50.468 20.196
11.907 51.247 16.406
11.447 48.906 17.222
10.615 48.706 18.613
13.228 54.601 19.218
10.225 48.72 14.733
10.448 49.016 13.321
9.14 49.317 12.593
9.035 50.303 11.877
11.155 47.869 12.6
12.653 47.698 12.854
13.12 46.316 12.417
13.443 48.791 12.135
13.155 49.686 12.473
14.418 48.665 12.311
13.27 48.734 11.153
10.509 47.83 15.184
12.943 46.197 11.44
14.101 46.224 12.591
12.624 45.617 12.932
11.042 49.829 13.253
12.833 47.815 13.831
11.034 48.005 11.616
10.709 47.015 12.873
8.116 48.49 12.784
6.841 48.718 12.113
6.052 49.872 12.69
5.352 50.57 11.954
6.028 47.424 12.146
6.736 46.33 11.348
5.702 45.307 10.913
7.142 46.732 10.55
7.041 48.932 11.138
7.396 45.892 11.927
8.297 47.703 13.425
5.147 47.585 11.733
5.944 47.119 13.08
6.284 45.546 8.99
4.99 44.822 11.796
5.654 45.049 9.615
4.993 44.361 9.243
6.142 50.085 14.005
5.412 51.186 14.616
6.059 52.536 14.368
5.315 53.498 14.127
5.25 50.969 16.13
4.719 49.656 16.309
4.314 51.984 16.764
4.475 51.205 14.223
3.823 52.489 16.049
3.648 51.515 17.35
6.745 49.431 14.518
6.162 51.009 16.565
4.84 52.633 17.32
5.438 48.964 16.175
7.382 52.656 14.488
7.986 53.985 14.325
8.798 54.16 13.053
9.32 55.239 12.743
8.809 54.326 15.575
8.026 54.142 16.86
6.985 55.008 17.191
8.32 53.099 17.735
6.267 54.853 18.363
7.6 52.938 18.898
6.577 53.816 19.21
5.874 53.629 20.38
7.229 54.67 14.315
5.528 55.491 18.589
7.815 52.182 19.525
7.898 51.806 14.688
9.057 52.467 17.513
6.753 55.758 16.566
9.088 55.275 15.514
9.598 53.726 15.601
6.436 53.108 21.019
8.96 53.104 12.282
9.71 53.124 11.032
11.148 53.585 11.201
11.672 54.351 10.39
8.995 53.998 9.998
7.801 53.304 9.411
7.49 52.001 9.727
6.858 53.726 8.533
6.397 51.644 9.071
5.999 52.671 8.341
8.007 51.418 10.352
6.799 54.622 8.11
8.497 52.23 12.646
5.953 50.756 9.119
9.722 52.18 10.654
9.629 54.214 9.259
8.687 54.839 10.437
11.792 53.067 12.232
13.2 53.336 12.509
13.642 52.308 13.552
12.796 51.564 14.057
13.438 54.767 12.966
12.695 55.164 14.225
13.099 56.529 14.752
12.273 56.874 15.987
12.432 58.304 16.384
13.728 53.2 11.683
11.306 56.693 15.791
12.566 56.288 16.747
11.705 55.172 14.033
12.87 54.476 14.941
12.482 58.366 17.38
13.272 58.666 15.982
11.648 58.827 16.053
12.925 57.21 14.058
14.053 56.508 15.008
11.206 52.443 12.839
13.156 55.384 12.226
14.42 54.885 13.131
14.936 52.199 13.794
15.413 51.245 14.792
15.406 51.954 16.142
15.6 53.168 16.173
16.852 50.804 14.511
17.068 49.663 13.516
18.472 49.741 12.937
16.832 48.31 14.174
15.893 48.263 14.515
16.979 47.582 13.504
17.468 48.193 14.937
15.55 52.813 13.246
19.144 49.666 13.675
18.609 48.993 12.287
18.592 50.616 12.466
14.781 50.481 14.833
16.4 49.743 12.78
17.259 50.52 15.382
17.352 51.601 14.161
15.244 51.196 17.213
15.358 51.723 18.561
16.677 52.457 18.716
17.658 52.149 18.029
15.325 50.484 19.452
14.677 49.427 18.637
15.03 49.728 17.205
15.015 48.514 18.902
14.585 52.325 18.781
14.285 49.49 16.584
15.865 49.258 16.925
13.676 49.439 18.767
14.801 50.667 20.293
16.26 50.215 19.718
16.771 53.369 19.667
17.952 54.179 19.917
19.242 53.471 20.26
20.331 54.042 20.072
17.623 55.191 21.029
16.653 56.269 20.604
16.537 56.632 19.41
15.973 56.783 21.523
15.89 53.465 20.249
18.128 54.72 19.05
18.479 55.617 21.312
17.229 54.683 21.792
19.247 52.247 20.75
20.458 51.507 21.066
21.147 50.832 19.877
21.969 49.921 20.041
20.074 50.495 22.157
18.9 49.626 21.757
21.129 52.178 21.449
18.284 51.841 20.897
19.833 51.002 22.98
20.861 49.911 22.33
17.736 50.032 21.796
19.203 48.405 21.339
18.471 47.777 21.053
20.155 48.104 21.307
20.897 51.244 18.639
21.531 50.707 17.457
22.399 51.761 16.765
21.998 52.902 16.584
20.536 50.131 16.428
19.925 48.829 16.92
20.598 47.623 16.786
18.681 48.821 17.529
20.05 46.445 17.239
18.126 47.641 17.99
18.812 46.46 17.845
18.251 45.292 18.305
22.133 49.945 17.73
20.547 45.579 17.131
17.223 47.65 18.429
20.175 52.019 18.595
18.179 49.677 17.638
21.503 47.611 16.349
21.026 49.949 15.594
19.813 50.786 16.298
18.838 44.525 18.053
23.607 51.378 16.384
24.571 52.202 15.696
25.201 51.405 14.547
25.451 50.208 14.684
25.715 52.748 16.566
26.413 51.638 17.356
25.211 53.843 17.497
27.726 52.107 17.955
24.063 52.951 15.269
25.988 54.232 17.989
24.763 54.549 16.953
26.392 53.166 15.959
25.812 51.342 18.085
26.595 50.883 16.74
27.551 52.87 18.574
23.816 50.361 16.641
28.145 51.354 18.459
24.562 53.445 18.142
28.336 52.401 17.222
25.442 52.086 13.424
26.022 51.398 12.275
27.481 51.029 12.518
28.09 51.431 13.514
25.907 52.235 10.993
26.795 53.354 11.116
24.469 52.701 10.795
25.502 50.547 12.116
24.268 53.455 11.424
24.342 53.016 9.852
25.196 53.078 13.444
26.21 51.674 10.204
23.839 51.943 10.977
26.379 54.069 11.687
28.043 50.254 11.589
29.435 49.833 11.713
30.376 51.034 11.664
31.305 51.125 12.472
29.814 48.806 10.647
29.044 47.5 10.667
29.014 46.838 9.291
28.384 45.457 9.373
27.963 44.891 8.068
29.557 49.365 12.596
29.049 44.824 9.809
27.576 45.506 9.988
29.478 46.871 11.314
28.102 47.675 10.958
27.846 45.631 7.405
28.662 44.256 7.738
27.096 44.404 8.179
29.943 46.745 8.961
28.473 47.399 8.679
27.428 49.99 10.806
30.795 48.595 10.754
29.684 49.234 9.743
30.153 51.984 10.769
30.974 53.175 10.673
30.989 53.998 11.96
32.071 54.34 12.445
30.509 54.095 9.53
30.759 53.439 8.3
29.336 51.8 10.14
31.929 52.887 10.483
31.028 54.93 9.567
29.543 54.254 9.626
30.911 52.465 8.466
29.81 54.351 12.474
29.707 55.104 13.716
30.426 54.37 14.849
31.311 54.937 15.493
28.255 55.35 14.123
27.375 55.847 13.002
25.889 55.84 13.282
25.363 54.91 13.934
25.229 56.798 12.826
27.633 56.787 12.796
30.116 56.015 13.598
27.528 55.27 12.204
28.987 54.045 11.917
28.256 56.033 14.833
27.886 54.493 14.44
30.163 53.07 14.996
30.891 52.277 15.993
32.401 52.424 15.795
33.146 52.63 16.762
30.475 50.821 15.929
29.438 52.69 14.377
30.654 52.614 16.908
31.288 50.24 15.871
29.957 50.582 16.751
29.903 50.669 15.122
32.882 52.333 14.558
34.305 52.503 14.284
34.742 53.924 14.623
35.727 54.08 15.352
34.686 52.142 12.85
34.635 50.654 12.544
34.67 50.376 11.057
35.422 50.212 12.971
34.814 51.875 14.88
33.791 50.278 12.921
32.176 52.136 13.827
35.621 52.464 12.674
34.059 52.61 12.222
33.436 48.803 11.299
35.343 51.088 10.308
33.957 49.354 10.612
33.926 49.121 9.624
33.927 54.939 14.336
34.28 56.314 14.669
34.473 56.547 16.166
35.203 57.469 16.543
33.289 57.317 14.101
33.043 54.67 13.867
35.148 56.55 14.194
33.709 58.224 14.074
33.03 57.044 13.175
32.473 57.346 14.679
33.873 55.75 17.031
34.033 55.814 18.464
35.062 54.822 18.996
35.236 54.768 20.219
32.705 55.542 19.182
31.53 56.456 18.825
30.204 55.761 19.111
31.627 57.766 19.594
32.482 58.229 19.36
30.855 58.354 19.353
31.608 57.58 20.576
33.239 55.031 16.565
30.151 55.53 20.083
29.449 56.372 18.872
30.141 54.925 18.566
34.339 56.75 18.718
31.581 56.686 17.854
32.865 55.632 20.162
32.43 54.607 18.968
35.713 54.027 18.15
36.724 53.116 18.658
36.487 51.638 18.527
37.377 50.852 18.888
35.449 54.114 17.164
37.634 53.353 18.207
36.894 53.343 19.662
35.345 51.191 18.017
35.11 49.757 17.847
36.1 49.127 16.871
36.319 49.592 15.759
33.676 49.486 17.391
33.306 48.047 17.233
33.484 47.062 18.164
32.699 47.42 16.098
33.023 45.867 17.679
32.544 46.054 16.408
32.269 47.875 14.849
31.972 45.141 15.525
31.702 46.968 13.969
31.558 45.615 14.309
31.144 44.994 13.644
35.247 49.316 18.745
33.032 44.995 18.17
32.365 48.833 14.59
31.392 47.287 13.077
31.875 44.176 15.785
33.891 47.195 19.066
34.66 51.918 17.759
33.532 49.929 16.503
33.045 49.882 18.062
36.731 48.058 17.316
37.643 47.21 16.581
37.058 45.795 16.701
37.129 45.183 17.762
39.091 47.177 17.075
39.924 46.22 16.225
39.738 48.557 17.064
37.62 47.463 15.629
40.244 46.696 15.407
39.488 49.044 17.9
39.093 46.813 18.001
40.709 45.903 16.756
39.362 45.438 15.959
36.494 47.851 18.351
40.731 48.454 17.018
39.414 49.066 16.267
36.43 45.32 15.639
35.65 44.097 15.638
36.349 42.883 16.213
35.722 42.131 16.975
35.137 43.82 14.231
36.546 45.918 14.775
34.791 44.26 16.177
35.877 43.955 13.573
34.81 42.877 14.175
34.387 44.446 14.02
37.628 42.673 15.893
38.36 41.528 16.419
38.76 41.716 17.88
39.153 40.742 18.521
39.583 41.204 15.564
40.3 42.362 15.194
38.039 43.377 15.256
37.755 40.718 16.367
39.278 40.731 14.735
40.187 40.599 16.085
39.726 43.17 15.328
38.642 42.918 18.428
38.881 43.162 19.838
37.606 42.892 20.639
37.646 42.638 21.843
39.382 44.591 20.082
40.815 44.659 20.584
41.457 46.018 20.321
42.405 45.944 19.131
43.224 47.176 18.953
39.599 42.541 20.165
43.021 45.155 19.256
41.863 45.786 18.294
40.825 44.486 21.572
41.358 43.953 20.124
43.474 47.271 17.99
42.692 47.971 19.241
44.051 47.106 19.509
41.974 46.289 21.121
40.744 46.675 20.118
38.363 43.671 17.756
38.789 45.015 20.762
39.325 45.09 19.222
36.461 42.994 19.976
35.163 42.785 20.591
34.938 43.767 21.735
34.443 43.383 22.794
36.577 43.241 18.961
34.438 42.908 19.903
35.103 41.844 20.947
35.234 45.033 21.486
35.156 46.097 22.464
33.974 47.034 22.313
33.993 48.129 22.877
36.467 46.908 22.369
36.663 47.639 21.06
35.067 45.653 23.384
35.54 45.204 20.486
37.231 46.271 22.502
36.468 47.578 23.117
35.997 47.365 20.06
37.579 48.611 21.019
37.741 49.121 20.191
38.109 48.82 21.85
32.938 46.652 21.57
31.81 47.543 21.321
31.138 48.09 22.573
30.841 49.284 22.628
30.751 46.889 20.422
29.587 47.827 20.056
30.084 49.019 19.257
28.51 47.061 19.306
28.162 46.32 19.881
27.759 47.679 19.073
28.894 46.676 18.466
33.002 45.688 21.193
30.517 48.701 18.413
29.313 49.616 19.029
30.751 49.532 19.798
32.145 48.335 20.768
29.155 48.145 20.9
30.371 46.122 20.906
31.188 46.62 19.582
30.886 47.258 23.571
30.284 47.697 24.824
31.193 48.663 25.587
30.693 49.564 26.266
29.892 46.506 25.673
31.154 46.265 23.386
29.415 48.172 24.62
28.944 46.606 25.978
29.979 45.665 25.137
30.491 46.449 26.473
32.509 48.549 25.469
33.451 49.473 26.063
33.325 50.874 25.448
33.211 51.841 26.207
34.906 49.051 25.881
35.32 47.719 26.442
34.547 47.068 27.175
36.468 47.282 26.157
32.812 47.715 24.897
33.215 49.566 27.039
35.487 49.772 26.299
35.101 49.056 24.883
33.409 50.985 24.124
33.383 52.278 23.458
31.989 52.831 23.184
31.864 53.994 22.787
34.141 52.277 22.105
35.559 51.743 22.251
33.4 51.493 21.029
33.87 52.95 24.056
36.212 52.462 22.014
33.881 51.593 20.159
34.214 53.226 21.803
35.711 51.453 23.196
35.687 50.963 21.639
33.493 50.08 23.618
33.368 50.528 21.288
32.47 51.85 20.943
30.953 52.015 23.329
29.583 52.433 23.031
28.602 51.65 23.901
27.858 50.777 23.448
29.305 52.228 21.546
31.194 51.06 23.67
29.489 53.408 23.241
28.707 51.436 21.425
28.859 53.042 21.175
30.166 52.071 21.065
28.639 51.939 25.199
27.813 51.26 26.179
26.35 51.187 25.779
25.76 52.097 25.206
28.022 52.023 27.48
29.258 52.826 27.304
29.509 52.956 25.835
29.151 53.741 27.733
28.176 50.327 26.372
30.475 52.777 25.604
29.27 53.874 25.496
30.043 52.374 27.765
28.115 51.382 28.258
27.227 52.621 27.673
25.772 50.001 25.953
24.397 49.697 25.642
24.046 49.758 24.168
22.857 49.787 23.83
26.438 49.274 26.355
24.168 48.762 25.998
23.783 50.34 26.155
25.028 49.76 23.274
24.764 49.875 21.853
24.94 48.536 21.148
25.709 47.677 21.552
25.67 50.933 21.204
25.51 52.326 21.788
24.131 52.89 21.488
24.121 54.406 21.486
22.765 54.936 21.802
23.813 50.186 21.718
24.771 54.739 22.171
24.399 54.734 20.582
25.632 52.281 22.779
26.2 52.929 21.391
22.531 54.705 22.746
22.764 55.929 21.69
22.097 54.527 21.181
23.493 52.568 22.184
23.841 52.568 20.589
25.983 49.673 23.678
25.452 50.97 20.231
26.617 50.645 21.327
24.219 48.399 20.052
24.315 47.235 19.184
24.503 47.723 17.746
24.066 48.806 17.353
23.062 46.371 19.263
22.916 45.752 20.53
23.57 49.199 19.857
25.127 46.718 19.438
23.116 45.659 18.561
22.261 46.946 19.091
22.049 45.256 20.56
25.19 46.892 16.98
25.407 47.112 15.566
24.071 46.903 14.863
23.476 45.856 15.09
26.432 46.104 15.001
27.786 46.285 15.7
26.559 46.223 13.486
28.475 47.595 15.358
25.635 48.073 15.457
27.184 45.518 13.159
25.658 46.099 13.076
26.103 45.19 15.2
27.64 46.244 16.685
28.38 45.531 15.428
27.89 48.355 15.634
25.567 46.053 17.491
29.345 47.645 15.845
26.915 47.128 13.263
28.637 47.634 14.374
23.619 47.844 14.054
22.404 47.69 13.271
22.187 48.887 12.352
22.771 49.951 12.58
24.209 48.71 14.024
22.464 46.852 12.714
21.613 47.599 13.889
21.427 48.739 11.271
21.12 49.887 10.43
21.798 49.871 9.074
21.387 50.607 8.174
21.092 47.784 11.092
20.107 49.941 10.297
21.383 50.743 10.925
22.838 49.062 8.918
23.538 48.974 7.645
22.701 48.227 6.606
21.892 47.335 6.9
24.883 48.252 7.813
25.907 49.109 8.54
26.181 50.243 8.097
26.463 48.668 9.567
23.1 48.515 9.757
23.659 49.913 7.302
25.229 48.036 6.911
24.724 47.429 8.34
22.944 48.599 5.357
22.341 47.953 4.197
22.659 46.458 4.22
23.832 46.112 4.442
22.974 48.507 2.905
22.59 49.981 2.717
22.622 47.719 1.65
23.789 50.754 2.196
21.351 48.035 4.31
23.125 48.1 0.877
22.877 46.764 1.786
23.961 48.457 3.001
21.861 50.036 2.065
22.328 50.348 3.588
24.074 50.368 1.321
23.613 49.405 5.272
23.535 51.712 2.075
21.64 47.791 1.488
24.536 50.684 2.854
21.627 45.646 3.996
21.861 44.2 3.905
21.68 43.851 2.428
20.727 44.295 1.789
20.988 43.367 4.828
21.041 41.881 4.606
22.191 41.166 4.916
19.95 41.202 4.083
22.248 39.799 4.702
20.006 39.839 3.878
21.15 39.13 4.188
21.19 38.143 4.045
22.81 44.047 4.121
23.095 39.296 4.922
19.195 39.356 3.493
20.715 46.091 3.899
19.118 41.708 3.855
22.981 41.637 5.296
20.043 43.658 4.702
21.276 43.543 5.766
22.671 43.184 1.858
22.702 42.957 0.42
22.065 41.682 -0.068
22.11 41.436 -1.272
24.159 43.044 -0.071
24.439 44.411 -0.344
23.405 42.845 2.508
22.213 43.746 -0.026
24.245 42.523 -0.897
24.752 42.726 0.642
23.603 44.947 -0.242
21.538 40.839 0.817
20.822 39.637 0.408
21.622 38.873 -0.627
21.152 38.539 -1.717
19.497 40.134 -0.176
18.402 39.09 -0.234
20.744 39.048 1.219
21.68 41.11 1.812
19.671 40.466 -1.108
19.176 40.903 0.386
18.55 38.005 0.337
17.311 39.456 -0.903
16.537 38.812 -0.979
17.256 40.354 -1.326
22.888 38.603 -0.322
23.841 38.05 -1.274
23.459 36.705 -1.845
23.681 36.421 -3.027
25.238 38.056 -0.637
25.676 39.48 -0.316
26.899 39.545 0.58
27.105 40.912 1.053
27.627 41.915 0.367
28.027 41.757 -0.882
27.737 43.111 0.923
24.925 39.96 0.146
23.946 38.715 -2.047
26.815 41.113 2.016
25.889 39.961 -1.171
28.147 43.87 0.419
27.406 43.262 1.859
23.143 38.825 0.673
27.685 39.258 0.052
26.749 38.948 1.355
28.439 42.527 -1.382
27.922 40.873 -1.339
25.873 37.676 -1.28
25.198 37.549 0.201
22.839 35.865 -1.033
22.363 34.555 -1.437
20.967 34.608 -2.037
20.443 33.583 -2.464
22.362 33.624 -0.214
23.736 33.47 0.42
24.624 32.514 -0.339
24.134 31.923 -1.316
25.805 32.304 0
24.173 34.351 0.421
23.003 34.154 -2.114
23.617 33.113 1.328
22.718 36.234 -0.051
22.069 32.739 -0.515
21.765 34.016 0.456
20.293 35.746 -1.984
18.972 35.947 -2.514
17.881 35.146 -1.829
16.923 34.718 -2.497
20.835 36.525 -1.497
18.731 36.944 -2.461
18.968 35.72 -3.515
17.967 34.934 -0.515
16.912 34.179 0.16
15.772 35.109 0.544
14.652 34.607 0.654
17.408 33.385 1.354
18.402 32.269 1.066
19.495 32.301 2.122
20.304 31.018 2.196
21.554 31.243 3.007
16.562 33.479 -0.468
19.761 30.31 2.634
20.564 30.737 1.278
17.935 31.398 1.11
18.807 32.415 0.176
22.267 31.599 2.408
21.355 31.9 3.73
21.842 30.375 3.403
19.073 32.462 3.018
20.12 33.059 1.915
18.788 35.324 -0.051
16.607 32.975 1.816
17.843 34.026 2.003
16.001 36.401 0.771
14.849 37.255 1.11
14.267 37.748 -0.223
14.973 37.803 -1.23
15.164 38.381 2.061
15.899 38.094 3.369
16.188 39.385 4.113
15.109 37.141 4.256
14.97 36.275 3.776
15.616 36.974 5.102
14.221 37.546 4.475
16.955 36.719 0.697
15.328 39.853 4.322
16.669 39.181 4.967
16.759 39.98 3.546
14.169 36.704 1.564
16.76 37.628 3.162
14.29 38.833 2.312
15.721 39.067 1.56
12.97 38.01 -0.233
12.246 38.405 -1.421
12.687 39.741 -1.988
12.801 40.727 -1.261
10.782 38.419 -0.973
10.824 38.604 0.505
12.078 37.905 0.954
10.856 39.581 0.739
12.304 37.679 -2.138
11.908 36.945 1.173
12.494 38.36 1.738
10.013 38.196 0.936
10.33 37.554 -1.216
10.284 39.173 -1.417
12.936 39.796 -3.289
13.368 41.002 -3.972
12.227 41.676 -4.716
11.243 41.054 -5.105
12.792 38.88 -3.789
13.755 41.651 -3.298
14.104 40.773 -4.629
12.331 42.979 -4.93
11.31 43.745 -5.634
11.889 45.07 -6.128
12.661 45.722 -5.42
10.144 44.017 -4.696
8.753 44.139 -5.277
7.751 44.467 -4.171
6.643 45.371 -4.705
5.51 44.539 -5.217
10.994 43.218 -6.428
6.316 45.952 -3.968
7.005 45.924 -5.448
8.737 44.873 -5.948
8.492 43.278 -5.698
5.38 44.726 -6.189
5.726 43.573 -5.084
4.679 44.771 -4.714
8.222 44.941 -3.442
7.344 43.625 -3.848
13.206 43.411 -4.552
10.348 44.879 -4.188
10.127 43.273 -3.997
11.464 45.485 -7.32
11.798 46.814 -7.807
11.593 47.82 -6.682
10.499 47.868 -6.118
10.875 47.178 -8.98
11.256 46.48 -10.159
10.897 44.801 -7.846
12.766 46.824 -8.056
10.942 48.155 -9.147
9.943 46.928 -8.742
11.911 45.765 -9.923
12.602 48.589 -6.309
12.523 49.592 -5.27
12.81 49.115 -3.856
12.83 49.923 -2.907
13.495 48.403 -6.85
13.17 50.362 -5.496
11.587 50.023 -5.289
13.036 47.824 -3.654
13.22 47.27 -2.327
14.678 47.088 -1.937
15.421 46.312 -2.539
12.523 45.907 -2.155
12.716 45.283 -0.78
11.944 43.99 -0.556
10.493 44.206 -0.452
9.606 43.317 -0.904
10.007 42.188 -1.456
8.308 43.546 -0.804
12.426 45.942 -0.073
12.782 47.893 -1.649
10.166 45.041 -0.032
13.696 45.087 -0.639
7.648 42.894 -1.156
7.982 44.392 -0.364
13.069 47.25 -4.525
12.273 43.575 0.291
12.128 43.381 -1.325
9.325 41.535 -1.81
10.979 41.973 -1.526
12.895 45.284 -2.834
11.549 46.039 -2.303
15.048 47.727 -0.83
16.374 47.494 -0.259
16.149 46.932 1.141
15.058 47.067 1.694
17.218 48.769 -0.224
16.369 49.79 0.321
17.693 49.161 -1.614
16.839 46.81 -0.802
17.634 50.156 -1.726
18.645 48.872 -1.743
14.353 48.368 -0.431
17.994 48.636 0.404
17.119 48.718 -2.308
15.403 49.542 0.198
17.166 46.276 1.687
17.068 45.672 3.003
18.148 46.247 3.926
19.178 46.767 3.515
17.282 44.168 2.941
16.217 43.378 2.248
16.126 43.104 0.913
15.09 42.75 2.864
15.013 42.35 0.662
14.357 42.117 1.846
14.631 42.666 4.184
13.186 41.405 2.105
13.463 41.954 4.433
12.755 41.335 3.393
11.917 40.835 3.618
16.179 45.92 3.395
14.719 42.019 -0.234
15.123 43.101 4.929
13.128 41.887 5.368
12.689 40.964 1.346
16.779 43.411 0.22
18.023 46.235 1.098
17.35 43.81 3.878
18.145 43.981 2.461
17.883 46.1 5.216
18.808 46.514 6.263
18.804 45.415 7.328
17.823 44.67 7.413
18.391 47.863 6.83
19.096 49.058 6.22
18.412 50.374 6.586
18.632 51.343 5.529
19.756 51.976 5.22
20.891 51.806 5.885
19.748 52.815 4.177
19.093 48.978 5.225
19.722 46.585 5.884
17.811 51.573 4.939
20.037 49.099 6.551
20.584 53.316 3.941
18.918 52.938 3.641
16.954 45.662 5.419
18.811 50.699 7.428
17.446 50.197 6.684
21.707 52.311 5.637
20.923 51.154 6.652
18.579 47.862 7.813
17.408 47.975 6.682
19.864 45.324 8.12
19.919 44.314 9.165
20.346 44.937 10.494
20.957 45.993 10.53
20.882 43.184 8.784
22.327 43.64 8.62
23.305 42.484 8.663
23.346 41.789 9.705
24.022 42.271 7.656
22.414 44.073 7.744
19.016 43.885 9.274
22.545 44.243 9.362
20.615 46.006 7.936
20.587 42.816 7.923
20.861 42.517 9.505
20.067 44.245 11.592
20.485 44.705 12.91
20.76 43.482 13.79
20.2 42.398 13.538
19.459 45.634 13.514
19.537 43.367 11.433
21.33 45.228 12.821
19.636 45.746 14.494
19.507 46.53 13.068
18.541 45.254 13.388
21.676 43.66 14.733
22.041 42.561 15.622
20.968 42.353 16.683
20.47 43.338 17.244
23.381 42.85 16.296
24.588 42.548 15.432
24.495 42.621 14.188
25.66 42.252 16.013
22.089 44.601 14.781
22.071 41.725 15.065
23.434 42.295 17.126
23.399 43.819 16.542
20.6 41.112 16.96
19.579 40.841 17.992
20.218 39.997 19.094
21.151 39.214 18.886
18.337 40.164 17.404
17.562 41.092 16.469
17.387 39.601 18.457
16.892 42.299 17.076
19.357 41.721 18.396
16.663 39.092 17.998
17.9 38.997 19.063
18.639 39.372 16.87
18.198 41.406 15.741
16.853 40.535 15.997
17.58 42.88 17.51
21.066 40.372 16.417
16.424 42.816 16.36
16.998 40.358 18.977
16.227 42.002 17.761
19.768 40.207 20.325
20.243 39.551 21.525
21.712 39.865 21.823
22.377 39.017 22.427
20.1 38.025 21.496
18.671 37.552 21.382
19.706 39.914 22.303
18.987 40.938 20.356
20.494 37.66 22.341
20.617 37.679 20.712
17.76 38.213 21.881
18.495 36.428 20.697
17.565 36.056 20.576
19.276 35.95 20.302
22.194 41.048 21.467
23.577 41.399 21.763
23.675 42.343 22.961
22.899 43.282 23.079
24.251 42.05 20.545
25.686 42.453 20.837
26.696 41.5 20.78
26.019 43.74 21.227
28.004 41.837 21.061
27.325 44.092 21.505
28.311 43.134 21.41
29.622 43.462 21.673
24.078 40.553 21.992
28.727 41.143 21.01
27.552 45.027 21.771
21.532 41.671 20.983
25.296 44.43 21.308
26.47 40.556 20.532
23.743 42.863 20.306
24.256 41.396 19.806
30.194 42.654 21.546
24.657 42.114 23.816
24.966 42.938 24.973
26.432 43.383 24.959
26.722 44.581 24.967
24.716 42.188 26.301
23.329 41.838 26.407
25.089 43.051 27.501
24.389 43.764 24.946
24.57 42.754 28.306
26.07 42.963 27.69
25.224 41.245 23.579
25.263 41.327 26.298
24.875 44.011 27.307
22.778 42.405 25.786
27.372 42.429 24.897
28.783 42.81 24.868
29.672 41.683 24.386
29.21 40.562 24.197
29.2 43.242 26.287
29.152 42.125 27.158
27.028 41.468 24.873
28.88 43.585 24.224
28.567 43.932 26.605
30.124 43.591 26.252
28.216 41.78 27.206
30.95 41.974 24.166
31.888 40.958 23.704
31.77 40.771 22.193
31.294 41.659 21.482
31.213 42.959 24.347
32.826 41.237 23.93
31.692 40.086 24.161
32.262 39.637 21.702
32.18 39.335 20.273
30.725 39.154 19.842
29.879 38.787 20.66
33.016 38.094 19.961
34.428 38.229 20.478
35.319 39.086 19.859
34.854 37.504 21.582
36.615 39.21 20.313
36.155 37.635 22.045
37.037 38.492 21.417
37.971 38.596 21.753
32.529 40.139 19.783
37.255 39.828 19.833
36.454 37.092 22.852
32.694 39.007 22.397
34.222 36.887 22.045
35.022 39.626 19.072
33.058 37.992 18.988
32.602 37.327 20.408
30.442 39.456 18.577
29.087 39.375 18.041
28.558 37.949 17.967
29.34 36.997 18.007
29.032 40.05 16.66
29.028 41.564 16.758
29.419 42.276 15.482
28.271 42.469 14.598
28.148 41.9 13.406
29.117 41.13 12.947
27.074 42.114 12.671
29.669 41.851 17.484
28.47 39.917 18.639
27.53 43.071 14.915
28.104 41.877 17.021
26.984 41.704 11.766
26.332 42.697 13.023
31.264 39.752 18.009
30.104 41.724 15.014
29.799 43.164 15.723
29.025 40.712 12.025
29.931 40.953 13.489
28.2 39.764 16.211
29.831 39.772 16.15
27.25 37.793 17.852
26.607 36.48 17.804
26.069 36.101 16.429
26.383 36.768 15.437
25.483 36.462 18.854
24.356 37.426 18.517
27.319 35.793 18.043
26.709 38.688 17.798
25.872 36.721 19.732
25.111 35.541 18.897
24.257 37.955 17.403
23.47 37.677 19.482
22.71 38.294 19.316
23.576 37.239 20.377
25.184 35.11 16.348
24.584 34.693 15.089
23.144 35.159 14.885
22.459 34.625 14.004
24.625 33.164 14.981
25.952 32.657 14.953
24.959 34.66 17.265
25.144 35.084 14.33
24.157 32.89 14.14
24.147 32.774 15.768
26.539 33.234 15.517
22.635 36.124 15.645
21.245 36.537 15.548
21.049 37.894 14.888
21.584 38.896 15.369
20.611 36.633 16.937
20.433 35.325 17.672
20.305 34.268 17.021
20.391 35.37 18.92
23.315 36.553 16.31
20.769 35.852 14.963
19.709 37.068 16.831
21.19 37.239 17.495
20.258 37.953 13.819
20.001 39.218 13.141
18.527 39.383 12.774
17.813 38.422 12.566
20.811 39.404 11.861
22.253 38.963 11.854
23.174 40.014 12.466
24.55 39.502 12.405
25.169 38.962 13.453
24.58 38.881 14.636
26.404 38.504 13.316
22.554 38.804 10.915
20.264 39.977 13.756
25.039 39.564 11.539
22.354 38.122 12.385
26.885 38.113 14.101
26.861 38.546 12.425
19.854 37.048 13.522
22.915 40.143 13.401
23.106 40.832 11.933
25.072 38.488 15.415
23.643 39.211 14.755
20.786 40.391 11.621
20.329 38.907 11.116
18.092 40.622 12.66
16.75 40.977 12.223
16.905 41.711 10.886
17.793 42.547 10.754
15.979 41.852 13.23
14.501 41.913 12.848
16.601 43.239 13.352
13.629 42.805 13.696
16.283 40.129 12.022
16.114 43.75 14.057
17.562 43.14 13.602
16.05 41.425 14.123
14.437 42.214 11.886
14.131 40.973 12.885
13.965 43.745 13.646
18.811 41.353 12.917
12.688 42.769 13.36
16.521 43.706 12.474
13.655 42.492 14.645
16.149 41.277 9.881
16.223 41.895 8.56
14.892 42.599 8.272
13.806 42.04 8.394
16.546 40.875 7.494
17.698 39.899 7.591
19.023 40.619 7.777
17.524 38.852 8.685
16.697 38.319 8.508
18.317 38.243 8.693
17.444 39.306 9.572
15.523 40.487 10.111
18.996 41.16 8.619
19.764 39.949 7.838
19.188 41.226 6.998
16.946 42.581 8.565
17.738 39.348 6.751
16.671 41.39 6.607
15.694 40.309 7.346
14.972 43.865 7.921
13.832 44.717 7.647
14.068 45.543 6.383
15.117 46.139 6.141
13.535 45.616 8.849
14.689 46.531 9.185
15.796 46.057 9.877
14.678 47.857 8.782
16.855 46.888 10.182
15.738 48.694 9.077
16.816 48.204 9.782
17.878 49.03 10.071
13.026 44.135 7.49
17.645 46.535 10.689
15.722 49.65 8.781
15.97 44.223 7.853
13.897 48.211 8.272
15.826 45.095 10.16
13.356 45.038 9.634
12.745 46.174 8.633
18.511 48.55 10.676
13.067 45.528 5.523
13.084 46.155 4.215
12.483 47.549 4.204
11.822 48.002 5.138
12.248 45.287 3.251
10.879 45.36 3.644
12.215 44.999 5.881
14.054 46.233 3.917
12.555 44.355 3.319
12.343 45.645 2.34
10.324 45.62 2.857
12.669 48.219 3.065
12.158 49.556 2.833
10.639 49.61 2.811
10.099 50.679 3.075
12.76 50.161 1.572
12.782 49.269 0.489
13.223 47.686 2.348
12.477 50.152 3.59
13.701 50.453 1.775
12.223 50.973 1.318
12.238 48.457 0.706
9.932 48.524 2.54
8.485 48.44 2.601
8.04 47.663 3.844
6.931 47.166 4.025
7.896 47.853 1.332
8.458 46.539 0.877
9.62 46.174 1.151
7.717 45.823 0.174
10.533 47.691 2.265
8.13 49.376 2.702
8.022 48.532 0.592
6.899 47.745 1.477
8.899 47.623 4.848
8.73 47.141 6.194
8.435 45.67 6.41
7.685 45.299 7.319
7.728 48.056 6.962
8.235 49.478 6.9
7.67 50.499 6.19
9.448 49.996 7.464
8.437 51.629 6.314
9.539 51.346 7.081
10.45 49.46 8.27
10.595 52.174 7.469
11.501 50.278 8.654
11.578 51.62 8.244
12.362 52.165 8.528
9.608 47.352 6.711
8.229 52.521 5.91
10.419 48.51 8.569
12.22 49.902 9.236
10.616 53.135 7.181
6.828 50.434 5.661
9.872 48.038 4.535
7.712 47.786 7.891
6.873 48.026 6.51
9.041 44.786 5.626
8.896 43.348 5.795
9.966 42.893 6.795
11.115 43.362 6.743
9.027 42.587 4.491
8.27 43.089 3.26
8.563 42.156 2.095
6.774 43.182 3.521
6.604 43.817 4.275
6.31 43.512 2.699
6.419 42.278 3.762
9.633 45.214 4.874
8.262 41.229 2.324
8.074 42.472 1.281
9.546 42.15 1.91
8.004 43.155 6.184
8.581 44.004 3.039
8.725 41.638 4.653
10.006 42.563 4.242
9.589 42.099 7.795
10.548 41.738 8.832
10.845 40.244 8.885
9.978 39.381 8.96
10.146 42.157 10.259
9.569 43.557 10.361
11.347 41.984 11.187
10.398 44.706 9.843
11.418 42.196 8.585
11.053 42.145 12.126
11.696 41.055 11.091
9.445 41.504 10.581
8.67 43.566 9.88
9.353 43.738 11.342
10.582 44.572 8.87
8.615 41.782 7.77
9.899 45.562 9.973
12.049 42.643 10.929
11.263 44.745 10.343
12.139 39.949 8.849
12.609 38.579 8.928
13.665 38.503 10.039
14.222 39.525 10.431
13.275 38.098 7.646
12.378 37.764 6.483
11.7 38.738 5.768
12.271 36.45 6.059
10.928 38.414 4.67
11.496 36.102 4.967
10.827 37.095 4.283
10.041 36.739 3.222
11.849 37.991 9.189
10.448 39.129 4.16
11.423 35.151 4.681
12.77 40.771 8.761
12.768 35.732 6.554
11.77 39.699 6.053
13.818 37.271 7.867
13.925 38.814 7.343
10.328 37.248 2.411
14.09 37.273 10.289
15.178 37.051 11.227
15.96 35.81 10.806
15.484 34.969 10.041
14.684 36.805 12.649
13.96 35.461 12.819
13.238 35.466 14.159
12.271 34.286 14.283
12.529 33.605 15.584
15.795 37.839 11.209
11.345 34.628 14.266
12.437 33.655 13.541
13.299 35.36 12.093
14.627 34.735 12.81
12.77 32.65 15.415
13.283 34.063 16.053
11.706 33.649 16.149
12.716 36.308 14.244
13.91 35.398 14.889
13.602 36.522 9.781
14.047 37.529 12.893
15.466 36.811 13.263
17.109 35.702 11.444
17.953 34.527 11.306
18.559 34.252 12.676
18.769 35.189 13.449
19.042 34.697 10.243
19.702 33.437 10.016
20.087 35.734 10.651
17.388 33.752 11.051
20.447 36.189 9.834
19.667 36.417 11.252
17.356 36.516 12.045
18.61 34.986 9.364
20.838 35.283 11.137
19.157 32.868 9.393
18.795 32.996 13.007
19.435 32.654 14.286
20.607 31.724 13.977
21.248 31.138 14.849
18.467 32.003 15.274
17.799 30.905 14.631
17.354 32.918 15.768
19.79 33.486 14.693
16.863 33.309 14.985
16.71 32.396 16.332
18.502 32.288 12.313
18.995 31.631 16.063
17.744 33.662 16.316
17.781 31.044 13.636
20.899 31.594 12.675
21.966 30.668 12.266
22.95 31.309 11.294
23.402 30.74 10.295
21.323 29.387 11.751
20.523 29.482 10.48
20.597 30.492 9.745
19.78 28.521 10.16
20.348 32.161 12.034
22.484 30.43 13.101
20.721 29.03 12.485
22.064 28.706 11.615
23.352 32.533 11.619
24.292 33.288 10.794
23.905 33.256 9.321
24.696 32.885 8.452
25.713 32.777 10.97
22.944 32.904 12.503
24.295 34.25 11.105
26.034 32.378 10.111
26.312 33.535 11.228
25.732 32.08 11.687
22.743 33.783 8.967
22.282 33.952 7.594
22.099 32.686 6.776
21.877 32.798 5.567
23.185 34.923 6.814
23.524 36.218 7.523
22.603 37.25 7.647
24.776 36.401 8.096
22.927 38.419 8.299
25.11 37.57 8.751
24.179 38.575 8.853
24.507 39.744 9.505
21.374 34.44 7.627
22.249 39.16 8.373
26.022 37.683 9.147
22.15 34.085 9.797
25.454 35.663 8.032
21.686 37.141 7.253
22.722 35.151 5.953
24.043 34.447 6.605
24.376 40.513 8.883
22.105 31.494 7.348
21.884 30.271 6.595
20.405 30.129 6.259
20.059 29.749 5.138
22.385 29.038 7.362
23.879 29.096 7.606
24.485 27.928 8.335
24.346 29.19 6.706
22.389 30.34 5.731
24.084 29.944 8.131
22.281 31.507 8.378
22.184 28.227 6.825
21.923 29.001 8.239
25.117 29.174 9.803
24.454 26.786 7.875
25.089 28.207 9.493
25.511 27.464 10.05
19.536 30.403 7.223
18.097 30.318 7.03
17.423 31.541 7.668
17.969 32.272 8.497
17.424 29.066 7.618
17.692 28.974 9.028
17.889 27.774 6.951
17.899 30.332 6.049
18.329 27.183 7.63
17.102 27.295 6.556
19.974 30.685 8.131
16.412 29.145 7.494
18.545 27.987 6.224
18.658 28.746 9.183
16.25 31.857 7.127
15.471 33.015 7.507
14.02 32.651 7.811
13.46 31.755 7.202
15.471 34.056 6.384
16.829 34.606 6.048
17.629 33.969 5.096
17.311 35.739 6.677
18.88 34.469 4.796
18.557 36.242 6.372
19.341 35.606 5.429
20.249 35.969 5.201
15.863 33.372 8.367
19.455 33.997 4.112
18.894 37.075 6.841
15.934 31.176 6.384
16.743 36.201 7.365
17.294 33.157 4.636
14.898 34.811 6.672
15.106 33.623 5.571
13.41 33.388 8.731
12.015 33.206 9.091
11.273 34.532 8.985
11.718 35.541 9.524
11.859 32.667 10.525
12.606 31.453 10.615
10.405 32.407 10.877
11.597 32.559 8.447
9.973 33.256 11.192
9.913 32.069 10.07
14.024 34.113 9.175
12.258 33.338 11.171
10.347 31.72 11.607
13.593 31.643 10.57
10.144 34.522 8.297
9.321 35.734 8.184
8.643 35.961 9.531
7.981 35.047 10.016
8.292 35.595 7.067
7.41 36.805 6.888
6.854 36.978 5.485
5.78 38.065 5.478
6.07 39.06 4.416
9.912 36.507 7.985
4.896 37.641 5.305
5.775 38.517 6.366
6.631 36.746 7.536
7.937 37.638 7.129
6.345 39.925 4.836
6.81 38.721 3.835
5.25 39.205 3.861
6.442 36.129 5.191
7.584 37.255 4.879
9.894 33.622 7.859
7.713 34.806 7.275
8.783 35.429 6.211
8.872 37.11 10.165
8.224 37.344 11.451
7.249 38.505 11.357
6.433 38.596 12.274
9.128 37.491 12.673
10.203 38.559 12.481
9.722 36.134 13.025
10.954 38.884 13.761
7.679 36.523 11.645
10.238 36.218 13.875
8.98 35.476 13.139
8.558 37.767 13.452
10.853 38.238 11.799
9.765 39.39 12.15
11.401 38.058 14.098
9.498 37.764 9.7
11.639 39.585 13.571
10.326 35.844 12.285
10.309 39.22 14.444
7.227 39.28 10.295
6.213 40.316 10.104
5.954 40.355 8.582
6.8 40.858 7.804
6.539 41.689 10.627
6.529 42.039 12.084
5.476 41.395 12.973
5.813 41.636 14.374
6.47 40.821 15.182
6.862 39.643 14.742
6.769 41.162 16.435
4.924 39.784 8.187
5.382 40.048 10.554
5.507 42.531 14.771
7.446 41.817 12.494
6.429 43.057 12.189
7.242 40.543 17.035
6.503 42.078 16.77
7.987 39.099 9.601
5.475 40.425 12.796
4.605 41.807 12.768
7.351 39.011 15.373
6.689 39.361 13.803
5.905 42.363 10.147
7.479 41.947 10.258
48.978 41.935 11.928
48.628 41.682 10.496
48.195 40.233 10.3
48.882 39.337 10.797
49.81 41.998 9.588
49.791 43.328 8.879
49.352 43.327 7.137
49.778 41.673 6.617
50.721 41.656 6.279
49.695 41.042 7.392
49.161 41.378 5.885
50.046 41.516 11.963
48.521 41.639 12.54
49.156 43.97 9.416
50.728 43.782 9.019
49.185 41.064 12.366
47.858 42.279 10.268
49.884 41.259 8.883
50.669 41.941 10.142
47.076 40.011 9.617
46.621 38.647 9.368
46.842 38.284 7.901
46.594 39.046 6.967
45.159 38.403 9.751
44.953 37.135 10.558
43.576 36.515 10.448
43.569 35.087 10.97
43.81 34.964 12.437
47.152 38.016 9.939
42.673 34.664 10.749
44.279 34.556 10.477
45.643 36.447 10.264
45.141 37.337 11.537
43.73 34.005 12.705
44.728 35.297 12.65
43.132 35.508 12.929
43.299 36.503 9.493
42.934 37.051 10.987
46.58 40.853 9.293
44.626 38.335 8.912
44.847 39.177 10.293
47.335 37.063 7.719
47.552 36.536 6.378
46.717 35.276 6.184
46.767 34.36 7.003
49.037 36.292 6.134
49.372 35.465 4.902
49.432 36.314 3.644
50.873 36.579 3.233
51.218 35.301 2.601
47.262 37.221 5.706
50.89 37.291 2.584
51.406 36.718 4.023
50.262 35.024 5.038
48.672 34.758 4.783
51.639 34.689 3.275
50.391 34.865 2.236
51.865 35.454 1.85
48.988 37.185 3.819
48.976 35.83 2.906
47.543 36.539 8.585
49.414 35.821 6.939
49.491 37.184 6.044
45.939 35.254 5.114
45.136 34.096 4.753
45.568 33.523 3.403
45.708 34.246 2.414
43.663 34.476 4.752
45.95 36.137 4.552
45.257 33.382 5.455
43.264 34.271 5.645
43.57 35.453 4.563
43.183 33.954 4.047
45.83 32.217 3.354
46.21 31.554 2.115
45.141 30.551 1.681
44.617 29.768 2.475
47.559 30.818 2.193
47.854 30.038 0.915
48.706 31.784 2.485
46.288 32.252 1.394
47.902 29.062 1.125
49.234 31.928 1.649
47.499 30.149 2.933
47.126 30.201 0.251
48.727 30.341 0.535
45.74 31.723 4.265
48.329 32.653 2.801
49.292 31.392 3.192
44.845 30.576 0.386
43.957 29.62 -0.254
44.749 28.868 -1.331
45.208 29.514 -2.274
42.762 30.288 -0.964
41.777 30.887 0.05
42.039 29.329 -1.909
40.859 31.93 -0.557
43.716 28.946 0.438
41.329 29.833 -2.396
42.701 28.956 -2.555
43.115 31.032 -1.525
41.226 30.149 0.427
42.303 31.31 0.782
40.325 31.512 -1.29
45.315 31.357 -0.142
40.246 32.28 0.149
41.632 28.595 -1.371
41.408 32.678 -0.926
44.915 27.558 -1.215
45.6 26.832 -2.295
44.498 26.318 -3.223
43.861 25.299 -2.995
46.518 25.726 -1.817
47.549 26.254 -0.829
46.124 27.494 -2.805
44.552 27.124 -0.37
46.998 25.346 -2.597
45.977 25.032 -1.361
47.352 26.063 0.377
48.594 26.916 -1.309
49.291 27.273 -0.71
48.673 27.057 -2.306
44.23 27.112 -4.259
43.192 26.885 -5.236
43.092 25.477 -5.762
41.991 24.922 -5.825
44.875 27.96 -4.302
42.285 27.157 -4.831
43.33 27.529 -6.028
44.205 24.821 -6.078
44.2 23.447 -6.543
43.618 22.462 -5.537
43.259 21.351 -5.938
45.606 23.002 -6.954
46.498 22.502 -5.834
46.925 23.624 -4.906
46.786 24.81 -5.284
47.393 23.313 -3.794
45.993 21.853 -5.301
43.673 23.384 -7.414
47.309 22.12 -6.229
45.081 25.383 -5.961
46.056 23.782 -7.371
45.505 22.264 -7.609
43.522 22.796 -4.267
43.004 21.934 -3.226
41.512 22.142 -2.98
40.915 21.399 -2.192
43.802 22.192 -1.936
45.215 21.66 -1.919
46.077 22.055 -0.742
45.177 20.642 -1.956
43.132 20.972 -3.519
45.684 21.963 -2.772
43.867 23.781 -4.063
43.297 21.776 -1.165
43.836 23.189 -1.782
47.725 21.897 -1.916
45.65 22.297 0.394
47.387 22.122 -0.987
48.038 22.396 -0.246
40.914 23.145 -3.621
39.488 23.43 -3.435
38.662 22.518 -4.325
38.809 22.569 -5.545
39.185 24.906 -3.729
40.069 25.856 -2.913
37.721 25.231 -3.479
40.104 25.6 -1.418
39.276 23.182 -2.489
37.546 26.174 -3.756
37.154 24.607 -4.014
39.37 25.073 -4.699
41.007 25.8 -3.273
39.742 26.796 -3.068
40.45 24.679 -1.25
41.529 23.694 -4.248
40.704 26.269 -0.983
37.525 25.12 -2.506
39.181 25.686 -1.048
37.856 21.624 -3.779
37.097 20.68 -4.588
35.599 20.947 -4.527
34.845 20.255 -5.204
37.364 19.24 -4.139
38.762 18.765 -4.51
38.699 17.675 -5.57
40.039 17.26 -5.962
40.31 16.184 -6.681
39.323 15.395 -7.09
41.58 15.935 -6.957
39.209 18.39 -3.706
37.399 20.76 -5.551
40.814 17.835 -5.663
39.285 19.526 -4.877
41.82 15.105 -7.492
42.3 16.549 -6.649
37.81 21.651 -2.74
38.221 18.041 -6.358
38.211 16.902 -5.188
39.542 14.563 -7.624
38.377 15.615 -6.878
36.709 18.649 -4.584
37.275 19.199 -3.155
35.21 21.938 -3.749
33.805 22.31 -3.624
33.697 23.683 -2.971
34.663 24.158 -2.36
33.042 21.278 -2.798
33.244 21.494 -1.414
35.975 22.425 -3.239
33.416 22.374 -4.544
33.371 20.369 -3.036
32.071 21.357 -3.001
34.159 21.184 -1.157
32.503 24.263 -3.005
32.274 25.562 -2.369
32.376 25.428 -0.855
32.906 26.276 -0.145
30.942 26.182 -2.804
30.764 27.588 -2.231
29.765 25.296 -2.408
31.913 28.54 -2.471
33.03 26.152 -2.658
28.925 25.696 -2.768
29.903 24.386 -2.792
30.944 26.254 -3.801
29.926 27.985 -2.623
30.62 27.504 -1.237
32.052 28.652 -3.454
31.769 23.734 -3.505
31.701 29.426 -2.061
29.721 25.245 -1.413
32.743 28.17 -2.056
31.985 24.273 -0.343
32.125 23.873 1.041
33.577 23.888 1.507
33.874 24.307 2.629
31.502 22.485 1.202
31.914 21.89 2.415
31.536 23.63 -1.07
31.612 24.532 1.616
31.795 21.914 0.442
30.512 22.577 1.203
31.601 22.446 3.185
34.511 23.474 0.649
35.933 23.498 0.947
36.416 24.946 1.102
37.329 25.276 1.855
36.771 22.878 -0.172
36.919 21.382 -0.165
36.436 20.742 0.787
37.505 20.795 -1.102
34.124 23.128 -0.264
36.064 23.053 1.837
37.693 23.296 -0.127
36.355 23.159 -1.053
35.856 25.803 0.253
36.209 27.206 0.197
35.779 27.938 1.454
36.559 28.761 1.935
35.636 27.884 -1.052
36.079 29.316 -1.339
37.576 29.517 -1.116
35.725 29.716 -2.77
34.736 29.652 -2.898
36.023 30.655 -2.936
36.185 29.102 -3.41
35.134 25.369 -0.374
38.087 28.908 -1.722
37.817 30.466 -1.316
37.801 29.308 -0.165
37.213 27.285 0.111
35.57 29.943 -0.738
34.639 27.891 -0.963
35.894 27.327 -1.844
34.579 27.682 1.961
34.116 28.35 3.173
34.841 27.782 4.395
35.267 28.52 5.284
32.609 28.237 3.373
31.818 28.893 2.285
34.018 26.989 1.438
34.336 29.326 3.105
32.36 28.667 4.246
32.353 27.266 3.408
31.136 28.347 1.244
32.066 30.932 2.799
30.711 31.438 0.777
30.954 30.524 1.104
31.68 30.26 2.175
30.596 29.388 0.535
31.048 27.379 1.039
35.067 26.475 4.402
35.847 25.838 5.455
37.306 26.266 5.433
37.903 26.443 6.503
35.686 24.319 5.391
34.457 23.918 6.21
33.761 22.696 5.644
34.75 23.718 7.142
35.456 26.12 6.345
33.816 24.682 6.212
34.647 25.955 3.606
36.473 23.893 5.791
35.537 24.049 4.462
31.982 23.658 5.807
34.423 21.701 5.351
32.441 22.802 5.516
31.894 22.026 5.128
37.87 26.515 4.255
39.24 27.026 4.174
39.247 28.463 4.687
40.156 28.815 5.443
39.819 26.911 2.761
39.782 25.53 2.361
41.257 27.394 2.669
39.82 26.476 4.768
41.408 27.85 1.788
41.447 28.043 3.41
37.28 26.324 3.432
39.236 27.44 2.118
41.884 26.615 2.747
38.847 25.268 2.103
38.222 29.251 4.388
38.113 30.608 4.905
37.905 30.65 6.414
38.528 31.475 7.087
37.002 31.391 4.193
37.264 31.788 2.74
36.017 32.397 2.114
38.43 32.755 2.621
39.259 32.328 2.983
38.573 32.993 1.66
38.232 33.586 3.141
37.511 28.82 3.759
35.749 33.213 2.628
36.208 32.65 1.165
35.272 31.73 2.137
38.971 31.104 4.689
37.531 30.974 2.223
36.844 32.23 4.708
36.178 30.826 4.204
37.075 29.789 6.985
36.827 29.714 8.414
38.12 29.568 9.224
38.393 30.3 10.168
35.935 28.522 8.748
35.283 28.554 10.118
34.354 27.35 10.288
34.363 26.869 11.729
33.172 26.038 12.051
36.359 30.561 8.714
35.195 26.327 11.886
34.382 27.668 12.339
35.986 28.514 10.819
34.747 29.385 10.21
33.421 25.35 12.732
32.448 26.623 12.416
32.849 25.585 11.221
34.673 26.617 9.704
33.433 27.623 10.047
36.596 29.145 6.294
36.493 27.687 8.685
35.208 28.472 8.055
38.955 28.636 8.782
40.246 28.395 9.392
41.227 29.548 9.228
41.829 30.011 10.202
40.859 27.112 8.807
42.304 26.902 9.254
42.373 26.79 10.776
43.767 27.046 11.298
44.082 28.488 11.428
40.113 28.227 10.39
43.865 26.605 12.202
44.435 26.618 10.672
42.649 26.061 8.854
42.851 27.678 8.963
44.19 28.721 12.395
44.932 28.69 10.94
43.337 29.03 11.037
42.093 25.87 11.039
41.751 27.462 11.171
38.599 28.096 7.96
40.843 27.184 7.82
40.32 26.342 9.117
41.397 30.05 8.016
42.38 31.069 7.688
42.042 32.466 8.169
42.929 33.309 8.312
42.579 31.076 6.163
43.175 29.791 5.623
44.668 29.694 5.886
45.403 30.667 5.609
45.113 28.64 6.373
42.746 29.035 6.077
43.292 30.793 8.071
43.045 29.771 4.651
40.745 29.64 7.292
43.196 31.809 5.949
41.696 31.196 5.751
40.762 32.758 8.379
40.326 34.062 8.86
39.863 33.954 10.315
39.278 34.884 10.878
39.216 34.618 7.975
39.503 35.053 6.541
38.256 35.659 5.896
40.634 36.061 6.433
41.476 35.663 6.799
40.775 36.307 5.473
40.403 36.883 6.955
40.102 31.976 8.17
37.965 36.457 6.423
38.469 35.935 4.96
37.524 34.979 5.886
41.101 34.696 8.824
39.794 34.258 6.009
38.819 35.423 8.454
38.482 33.913 7.928
40.045 32.788 10.927
39.634 32.518 12.308
38.177 32.915 12.548
37.826 33.651 13.469
40.554 33.236 13.283
40.516 32.062 10.329
39.73 31.53 12.486
40.372 32.916 14.213
41.507 33.045 13.047
40.391 34.221 13.233
37.302 32.439 11.66
35.896 32.806 11.706
35.199 32.172 12.899
35.689 31.237 13.524
35.216 32.441 10.375
35.742 33.163 9.132
34.943 32.788 7.884
35.748 34.671 9.325
36.335 34.908 10.1
36.096 35.114 8.498
34.817 34.99 9.505
37.708 31.799 10.952
33.985 33.041 8.015
35.313 33.276 7.095
35.011 31.803 7.73
35.827 33.809 11.793
36.704 32.915 8.994
34.25 32.657 10.46
35.342 31.465 10.229
34.018 32.678 13.216
33.244 32.141 14.327
33.066 30.637 14.193
32.998 30.067 13.108
31.929 32.887 14.296
32.103 34.03 13.362
33.325 33.786 12.53
31.279 34.132 12.769
33.674 32.373 15.21
33.917 34.598 12.494
33.087 33.52 11.592
32.191 34.902 13.883
31.678 33.216 15.223
31.177 32.28 13.983
32.903 29.974 15.328
32.642 28.553 15.441
31.411 28.137 14.645
31.423 27.061 14.058
32.466 28.192 16.92
31.603 26.981 17.223
32.011 26.309 18.516
32.097 27.031 19.544
32.234 25.076 18.507
30.676 27.28 17.322
33.444 28.03 15.112
31.718 26.33 16.5
32.983 30.601 16.188
32.052 28.976 17.371
33.371 28.016 17.293
30.355 28.943 14.655
29.178 28.664 13.848
29.114 29.531 12.6
28.029 29.857 12.119
27.899 28.745 14.687
27.898 27.551 15.624
27.722 26.285 15.096
28.15 27.689 16.976
27.743 25.17 15.908
28.174 26.577 17.799
27.962 25.319 17.266
27.967 24.512 17.86
29.256 27.705 13.533
27.598 24.257 15.511
28.346 26.691 18.792
30.444 29.77 15.276
28.317 28.596 17.362
27.579 26.173 14.113
27.145 28.662 14.098
27.937 29.543 15.221
30.303 29.843 12.067
30.38 30.615 10.828
29.336 30.072 9.859
29.38 28.891 9.556
31.779 30.52 10.228
31.898 30.973 8.794
31.452 32.219 8.39
32.464 30.13 7.839
31.559 32.61 7.065
32.582 30.512 6.514
32.12 31.755 6.135
32.227 32.172 4.832
30.153 31.564 11.033
31.23 33.516 6.781
32.994 29.899 5.845
31.121 29.503 12.589
32.793 29.227 8.122
31.048 32.845 9.056
32.077 29.562 10.277
32.398 31.081 10.785
31.332 32.478 4.509
28.452 30.921 9.351
27.369 30.517 8.483
27.748 29.899 7.16
26.883 29.326 6.488
28.611 31.921 9.639
26.758 29.857 8.997
26.76 31.336 8.307
28.985 30.034 6.693
29.424 29.45 5.434
28.572 29.861 4.243
28.322 29.046 3.36
29.431 27.916 5.572
30.431 27.439 6.614
30.519 25.94 6.754
30.236 25.208 5.785
30.887 25.466 7.848
31.327 27.77 6.352
30.393 29.712 5.259
30.159 27.808 7.492
29.617 30.598 7.31
29.694 27.543 4.71
28.541 27.643 5.862
28.18 31.126 4.171
27.44 31.63 3.01
28.012 33.001 2.661
28.933 33.451 3.365
25.946 31.626 3.279
25.568 32.424 4.51
27.641 31.026 2.248
28.434 31.715 4.984
25.648 30.682 3.41
25.478 32.021 2.491
25.518 33.643 4.391
25.311 31.788 5.654
25.06 32.266 6.464
25.383 30.775 5.67
27.553 33.655 1.607
28.104 34.964 1.249
27.715 36.037 2.259
28.486 36.955 2.545
27.662 35.315 -0.174
27.956 34.259 -1.25
27.779 34.82 -2.654
29.372 33.713 -1.119
29.485 33.29 -0.22
29.534 33.03 -1.831
30.029 34.46 -1.22
26.804 33.186 1.079
28.405 35.588 -2.789
27.978 34.107 -3.327
26.837 35.135 -2.772
29.111 34.892 1.232
27.332 33.484 -1.12
28.13 36.149 -0.444
26.677 35.458 -0.163
26.498 35.934 2.794
25.948 36.851 3.769
26.709 36.793 5.094
27.191 37.817 5.604
24.453 36.582 3.975
23.605 37.142 2.846
23.851 38.298 2.444
22.668 36.444 2.38
25.956 35.098 2.431
26.066 37.787 3.408
24.178 37.011 4.824
24.321 35.6 4.017
27.031 35.591 5.557
27.886 35.416 6.725
29.318 35.846 6.429
30.03 36.285 7.329
27.879 33.972 7.213
26.626 34.795 5.021
27.529 35.985 7.477
27.414 33.396 6.542
28.82 33.655 7.33
27.399 33.918 8.088
29.769 35.732 5.177
31.144 36.125 4.863
31.309 37.633 4.974
32.283 38.108 5.553
31.583 35.638 3.484
33.01 35.972 3.061
34.049 35.347 3.98
33.268 35.482 1.63
32.628 35.93 1.009
34.204 35.708 1.369
33.137 34.493 1.593
29.102 35.365 4.495
33.95 34.351 3.97
34.966 35.593 3.665
33.917 35.684 4.913
31.759 35.686 5.525
33.125 36.973 3.063
30.969 36.041 2.808
31.493 34.642 3.469
30.341 38.363 4.42
30.327 39.811 4.455
30.305 40.336 5.882
31.032 41.249 6.252
29.084 40.337 3.734
28.869 41.808 3.895
27.955 42.414 4.715
29.582 42.859 3.229
28.064 43.774 4.585
29.049 44.078 3.682
30.618 42.879 2.288
29.509 45.313 3.234
31.074 44.114 1.844
30.523 45.317 2.314
30.883 46.179 1.967
31.179 40.141 4.024
27.506 44.451 5.077
31.02 42.04 1.945
31.813 44.142 1.172
29.101 46.163 3.582
27.315 41.942 5.309
29.592 37.793 3.957
28.282 39.877 4.1
29.176 40.155 2.761
29.41 39.759 6.675
29.227 40.082 8.077
30.487 39.762 8.879
30.762 40.472 9.859
28.022 39.335 8.644
27.832 39.585 10.129
27.482 40.732 10.482
28.023 38.644 10.936
28.827 39.024 6.183
29.085 41.077 8.143
28.164 38.364 8.5
27.212 39.646 8.163
31.221 38.713 8.493
32.487 38.454 9.186
33.551 39.438 8.723
34.16 40.099 9.579
32.958 37.014 9.069
31.892 35.843 9.958
30.849 38.155 7.734
32.338 38.59 10.169
33.872 36.948 9.452
32.962 36.758 8.11
31.181 36.349 10.444
33.707 39.695 7.419
34.705 40.672 6.987
34.457 42.06 7.556
35.427 42.793 7.79
34.823 40.741 5.458
35.263 39.436 4.781
35.172 39.527 3.267
36.663 39.028 5.219
36.677 38.891 6.21
36.922 38.177 4.763
37.313 39.747 4.974
33.096 39.172 6.787
35.763 40.265 2.939
35.466 38.661 2.86
34.227 39.716 2.998
35.616 40.356 7.3
34.675 38.69 5.107
35.495 41.432 5.235
33.932 40.978 5.094
33.212 42.481 7.759
32.921 43.813 8.267
32.473 43.883 9.718
31.969 44.929 10.138
31.812 44.447 7.395
30.639 43.626 7.527
32.267 44.497 5.939
33.77 44.384 8.17
31.48 44.677 5.345
32.944 45.227 5.821
32.475 41.783 7.525
31.599 45.366 7.757
32.679 43.62 5.684
30.78 42.743 7.069
32.63 42.826 10.5
32.194 42.802 11.881
32.777 41.651 12.679
32.135 41.185 13.625
33.096 42.011 10.033
32.448 43.681 12.331
31.177 42.747 11.913
33.984 41.198 12.354
34.606 40.109 13.099
36.108 40.031 12.852
36.915 40.21 13.762
33.966 38.776 12.733
34.471 37.579 13.485
35.584 36.838 13.198
33.874 36.968 14.627
35.72 35.819 14.104
34.685 35.876 14.993
32.73 37.239 15.384
34.392 35.049 16.08
32.438 36.42 16.468
33.262 35.339 16.809
33.019 34.775 17.595
34.469 40.293 14.083
36.457 35.143 14.114
32.132 38.003 15.158
31.623 36.61 17.01
34.99 34.278 16.307
36.208 37.014 12.437
34.43 41.672 11.55
34.122 38.596 11.759
32.979 38.831 12.902
36.461 39.714 11.608
37.839 39.565 11.174
38.755 40.686 11.633
38.4 41.85 11.774
37.893 39.43 9.635
39.302 39.33 9.071
37.093 38.19 9.219
38.198 38.692 11.56
39.608 40.234 8.774
36.925 37.627 10.025
37.479 40.263 9.245
39.921 38.985 9.777
39.306 38.705 8.291
35.642 39.579 10.959
36.226 38.482 8.821
37.62 37.674 8.547
40.004 40.312 11.874
41.075 41.219 12.232
41.716 41.815 10.986
41.82 41.148 9.952
42.145 40.447 13.009
43.357 41.264 13.415
44.438 40.418 14.058
44.195 39.231 14.365
45.554 40.957 14.252
43.74 41.672 12.608
40.717 41.962 12.81
43.073 41.934 14.075
40.154 39.267 11.78
42.46 39.71 12.432
41.724 40.104 13.835
42.169 43.056 11.08
42.858 43.766 10.006
44.139 44.379 10.563
44.246 44.551 11.784
41.934 44.866 9.456
40.754 44.305 8.683
40.985 43.583 7.516
39.446 44.439 9.121
39.945 43.042 6.794
38.399 43.898 8.403
38.652 43.203 7.239
37.625 42.653 6.502
43.109 43.105 9.3
40.127 42.532 5.948
37.456 44.01 8.726
41.987 43.504 12.021
39.26 44.934 9.969
41.929 43.456 7.197
42.463 45.438 8.844
41.586 45.389 10.221
36.773 42.742 7.013
45.109 44.703 9.718
45.019 44.525 8.29
45.027 43.081 7.826
45.58 42.201 8.491
46.261 45.21 7.722
47.188 45.408 8.854
46.389 45.341 10.119
47.915 44.695 8.852
44.194 45.011 7.916
46.214 46.255 10.498
46.846 44.785 10.819
47.661 46.306 8.777
46.011 46.094 7.294
46.681 44.634 7.001
44.489 42.875 6.622
44.417 41.51 6.096
44.986 41.431 4.686
44.743 42.256 3.809
42.976 40.99 6.134
42.63 39.723 5.363
43.276 38.5 5.997
41.122 39.502 5.277
40.698 40.278 4.811
40.937 38.664 4.765
40.745 39.42 6.199
44.154 43.703 6.132
42.951 38.399 6.938
43.033 37.683 5.472
44.27 38.61 5.999
44.961 40.909 6.694
42.954 39.815 4.418
42.381 41.725 5.786
42.74 40.826 7.101
45.758 40.372 4.478
46.3 40.019 3.178
45.666 38.674 2.814
45.998 37.67 3.457
47.826 39.84 3.167
48.318 39.286 1.83
48.563 41.124 3.498
45.997 40.686 2.516
48.313 40.016 1.148
48.393 41.368 4.453
48.06 39.163 3.863
49.247 38.935 1.939
47.713 38.548 1.535
45.945 39.805 5.345
49.544 40.99 3.356
48.236 41.858 2.902
44.829 38.628 1.793
44.338 37.339 1.294
45.109 36.936 0.043
45.009 37.632 -0.975
42.843 37.409 1.022
42.18 36.247 0.278
41.932 35.069 1.2
40.884 36.715 -0.38
41.086 37.447 -1.029
40.461 35.949 -0.862
40.259 37.054 0.322
44.559 39.536 1.391
41.33 35.348 1.95
41.499 34.325 0.688
42.802 34.747 1.577
44.491 36.646 2.001
42.779 35.962 -0.475
42.665 38.241 0.485
42.372 37.497 1.908
45.874 35.854 0.099
46.597 35.344 -1.062
45.855 34.134 -1.635
45.788 33.085 -0.993
48.015 34.951 -0.681
49.019 34.784 -1.815
50.257 34.028 -1.349
50.632 34.206 -0.161
50.847 33.253 -2.134
48.601 34.258 -2.522
46.662 36.056 -1.762
49.307 35.669 -2.106
45.915 35.4 1.039
47.97 34.08 -0.197
48.373 35.657 -0.073
45.242 34.271 -2.797
44.475 33.207 -3.429
45.259 32.573 -4.573
45.247 33.099 -5.692
43.157 33.776 -3.957
42.046 32.809 -4.21
42.141 31.529 -4.672
40.643 33.062 -4.041
40.892 30.965 -4.777
39.954 31.888 -4.39
39.9 34.168 -3.615
38.567 31.793 -4.344
38.524 34.061 -3.558
37.873 32.879 -3.915
36.873 32.843 -3.849
44.314 32.491 -2.74
40.697 30.035 -5.084
40.352 35.019 -3.356
37.989 34.848 -3.255
38.111 30.938 -4.625
42.996 31.064 -4.903
45.355 35.222 -3.233
43.339 34.252 -4.828
42.813 34.455 -3.295
45.918 31.444 -4.313
46.686 30.795 -5.363
45.831 29.835 -6.187
44.899 29.229 -5.66
47.868 30.001 -4.833
48.816 30.793 -3.95
49.527 29.81 -3.018
50.399 30.556 -2.115
51.09 30.001 -1.12
51.008 28.697 -0.898
51.86 30.799 -0.389
48.308 31.425 -3.397
47.058 31.503 -5.983
50.484 31.547 -2.251
49.495 31.237 -4.502
52.381 30.406 0.385
51.928 31.768 -0.595
45.836 31.095 -3.351
50.066 29.201 -3.572
48.842 29.332 -2.499
51.522 28.292 -0.129
50.447 28.118 -1.482
48.39 29.655 -5.611
47.518 29.234 -4.297
46.218 29.7 -7.46
45.504 28.802 -8.358
44.025 29.159 -8.437
43.187 28.274 -8.273
45.606 27.355 -7.875
46.672 26.553 -8.601
48.03 26.982 -8.089
46.544 25.598 -8.404
45.895 28.908 -9.281
46.617 26.746 -9.564
47.033 30.266 -7.733
44.725 26.905 -8.019
45.826 27.356 -6.901
48.763 26.951 -9.97
48.19 27.189 -6.885
48.989 27.14 -8.993
49.923 27.44 -8.721
43.735 30.431 -8.696
42.346 30.866 -8.736
41.547 30.086 -9.764
40.52 29.495 -9.41
42.261 32.383 -8.923
40.849 32.883 -8.783
40.301 33.086 -7.531
40.069 33.121 -9.908
38.999 33.525 -7.395
38.768 33.57 -9.774
38.232 33.769 -8.514
37.288 34.09 -8.414
41.946 30.656 -7.834
38.615 33.664 -6.471
38.211 33.75 -10.602
44.54 31.047 -8.857
40.453 32.967 -10.817
40.849 32.916 -6.714
42.572 32.594 -9.828
42.805 32.804 -8.226
42.007 30.008 -11.003
41.319 29.309 -12.081
40.961 27.871 -11.743
39.818 27.45 -11.959
42.141 29.358 -13.371
41.385 28.995 -14.639
40.094 29.766 -14.838
40.071 30.99 -14.594
39.093 29.122 -15.216
41.969 29.189 -15.413
40.471 29.818 -12.325
41.153 28.034 -14.597
42.928 30.502 -11.148
42.888 28.717 -13.275
42.475 30.283 -13.477
41.906 27.13 -11.172
41.637 25.759 -10.744
40.534 25.691 -9.698
39.623 24.863 -9.827
42.911 25.11 -10.217
43.848 24.621 -11.314
44.79 23.577 -10.745
43.312 24.209 -12.032
41.328 25.237 -11.553
44.378 25.384 -11.645
42.823 27.596 -11.06
42.664 24.323 -9.649
43.409 25.776 -9.66
44.088 22.21 -12.054
45.528 23.872 -9.807
44.753 22.369 -11.296
45.366 21.625 -10.973
40.566 26.579 -8.707
39.525 26.628 -7.682
38.164 26.997 -8.264
37.129 26.567 -7.752
39.951 27.519 -6.52
39.452 28.833 -6.561
41.381 27.223 -8.725
39.447 25.707 -7.273
40.964 27.556 -6.501
39.65 27.083 -5.655
39.659 29.246 -7.449
38.094 27.69 -9.386
36.867 28.008 -10.089
36.182 26.807 -10.733
34.955 26.823 -10.898
37.172 29.083 -11.145
36.14 29.239 -12.237
36.003 30.654 -12.759
34.532 31.043 -12.864
33.99 30.825 -14.238
36.211 28.435 -9.431
34.004 30.493 -12.212
34.435 32.013 -12.623
36.385 28.632 -13.01
35.24 28.935 -11.886
34.241 31.599 -14.817
34.375 29.984 -14.614
32.995 30.748 -14.191
36.407 30.71 -13.662
36.448 31.277 -12.131
39.045 28.006 -9.743
38.055 28.852 -11.569
37.267 29.962 -10.667
36.878 25.736 -11.077
36.342 24.578 -11.76
35.369 23.681 -11.018
34.642 22.888 -11.633
37.52 23.678 -12.21
38.711 24.202 -12.713
39.847 23.22 -12.988
38.556 24.705 -13.603
35.855 24.919 -12.614
39.106 24.917 -12.079
37.905 25.8 -10.798
37.099 23.002 -12.899
37.715 23.053 -11.387
40.855 24.574 -14.055
39.79 22.076 -12.54
40.887 23.6 -13.703
41.661 22.995 -13.898
35.382 23.718 -9.701
34.576 22.854 -8.857
33.799 23.631 -7.799
33.455 23.074 -6.756
35.444 21.801 -8.172
36.936 22.021 -7.976
37.706 21.468 -9.173
37.331 23.467 -7.727
36.878 23.802 -6.9
38.323 23.529 -7.609
37.055 24.03 -8.507
36.04 24.442 -9.301
37.41 21.938 -10.004
38.685 21.617 -9.036
37.526 20.489 -9.26
33.909 22.362 -9.44
37.233 21.549 -7.149
35.337 20.934 -8.695
35.044 21.634 -7.249
33.571 24.915 -8.057
32.796 25.755 -7.153
31.667 26.403 -7.964
30.812 27.112 -7.441
33.58 26.882 -6.467
34.121 27.779 -7.449
34.708 26.357 -5.597
32.385 25.182 -6.452
34.332 25.822 -4.836
35.315 25.771 -6.141
33.987 25.261 -8.945
32.942 27.415 -5.87
35.239 27.124 -5.226
35.118 27.666 -7.513
31.696 26.135 -9.265
30.755 26.766 -10.192
31.088 28.252 -10.131
32.254 28.637 -10.25
29.304 26.478 -9.839
28.78 25.12 -10.266
27.64 25.182 -11.263
27.293 26.274 -11.761
27.048 24.124 -11.587
29.52 24.622 -10.692
30.9 26.428 -11.102
28.446 24.649 -9.463
32.422 25.459 -9.56
28.742 27.166 -10.281
29.216 26.534 -8.852
30.113 29.082 -9.823
30.261 30.52 -9.66
30.819 30.925 -8.297
31.036 32.109 -8.017
28.855 31.124 -9.804
28.786 32.371 -10.649
30.932 30.834 -10.356
29.172 28.6 -9.698
28.516 31.339 -8.882
28.258 30.424 -10.211
29.752 33.134 -10.75
27.623 32.612 -11.256
27.516 33.42 -11.834
26.856 31.981 -11.13
30.997 29.976 -7.388
31.409 30.208 -6.027
32.654 31.057 -5.863
32.584 32.161 -5.32
30.803 29 -7.765
30.638 30.649 -5.51
31.561 29.305 -5.56
33.795 30.565 -6.327
35.061 31.275 -6.248
34.895 32.754 -6.564
35.181 33.61 -5.733
36.097 30.668 -7.19
33.704 29.611 -6.76
35.427 31.186 -5.31
37.014 30.904 -6.872
35.993 29.674 -7.202
35.96 31.029 -8.111
34.379 33.052 -7.743
34.124 34.41 -8.178
33.234 35.176 -7.208
33.533 36.334 -6.92
33.519 34.425 -9.593
33.696 35.776 -10.264
35.16 36.079 -10.549
35.802 35.319 -11.316
35.657 37.076 -9.994
33.226 35.76 -11.122
35.003 34.906 -8.285
33.364 36.47 -9.659
34.168 32.213 -8.343
32.565 34.254 -9.508
33.994 33.761 -10.123
32.164 34.57 -6.714
31.259 35.181 -5.766
31.975 35.563 -4.456
31.573 36.538 -3.83
30.144 34.23 -5.313
29.292 33.802 -6.342
32.029 33.588 -7.079
30.898 36.034 -6.168
29.596 34.701 -4.606
30.573 33.423 -4.883
29.79 33.198 -6.967
32.87 34.686 -4.009
33.552 34.911 -2.733
34.578 36.017 -2.891
34.702 36.876 -2.008
34.138 33.594 -2.198
35.296 33.773 -1.236
33.022 32.791 -1.535
32.868 35.21 -2.065
34.98 33.629 -0.297
33.306 32.534 -0.612
34.491 33.075 -2.99
36.015 33.11 -1.447
35.665 34.699 -1.322
33.034 33.871 -4.613
32.196 33.352 -1.491
32.844 31.969 -2.075
35.266 36.043 -4.033
36.233 37.101 -4.31
35.536 38.455 -4.375
36.007 39.456 -3.818
36.989 36.819 -5.608
37.806 37.979 -6.19
39.073 38.221 -5.38
38.118 37.719 -7.655
37.265 37.631 -8.17
38.651 38.481 -8.025
38.645 36.873 -7.741
35.059 35.268 -4.686
39.639 37.396 -5.39
39.586 38.981 -5.781
38.829 38.445 -4.436
36.905 37.125 -3.564
37.243 38.807 -6.182
36.323 36.551 -6.299
37.624 36.068 -5.437
34.363 38.496 -5.004
33.579 39.727 -5.098
33.263 40.301 -3.725
33.407 41.51 -3.516
32.331 39.45 -5.936
31.394 40.623 -6.126
32.007 41.732 -6.963
30.564 40.304 -6.584
34.132 40.408 -5.598
31.157 40.997 -5.229
34.058 37.592 -5.416
31.812 38.701 -5.498
32.623 39.131 -6.849
30.419 42.915 -6.497
33.084 41.578 -7.554
31.297 42.859 -6.995
31.643 43.67 -7.526
32.882 39.463 -2.762
32.636 39.879 -1.387
33.88 40.509 -0.762
33.813 41.603 -0.199
32.124 38.72 -0.512
31.904 39.174 0.932
30.821 38.149 -1.059
31.908 40.577 -1.394
31.036 39.664 0.995
30.216 37.922 -0.297
32.833 38.019 -0.489
31.882 38.374 1.53
32.651 39.777 1.206
32.774 38.468 -3.083
30.384 38.83 -1.646
31.02 37.325 -1.589
35.051 39.898 -0.88
36.293 40.481 -0.404
36.544 41.841 -1.053
36.955 42.786 -0.389
37.505 39.595 -0.719
37.687 38.528 0.322
38.37 38.798 1.494
37.107 37.28 0.14
38.505 37.82 2.459
37.244 36.303 1.099
37.946 36.575 2.255
38.053 35.862 2.958
36.184 40.649 0.583
39.012 38.021 3.306
36.831 35.388 0.952
35.002 38.961 -1.345
36.587 37.096 -0.694
38.765 39.698 1.646
38.301 40.164 -0.719
37.343 39.16 -1.58
36.334 41.925 -2.367
36.47 43.174 -3.091
35.493 44.247 -2.624
35.879 45.42 -2.63
36.247 42.972 -4.593
37.267 42.057 -5.25
38.02 42.844 -6.317
37.426 42.674 -7.614
37.191 43.539 -8.576
37.532 44.808 -8.502
36.592 43.085 -9.677
36.806 41.306 -5.69
37.416 43.526 -2.964
37.122 41.683 -7.841
37.918 41.746 -4.578
36.381 43.733 -10.429
36.354 42.125 -9.766
36.067 41.024 -2.818
38.961 42.514 -6.326
37.998 43.805 -6.055
37.323 45.445 -9.242
38.016 45.151 -7.685
36.297 43.861 -5.037
35.344 42.573 -4.722
34.268 43.885 -2.253
33.306 44.896 -1.808
33.631 45.348 -0.385
33.43 46.492 0.008
31.878 44.382 -1.925
31.26 44.333 -3.312
29.866 43.733 -3.335
29.117 43.832 -2.331
29.474 43.141 -4.363
31.191 45.256 -3.653
33.337 45.686 -2.426
31.833 43.773 -3.888
34.065 42.88 -2.303
31.298 44.97 -1.363
31.861 43.451 -1.56
34.215 44.442 0.4
34.629 44.724 1.775
35.779 45.721 1.714
35.849 46.676 2.478
34.973 43.44 2.503
34.353 43.508 -0.053
33.869 45.14 2.262
34.409 42.692 2.152
35.939 43.22 2.361
34.801 43.551 3.483
36.656 45.539 0.731
37.738 46.481 0.478
37.162 47.773 -0.102
37.639 48.852 0.273
38.813 45.913 -0.448
40.029 46.819 -0.564
40.856 46.273 -1.808
39.96 46.138 -3.043
40.71 45.809 -4.264
38.196 46.695 1.342
39.276 45.418 -2.859
39.466 47.009 -3.172
39.758 47.727 -0.773
40.594 46.734 0.219
41.613 45.446 -4.022
40.211 45.12 -4.795
40.828 46.632 -4.824
41.21 45.389 -1.56
41.573 46.922 -1.991
36.503 44.677 0.167
38.418 45.8 -1.352
39.108 45.038 -0.085
36.08 47.749 -0.866
35.466 49.016 -1.291
34.853 49.727 -0.089
34.927 50.94 0.066
34.461 48.821 -2.406
35.725 46.826 -1.123
36.179 49.601 -1.683
33.844 48.066 -2.178
33.925 49.658 -2.529
34.939 48.608 -3.259
34.254 48.994 0.832
33.633 49.476 2.04
34.548 50.206 3.018
34.055 51.039 3.789
32.984 48.311 2.814
31.765 48.745 3.61
30.649 49.307 2.756
30.704 49.225 1.514
29.69 49.849 3.336
31.41 47.956 4.084
32.848 50.099 1.797
32.043 49.452 4.241
34.27 47.945 0.59
33.649 47.969 3.442
32.695 47.647 2.157
35.84 49.903 3.016
36.789 50.57 3.886
37.692 49.598 4.622
38.54 50.03 5.408
36.107 49.153 2.342
37.361 51.206 3.337
36.286 51.135 4.564
37.462 48.297 4.461
38.305 47.322 5.148
39.718 47.292 4.581
39.92 47.381 3.363
37.705 45.918 5.056
36.022 45.845 5.698
36.681 48.054 3.844
38.363 47.587 6.121
38.271 45.304 5.589
37.69 45.649 4.103
35.918 45.034 6.275
40.697 47.116 5.467
42.088 47.051 5.024
42.436 45.62 4.649
42.917 44.831 5.438
43.064 47.612 6.047
44.476 47.735 5.517
44.874 47.071 4.542
45.224 48.543 6.102
40.399 47.034 6.447
42.159 47.602 4.19
43.071 47.004 6.836
42.745 48.517 6.317
42.146 45.321 3.392
42.299 44.026 2.766
43.19 44.132 1.528
42.952 44.955 0.648
40.934 43.466 2.297
39.992 43.192 3.462
41.113 42.188 1.48
38.565 42.828 3.093
42.793 43.446 3.419
40.223 41.9 1.136
41.731 42.377 0.72
40.511 44.156 1.707
40.38 42.444 4.017
39.967 44.014 4.048
38.57 41.999 2.537
41.768 46.165 2.848
38.04 42.671 3.927
41.499 41.482 2.069
38.158 43.578 2.575
44.181 43.26 1.429
45.056 43.218 0.261
44.816 41.871 -0.416
45.036 40.85 0.231
46.543 43.384 0.598
46.77 44.671 1.192
47.409 43.265 -0.646
44.788 43.936 -0.365
48.361 43.09 -0.383
47.082 42.508 -1.218
44.283 42.617 2.24
46.811 42.67 1.279
47.366 44.117 -1.174
46.174 44.795 1.992
44.335 41.866 -1.65
44.046 40.616 -2.351
45.121 40.262 -3.363
45.407 41.028 -4.287
42.687 40.677 -3.08
41.554 40.952 -2.084
42.407 39.385 -3.837
40.302 41.5 -2.727
44.058 39.892 -1.648
41.544 39.48 -4.329
43.152 39.22 -4.48
42.719 41.432 -3.725
41.335 40.099 -1.615
41.886 41.611 -1.411
39.957 40.843 -3.397
44.184 42.803 -2.068
39.608 41.655 -2.025
42.347 38.634 -3.183
40.513 42.363 -3.184
45.723 39.084 -3.234
46.737 38.628 -4.18
46.2 37.462 -5.002
46.067 36.366 -4.453
48.033 38.199 -3.472
48.633 39.384 -2.707
49.025 37.62 -4.48
49.957 39.095 -2.032
46.887 39.384 -4.819
49.835 37.308 -3.99
48.593 36.855 -4.952
47.805 37.493 -2.813
48.754 40.144 -3.349
47.972 39.67 -2.008
50.628 38.825 -2.721
45.414 38.524 -2.414
50.274 39.916 -1.56
49.271 38.332 -5.133
49.837 38.354 -1.373
45.987 37.664 -6.303
45.518 36.599 -7.175
46.607 35.99 -8.054
47.18 36.612 -8.95
44.403 37.072 -8.112
43.156 37.689 -7.48
42.374 38.493 -8.505
42.275 36.624 -6.852
42.786 36.141 -6.14
41.467 37.052 -6.446
41.986 35.97 -7.552
46.183 38.631 -6.628
42.092 37.895 -9.256
41.562 38.889 -8.073
42.949 39.228 -8.865
45.128 35.856 -6.596
43.435 38.289 -6.729
44.104 36.282 -8.652
44.795 37.76 -8.728
46.869 34.713 -7.809
47.85 33.957 -8.58
47.199 32.616 -8.91
45.956 32.588 -9.064
49.16 33.759 -7.836
48.998 32.84 -6.761
47.92 31.601 -8.933
46.319 34.299 -7.025
48.014 34.434 -9.431
49.461 34.633 -7.466
49.842 33.398 -8.464
48.055 32.875 -6.437
