0 2.251031399328e+01
1 0.000000000000e+00
2 0.000000000000e+00
3 1.938754717366e+01
4 8.186026460877e-01
5 3.781885538280e+00
6 1.511672401496e+01
7 4.131125191693e+00
8 1.133123997358e+01
9 1.481346980798e+00
10 0.000000000000e+00
11 0.000000000000e+00
12 0.000000000000e+00
13 3.401711158971e+00
14 9.484078473154e+00
15 0.000000000000e+00
16 0.000000000000e+00
17 5.142353868296e+00
18 1.050237173808e+01
19 0.000000000000e+00
20 0.000000000000e+00
21 0.000000000000e+00
22 0.000000000000e+00
23 0.000000000000e+00
24 0.000000000000e+00
25 0.000000000000e+00
26 3.959968139917e+00
27 2.232627774483e+01
28 3.505247447280e+00
29 0.000000000000e+00
30 2.602616720373e+00
31 6.317789841043e+00
32 7.171777787475e+00
33 0.000000000000e+00
34 0.000000000000e+00
35 0.000000000000e+00
36 0.000000000000e+00
37 5.170540926440e+00
38 0.000000000000e+00
39 0.000000000000e+00
40 0.000000000000e+00
41 4.616308074400e+00
42 0.000000000000e+00
43 0.000000000000e+00
44 1.535864175954e+01
45 1.422939194032e+00
46 1.155148044523e+00
47 0.000000000000e+00
48 1.170501791976e+01
49 1.729340107520e+01
50 0.000000000000e+00
51 1.371196125295e+00
52 3.416178139169e+00
53 9.335920003769e+00
54 2.718307623346e+00
55 0.000000000000e+00
56 0.000000000000e+00
57 0.000000000000e+00
58 0.000000000000e+00
59 0.000000000000e+00
60 0.000000000000e+00
61 1.102861214922e+01
62 8.712568817077e+00
63 0.000000000000e+00
64 0.000000000000e+00
65 0.000000000000e+00
66 0.000000000000e+00
67 0.000000000000e+00
68 0.000000000000e+00
69 0.000000000000e+00
70 0.000000000000e+00
71 0.000000000000e+00
72 0.000000000000e+00
73 0.000000000000e+00
74 0.000000000000e+00
75 0.000000000000e+00
76 8.116223188675e+00
77 0.000000000000e+00
78 1.713983301443e+00
79 1.296893653718e+00
80 0.000000000000e+00
81 6.270699871710e+00
82 0.000000000000e+00
83 8.314162894614e+00
84 0.000000000000e+00
85 0.000000000000e+00
86 0.000000000000e+00
87 0.000000000000e+00
88 1.671052729054e+01
89 0.000000000000e+00
90 0.000000000000e+00
91 0.000000000000e+00
92 0.000000000000e+00
93 0.000000000000e+00
94 0.000000000000e+00
95 0.000000000000e+00
96 0.000000000000e+00
97 1.617505266465e+00
98 0.000000000000e+00
99 0.000000000000e+00
100 0.000000000000e+00
101 0.000000000000e+00
102 0.000000000000e+00
103 0.000000000000e+00
104 0.000000000000e+00
105 0.000000000000e+00
106 0.000000000000e+00
107 0.000000000000e+00
108 7.392904302970e+00
109 0.000000000000e+00
110 0.000000000000e+00
111 0.000000000000e+00
112 0.000000000000e+00
113 2.092070656393e+00
114 0.000000000000e+00
115 0.000000000000e+00
116 0.000000000000e+00
117 2.753945779695e+00
118 1.700823909214e+01
119 1.302353876841e+01
120 0.000000000000e+00
121 0.000000000000e+00
122 0.000000000000e+00
123 0.000000000000e+00
124 0.000000000000e+00
125 0.000000000000e+00
126 0.000000000000e+00
127 0.000000000000e+00
128 0.000000000000e+00
129 0.000000000000e+00
130 0.000000000000e+00
131 0.000000000000e+00
132 1.828230847768e+01
133 9.694175531397e-01
134 1.699104560095e+00
135 5.502641932322e+00
136 2.400108692029e+00
137 1.023198275470e+01
138 6.626015079137e+00
139 5.057523343317e+00
140 1.123458938185e+01
141 0.000000000000e+00
142 2.085499571266e+00
143 8.192824172446e+00
144 0.000000000000e+00
145 0.000000000000e+00
146 0.000000000000e+00
147 1.185719295054e+01
148 0.000000000000e+00
149 4.685807171879e-01
150 2.786245631901e+00
151 1.209520186015e+01
152 8.393121791886e+00
153 1.390563650982e+00
154 0.000000000000e+00
155 1.038417912465e+01
156 4.329535464337e+00
157 0.000000000000e+00
158 1.750698277296e+01
159 2.160846557134e+01
160 0.000000000000e+00
161 0.000000000000e+00
162 0.000000000000e+00
163 0.000000000000e+00
164 0.000000000000e+00
165 0.000000000000e+00
166 0.000000000000e+00
167 0.000000000000e+00
168 0.000000000000e+00
169 0.000000000000e+00
170 0.000000000000e+00
171 0.000000000000e+00
172 0.000000000000e+00
173 0.000000000000e+00
174 0.000000000000e+00
175 6.717780712127e+00
176 0.000000000000e+00
177 3.964765051858e+00
178 0.000000000000e+00
179 0.000000000000e+00
180 0.000000000000e+00
181 0.000000000000e+00
182 0.000000000000e+00
183 1.192523191098e+01
184 1.301765329765e+00
185 0.000000000000e+00
186 2.063452315345e+00
187 1.393085391930e+01
188 6.834743557998e+00
189 2.414209803575e+01
190 2.676068711377e+01
191 1.151908574362e+01
192 0.000000000000e+00
193 0.000000000000e+00
194 4.509818036566e+00
195 0.000000000000e+00
196 0.000000000000e+00
197 0.000000000000e+00
198 6.704946214919e+00
199 7.265555965996e+00
200 0.000000000000e+00
201 0.000000000000e+00
202 6.901257274644e+00
203 7.295059389589e+00
204 0.000000000000e+00
205 0.000000000000e+00
206 0.000000000000e+00
207 0.000000000000e+00
208 5.506359031171e+00
209 7.401671305570e+00
210 0.000000000000e+00
211 3.331268983171e+00
212 7.096744628059e+00
213 9.067580358323e+00
214 0.000000000000e+00
215 2.342559903983e+00
216 0.000000000000e+00
217 0.000000000000e+00
218 0.000000000000e+00
219 0.000000000000e+00
220 0.000000000000e+00
221 3.691169444334e+00
222 0.000000000000e+00
223 0.000000000000e+00
224 1.131971991146e+01
225 1.038691424375e+01
226 4.110276770825e+00
227 1.295208433489e+01
228 2.051842703356e+00
229 0.000000000000e+00
230 0.000000000000e+00
231 0.000000000000e+00
232 8.210544875606e+00
233 0.000000000000e+00
234 0.000000000000e+00
235 0.000000000000e+00
236 0.000000000000e+00
237 0.000000000000e+00
238 4.599806048418e+00
239 1.749331015370e+01
240 0.000000000000e+00
241 5.997116284739e+00
242 3.758235268678e+00
243 1.085680515222e+01
244 0.000000000000e+00
245 0.000000000000e+00
246 0.000000000000e+00
247 0.000000000000e+00
248 2.127882420437e+00
249 8.499250182046e-01
250 7.017880303632e+00
251 1.806936302419e+01
252 6.909929984733e+00
253 0.000000000000e+00
254 5.526765121584e+00
255 4.310609252378e+00
256 0.000000000000e+00
257 0.000000000000e+00
258 0.000000000000e+00
259 0.000000000000e+00
260 0.000000000000e+00
261 0.000000000000e+00
262 0.000000000000e+00
263 0.000000000000e+00
264 0.000000000000e+00
265 0.000000000000e+00
266 0.000000000000e+00
267 0.000000000000e+00
268 0.000000000000e+00
269 0.000000000000e+00
270 0.000000000000e+00
271 0.000000000000e+00
272 0.000000000000e+00
273 0.000000000000e+00
274 0.000000000000e+00
275 0.000000000000e+00
276 0.000000000000e+00
277 0.000000000000e+00
278 0.000000000000e+00
279 0.000000000000e+00
280 0.000000000000e+00
281 0.000000000000e+00
282 0.000000000000e+00
283 0.000000000000e+00
284 0.000000000000e+00
285 0.000000000000e+00
286 2.032550141818e+00
287 0.000000000000e+00
288 0.000000000000e+00
289 0.000000000000e+00
290 0.000000000000e+00
291 8.970555710315e+00
292 4.446695720675e+00
293 0.000000000000e+00
294 0.000000000000e+00
295 1.764876193095e+00
296 7.845276395431e+00
297 5.768342679822e-01
298 0.000000000000e+00
299 3.249019571048e+00
300 1.349590427309e+01
301 0.000000000000e+00
302 0.000000000000e+00
303 0.000000000000e+00
304 1.152474756849e+01
305 0.000000000000e+00
306 0.000000000000e+00
307 1.901565204912e+01
308 1.414932051320e+01
309 0.000000000000e+00
310 1.166306864822e+00
311 0.000000000000e+00
312 0.000000000000e+00
313 0.000000000000e+00
314 0.000000000000e+00
315 1.279521380573e+01
316 0.000000000000e+00
317 7.251259641302e+00
318 0.000000000000e+00
319 0.000000000000e+00
320 0.000000000000e+00
321 0.000000000000e+00
322 1.611235079435e+01
323 0.000000000000e+00
324 0.000000000000e+00
325 0.000000000000e+00
326 0.000000000000e+00
327 0.000000000000e+00
328 0.000000000000e+00
329 0.000000000000e+00
330 0.000000000000e+00
331 0.000000000000e+00
332 0.000000000000e+00
333 0.000000000000e+00
334 0.000000000000e+00
335 0.000000000000e+00
336 0.000000000000e+00
337 0.000000000000e+00
338 0.000000000000e+00
339 0.000000000000e+00
340 0.000000000000e+00
341 0.000000000000e+00
342 0.000000000000e+00
343 0.000000000000e+00
344 0.000000000000e+00
345 0.000000000000e+00
346 3.984080254410e+00
347 0.000000000000e+00
348 0.000000000000e+00
349 0.000000000000e+00
350 9.739087765793e+00
351 2.279650212109e+01
352 0.000000000000e+00
353 3.672145543758e+00
354 0.000000000000e+00
355 7.411914337002e+00
356 0.000000000000e+00
357 0.000000000000e+00
358 0.000000000000e+00
359 0.000000000000e+00
360 5.544485444220e+00
361 0.000000000000e+00
362 0.000000000000e+00
363 5.229173913705e+00
364 0.000000000000e+00
365 1.438325409718e+00
366 0.000000000000e+00
367 0.000000000000e+00
368 5.603383968686e+00
369 1.373163018214e+00
370 0.000000000000e+00
371 1.440998800169e+00
372 1.203159097073e+01
373 2.361094720091e+01
374 6.158045174725e+00
375 2.531851495137e+00
376 3.664270882030e+00
377 1.273895289753e+01
378 0.000000000000e+00
379 0.000000000000e+00
380 0.000000000000e+00
381 0.000000000000e+00
382 1.122551692787e+01
383 5.497562619242e+00
384 0.000000000000e+00
385 4.125245359933e+00
386 1.002967636103e+01
387 0.000000000000e+00
388 0.000000000000e+00
389 0.000000000000e+00
390 5.613596701075e+00
391 0.000000000000e+00
392 0.000000000000e+00
393 1.023715054889e+00
394 1.032447508477e+01
395 2.258476315225e+01
396 4.041628609425e+00
397 6.612493736797e+00
398 0.000000000000e+00
399 0.000000000000e+00
400 0.000000000000e+00
401 0.000000000000e+00
402 0.000000000000e+00
403 0.000000000000e+00
404 0.000000000000e+00
405 3.621500995666e+00
406 0.000000000000e+00
407 0.000000000000e+00
408 0.000000000000e+00
409 0.000000000000e+00
410 0.000000000000e+00
411 0.000000000000e+00
412 0.000000000000e+00
413 0.000000000000e+00
414 0.000000000000e+00
415 0.000000000000e+00
416 0.000000000000e+00
417 0.000000000000e+00
418 0.000000000000e+00
419 0.000000000000e+00
420 0.000000000000e+00
421 0.000000000000e+00
422 0.000000000000e+00
423 1.830615963818e+00
424 8.129827510779e+00
425 3.637621887535e+00
426 0.000000000000e+00
427 9.436826205788e+00
428 1.094193739155e+01
429 8.312713434276e+00
430 9.486134972770e+00
431 0.000000000000e+00
432 0.000000000000e+00
433 0.000000000000e+00
434 1.385044016117e+01
435 0.000000000000e+00
436 0.000000000000e+00
437 0.000000000000e+00
438 0.000000000000e+00
439 0.000000000000e+00
440 0.000000000000e+00
441 0.000000000000e+00
442 0.000000000000e+00
443 0.000000000000e+00
444 0.000000000000e+00
445 0.000000000000e+00
446 0.000000000000e+00
447 0.000000000000e+00
448 0.000000000000e+00
449 0.000000000000e+00
450 0.000000000000e+00
451 0.000000000000e+00
452 0.000000000000e+00
453 0.000000000000e+00
454 1.207220359504e+00
455 1.724935453177e+00
456 0.000000000000e+00
457 7.489308225919e+00
458 3.986567031149e+00
459 0.000000000000e+00
460 0.000000000000e+00
461 2.714813610318e+00
462 1.049829178840e+01
463 4.338934293263e+00
464 8.069705465984e+00
465 0.000000000000e+00
466 0.000000000000e+00
467 6.329002989009e+00
468 2.738602472333e-01
469 0.000000000000e+00
470 4.039362392703e+00
471 1.930405451479e+01
472 2.173051577128e+01
473 0.000000000000e+00
474 7.925032223708e+00
475 7.272476749327e+00
476 0.000000000000e+00
477 1.032366630624e+01
478 1.121158961879e+01
479 3.720830129987e+00
480 0.000000000000e+00
481 4.449819327109e+00
482 1.309609557352e+01
483 2.528640758468e+00
484 3.152350712510e+00
485 5.407072065448e+00
486 3.920987067713e+00
487 9.751226489936e+00
488 4.897423754492e+00
489 6.245088833474e+00
490 1.237056914760e+01
491 4.965688454565e+00
492 1.133570146102e+01
493 1.066265694986e+01
494 0.000000000000e+00
495 1.008580727595e+01
496 9.721585670040e+00
497 7.503957144873e+00
498 9.258481632971e+00
499 0.000000000000e+00
500 0.000000000000e+00
501 0.000000000000e+00
502 1.047808357375e+01
503 0.000000000000e+00
504 0.000000000000e+00
505 0.000000000000e+00
506 0.000000000000e+00
507 0.000000000000e+00
508 0.000000000000e+00
509 0.000000000000e+00
510 0.000000000000e+00
511 5.135186623497e+00
512 0.000000000000e+00
513 0.000000000000e+00
514 0.000000000000e+00
515 0.000000000000e+00
516 2.286887559132e+00
517 0.000000000000e+00
518 0.000000000000e+00
519 0.000000000000e+00
520 4.969464663418e+00
521 2.755959051290e+00
522 1.618465527804e+00
523 1.064828851963e+01
524 0.000000000000e+00
525 9.024018303454e+00
526 4.754828200273e+00
527 0.000000000000e+00
528 0.000000000000e+00
529 0.000000000000e+00
530 1.134091149750e+01
531 9.570053157490e-01
532 0.000000000000e+00
533 3.856826119502e+00
534 1.307955878995e+01
535 1.679166851496e+01
536 0.000000000000e+00
537 0.000000000000e+00
538 9.424540390417e-01
539 0.000000000000e+00
540 4.876046535959e+00
541 7.010277937251e+00
542 0.000000000000e+00
543 0.000000000000e+00
544 0.000000000000e+00
545 0.000000000000e+00
546 1.498990747867e+00
547 4.466882860183e+00
548 6.937072477205e+00
549 0.000000000000e+00
550 8.971487148680e+00
551 1.256651323331e+01
552 2.611821564932e+00
553 1.614064218225e+01
554 0.000000000000e+00
555 0.000000000000e+00
556 0.000000000000e+00
557 0.000000000000e+00
558 2.743514710543e+00
559 2.737586323668e+00
560 0.000000000000e+00
561 0.000000000000e+00
562 4.062689237125e+00
563 1.016351794652e+00
564 0.000000000000e+00
565 6.487783624984e+00
566 0.000000000000e+00
567 0.000000000000e+00
568 5.922080455894e+00
569 7.422444058727e+00
570 1.168321642221e+01
571 0.000000000000e+00
572 1.140745207599e+01
573 5.088984186666e+00
574 1.316573928370e+01
575 0.000000000000e+00
576 0.000000000000e+00
577 2.500946386163e+00
578 5.511280536495e+00
579 2.030745795631e+00
580 5.486219190424e+00
581 2.050855485877e+01
582 2.302294190972e+01
583 0.000000000000e+00
584 5.385271851677e+00
585 1.124860194983e+01
586 5.624534395333e+00
587 3.251216963269e+00
588 3.769261055109e-01
589 0.000000000000e+00
590 0.000000000000e+00
591 8.782803514786e-01
592 0.000000000000e+00
593 7.907052492733e+00
594 0.000000000000e+00
595 0.000000000000e+00
596 1.225578383091e+01
597 0.000000000000e+00
598 0.000000000000e+00
599 0.000000000000e+00
600 0.000000000000e+00
601 0.000000000000e+00
602 0.000000000000e+00
603 0.000000000000e+00
604 0.000000000000e+00
605 0.000000000000e+00
606 0.000000000000e+00
607 0.000000000000e+00
608 0.000000000000e+00
609 0.000000000000e+00
610 0.000000000000e+00
611 0.000000000000e+00
612 0.000000000000e+00
613 0.000000000000e+00
614 0.000000000000e+00
615 0.000000000000e+00
616 0.000000000000e+00
617 0.000000000000e+00
618 0.000000000000e+00
619 0.000000000000e+00
620 1.639156291298e+00
621 2.627906888795e+00
622 7.774354582209e+00
623 2.917212701289e+00
624 1.435700282479e+01
625 2.754695079529e+00
626 4.975191987226e+00
627 4.731042519919e+00
628 1.005462257774e+00
629 5.535070221433e+00
630 1.725654801868e+00
631 0.000000000000e+00
632 0.000000000000e+00
633 0.000000000000e+00
634 0.000000000000e+00
635 1.124059917425e+01
636 8.927169064001e+00
637 0.000000000000e+00
638 1.306687960715e+00
639 5.644646985848e+00
640 0.000000000000e+00
641 0.000000000000e+00
642 0.000000000000e+00
643 0.000000000000e+00
644 1.823494782816e+00
645 4.555887673979e+00
646 2.213985859512e+01
647 2.143340612074e+01
648 0.000000000000e+00
649 3.713944157839e+00
650 7.283914488367e-01
651 9.508290124913e+00
652 0.000000000000e+00
653 0.000000000000e+00
654 0.000000000000e+00
655 0.000000000000e+00
656 0.000000000000e+00
657 1.258093923616e+01
658 0.000000000000e+00
659 0.000000000000e+00
660 0.000000000000e+00
661 0.000000000000e+00
662 0.000000000000e+00
663 0.000000000000e+00
664 0.000000000000e+00
665 0.000000000000e+00
666 0.000000000000e+00
667 0.000000000000e+00
668 0.000000000000e+00
669 0.000000000000e+00
670 0.000000000000e+00
671 0.000000000000e+00
672 0.000000000000e+00
673 0.000000000000e+00
674 0.000000000000e+00
675 0.000000000000e+00
676 0.000000000000e+00
677 0.000000000000e+00
678 0.000000000000e+00
679 0.000000000000e+00
680 0.000000000000e+00
681 0.000000000000e+00
682 0.000000000000e+00
683 0.000000000000e+00
684 3.721880929318e+00
685 1.755032502106e+01
686 1.895428820050e+00
687 1.045795893671e+01
688 0.000000000000e+00
689 5.817106936445e+00
690 0.000000000000e+00
691 4.259749334688e+00
692 0.000000000000e+00
693 9.483587696117e+00
694 0.000000000000e+00
695 0.000000000000e+00
696 3.052827415481e+00
697 2.621228158488e+00
698 3.133170820130e+00
699 1.693123676856e+01
700 0.000000000000e+00
701 9.037804159465e+00
702 9.721893988064e+00
703 7.854630575569e+00
704 5.740842759214e-01
705 9.647845295137e-01
706 1.781621388941e+01
707 0.000000000000e+00
708 0.000000000000e+00
709 4.650969562972e+00
710 3.211784255958e+00
711 7.088984260508e+00
712 3.314436155558e+00
713 6.362349006347e+00
714 4.235734051582e+00
715 6.599074638285e+00
716 4.897082782824e+00
717 1.222910142935e+01
718 6.875254617480e+00
719 0.000000000000e+00
720 9.465327606815e+00
721 1.281851704758e+01
722 9.819297827182e+00
723 0.000000000000e+00
724 0.000000000000e+00
725 0.000000000000e+00
726 5.008141024394e+00
727 0.000000000000e+00
728 0.000000000000e+00
729 0.000000000000e+00
730 1.161232333745e+01
731 0.000000000000e+00
732 0.000000000000e+00
733 0.000000000000e+00
734 5.415244188114e+00
735 0.000000000000e+00
736 0.000000000000e+00
737 0.000000000000e+00
738 0.000000000000e+00
739 0.000000000000e+00
740 0.000000000000e+00
741 0.000000000000e+00
742 0.000000000000e+00
743 5.772650956975e+00
744 0.000000000000e+00
745 0.000000000000e+00
746 0.000000000000e+00
747 5.584745443277e-01
748 0.000000000000e+00
749 4.122587147578e+00
750 1.673643533829e+01
751 1.949821081500e+01
752 0.000000000000e+00
753 8.316489509424e+00
754 1.121877263654e+01
755 0.000000000000e+00
756 2.585620805108e+00
757 1.126904164360e+01
758 4.848206336159e+00
759 0.000000000000e+00
760 2.224577545117e+00
761 1.524011601686e+01
762 2.685876942866e+00
763 0.000000000000e+00
764 0.000000000000e+00
765 4.769870361665e+00
766 0.000000000000e+00
767 1.418273723471e+00
768 0.000000000000e+00
769 0.000000000000e+00
770 0.000000000000e+00
771 0.000000000000e+00
772 9.528951930141e+00
773 0.000000000000e+00
774 1.030687325528e+01
775 0.000000000000e+00
776 2.799961737222e+00
777 7.979667566896e+00
778 0.000000000000e+00
779 1.086016738252e+00
780 0.000000000000e+00
781 0.000000000000e+00
782 0.000000000000e+00
783 1.478766680214e+00
784 8.834582634626e-01
785 2.935690278140e+00
786 0.000000000000e+00
787 0.000000000000e+00
788 1.042673436769e+01
789 5.132051327627e+00
790 1.266875037589e+01
791 2.094693747143e+00
792 7.392757742640e+00
793 0.000000000000e+00
794 0.000000000000e+00
795 0.000000000000e+00
796 0.000000000000e+00
797 0.000000000000e+00
798 0.000000000000e+00
799 0.000000000000e+00
800 0.000000000000e+00
801 0.000000000000e+00
802 0.000000000000e+00
803 0.000000000000e+00
804 0.000000000000e+00
805 0.000000000000e+00
806 0.000000000000e+00
807 0.000000000000e+00
808 0.000000000000e+00
809 0.000000000000e+00
810 0.000000000000e+00
811 0.000000000000e+00
812 0.000000000000e+00
813 0.000000000000e+00
814 0.000000000000e+00
815 0.000000000000e+00
816 0.000000000000e+00
817 0.000000000000e+00
818 1.825521844870e+00
819 0.000000000000e+00
820 2.349650065672e+00
821 0.000000000000e+00
822 0.000000000000e+00
823 4.848927758439e+00
824 0.000000000000e+00
825 0.000000000000e+00
826 1.081922588172e+01
827 8.566986626472e+00
828 0.000000000000e+00
829 0.000000000000e+00
830 0.000000000000e+00
831 0.000000000000e+00
832 0.000000000000e+00
833 0.000000000000e+00
834 0.000000000000e+00
835 0.000000000000e+00
836 0.000000000000e+00
837 0.000000000000e+00
838 0.000000000000e+00
839 0.000000000000e+00
840 0.000000000000e+00
841 0.000000000000e+00
842 0.000000000000e+00
843 0.000000000000e+00
844 0.000000000000e+00
845 0.000000000000e+00
846 0.000000000000e+00
847 0.000000000000e+00
848 0.000000000000e+00
849 0.000000000000e+00
850 0.000000000000e+00
851 0.000000000000e+00
852 0.000000000000e+00
853 5.682731091027e+00
854 7.276377490922e+00
855 1.279038563782e+01
856 0.000000000000e+00
857 0.000000000000e+00
858 0.000000000000e+00
859 0.000000000000e+00
860 0.000000000000e+00
861 0.000000000000e+00
862 0.000000000000e+00
863 0.000000000000e+00
864 0.000000000000e+00
865 0.000000000000e+00
866 0.000000000000e+00
867 0.000000000000e+00
868 0.000000000000e+00
869 0.000000000000e+00
870 0.000000000000e+00
871 0.000000000000e+00
872 0.000000000000e+00
873 0.000000000000e+00
874 0.000000000000e+00
875 0.000000000000e+00
876 0.000000000000e+00
877 0.000000000000e+00
878 0.000000000000e+00
879 0.000000000000e+00
880 0.000000000000e+00
881 0.000000000000e+00
882 0.000000000000e+00
883 0.000000000000e+00
884 0.000000000000e+00
885 0.000000000000e+00
886 0.000000000000e+00
887 0.000000000000e+00
888 0.000000000000e+00
889 0.000000000000e+00
890 0.000000000000e+00
891 0.000000000000e+00
892 6.979068023194e-01
893 3.678963937658e+00
894 3.392229308425e+00
895 1.818839066858e+01
896 1.909287521430e+01
897 0.000000000000e+00
898 0.000000000000e+00
899 0.000000000000e+00
900 6.085096515230e+00
901 0.000000000000e+00
902 0.000000000000e+00
903 0.000000000000e+00
904 9.441458972950e+00
905 0.000000000000e+00
906 0.000000000000e+00
907 0.000000000000e+00
908 5.246592317772e+00
909 0.000000000000e+00
910 0.000000000000e+00
911 0.000000000000e+00
912 0.000000000000e+00
913 0.000000000000e+00
914 0.000000000000e+00
915 0.000000000000e+00
916 3.904425758911e+00
917 1.812214502920e+00
918 7.897195185896e+00
919 6.869787671659e+00
920 0.000000000000e+00
921 0.000000000000e+00
922 0.000000000000e+00
923 0.000000000000e+00
924 9.379623949692e+00
925 2.666648419731e+01
926 0.000000000000e+00
927 2.381186424457e+00
928 0.000000000000e+00
929 0.000000000000e+00
930 0.000000000000e+00
931 0.000000000000e+00
932 0.000000000000e+00
933 0.000000000000e+00
934 5.254426911176e+00
935 0.000000000000e+00
936 4.856339579526e+00
937 0.000000000000e+00
938 0.000000000000e+00
939 0.000000000000e+00
940 0.000000000000e+00
941 6.384605398149e+00
942 0.000000000000e+00
943 7.386651527561e+00
944 0.000000000000e+00
945 9.187419722138e+00
946 0.000000000000e+00
947 4.481830728725e+00
948 0.000000000000e+00
949 0.000000000000e+00
950 0.000000000000e+00
951 9.038377459582e-01
952 3.165142434175e+00
953 4.664329570894e+00
954 1.543825279474e+01
955 1.532229495018e+01
956 1.090931748607e+01
957 0.000000000000e+00
958 8.189499679733e+00
959 0.000000000000e+00
960 1.194857770500e+01
961 9.821325258235e+00
962 0.000000000000e+00
963 0.000000000000e+00
964 0.000000000000e+00
965 0.000000000000e+00
966 0.000000000000e+00
967 1.228671545960e+00
968 3.875493195961e+00
969 5.664805302858e+00
970 0.000000000000e+00
971 1.025626400923e+01
972 0.000000000000e+00
973 6.376389976499e+00
974 0.000000000000e+00
975 0.000000000000e+00
976 6.329719611721e+00
977 2.587946505114e+01
978 0.000000000000e+00
979 0.000000000000e+00
980 0.000000000000e+00
981 0.000000000000e+00
982 0.000000000000e+00
983 0.000000000000e+00
984 0.000000000000e+00
985 0.000000000000e+00
986 0.000000000000e+00
987 0.000000000000e+00
988 0.000000000000e+00
989 0.000000000000e+00
990 0.000000000000e+00
991 0.000000000000e+00
992 0.000000000000e+00
993 5.672724610302e+00
994 0.000000000000e+00
995 0.000000000000e+00
996 1.825024581441e+00
997 7.166250176645e+00
998 2.814132212535e+01
999 0.000000000000e+00
1000 0.000000000000e+00
1001 1.270159484321e+00
1002 8.647073372746e+00
1003 3.096187561133e+00
1004 0.000000000000e+00
1005 0.000000000000e+00
1006 0.000000000000e+00
1007 7.675321413107e+00
1008 3.423025574168e+00
1009 0.000000000000e+00
1010 0.000000000000e+00
1011 0.000000000000e+00
1012 0.000000000000e+00
1013 0.000000000000e+00
1014 1.755141006267e+00
1015 1.796688455005e+01
1016 0.000000000000e+00
1017 0.000000000000e+00
1018 3.107455228109e+00
1019 1.114127635329e+01
1020 8.530784520501e+00
1021 0.000000000000e+00
1022 0.000000000000e+00
1023 1.034932928370e+01
1024 0.000000000000e+00
1025 0.000000000000e+00
1026 1.815060919827e+01
1027 1.900836389126e+01
1028 0.000000000000e+00
1029 0.000000000000e+00
1030 0.000000000000e+00
1031 4.006316342962e+00
1032 7.411545990433e+00
1033 8.853592516717e-01
1034 0.000000000000e+00
1035 1.702477151559e+00
1036 0.000000000000e+00
1037 0.000000000000e+00
1038 0.000000000000e+00
1039 0.000000000000e+00
1040 0.000000000000e+00
1041 2.207713517058e+00
1042 1.283847928651e+01
1043 1.146594177881e+01
1044 8.105544004331e+00
1045 0.000000000000e+00
1046 1.048236763665e+01
1047 1.373550826039e+00
1048 0.000000000000e+00
1049 0.000000000000e+00
1050 4.168578567662e+00
1051 7.287043260396e+00
1052 0.000000000000e+00
1053 0.000000000000e+00
1054 0.000000000000e+00
1055 4.164826165307e+00
1056 0.000000000000e+00
1057 0.000000000000e+00
1058 0.000000000000e+00
1059 0.000000000000e+00
1060 0.000000000000e+00
1061 0.000000000000e+00
1062 0.000000000000e+00
1063 2.234970102024e-01
1064 5.014289366613e+00
1065 2.834873023199e+00
1066 1.122307319203e+00
1067 1.773225049108e+00
1068 8.274880576763e+00
1069 1.845992499470e+01
1070 2.116659323823e+01
1071 1.110816161403e+01
1072 1.015505158382e+01
1073 1.185568280413e+01
1074 0.000000000000e+00
1075 3.888734188674e+00
1076 6.121792363877e+00
1077 5.241006205720e+00
1078 1.350229346220e+00
1079 0.000000000000e+00
1080 0.000000000000e+00
1081 4.357953431751e-01
1082 6.257823391501e+00
1083 3.431983999383e+00
1084 0.000000000000e+00
1085 9.158851205935e+00
1086 1.066236933304e+01
1087 1.590041028740e+01
1088 2.542174826361e+01
1089 0.000000000000e+00
1090 0.000000000000e+00
1091 3.728988437286e+00
1092 2.416728226782e+00
1093 0.000000000000e+00
1094 0.000000000000e+00
1095 0.000000000000e+00
1096 8.257602803663e+00
1097 0.000000000000e+00
1098 0.000000000000e+00
1099 0.000000000000e+00
1100 0.000000000000e+00
1101 0.000000000000e+00
1102 0.000000000000e+00
1103 0.000000000000e+00
1104 0.000000000000e+00
1105 0.000000000000e+00
1106 0.000000000000e+00
1107 0.000000000000e+00
1108 0.000000000000e+00
1109 0.000000000000e+00
1110 0.000000000000e+00
1111 0.000000000000e+00
1112 0.000000000000e+00
1113 3.917947216886e+00
1114 4.050747805230e+00
1115 1.375030872894e+01
1116 1.425484236017e+01
1117 1.427120824632e+01
1118 0.000000000000e+00
1119 7.950226195860e+00
1120 0.000000000000e+00
1121 2.355398356113e+00
1122 0.000000000000e+00
1123 2.348513857299e+00
1124 0.000000000000e+00
1125 0.000000000000e+00
1126 3.519397532233e+00
1127 8.201783202873e-01
1128 1.817824786268e+01
1129 0.000000000000e+00
1130 8.795199300791e+00
1131 1.443661426777e+00
1132 0.000000000000e+00
1133 0.000000000000e+00
1134 0.000000000000e+00
1135 0.000000000000e+00
1136 0.000000000000e+00
1137 0.000000000000e+00
1138 0.000000000000e+00
1139 0.000000000000e+00
1140 0.000000000000e+00
1141 0.000000000000e+00
1142 0.000000000000e+00
1143 0.000000000000e+00
1144 0.000000000000e+00
1145 0.000000000000e+00
1146 0.000000000000e+00
1147 0.000000000000e+00
1148 0.000000000000e+00
1149 0.000000000000e+00
1150 0.000000000000e+00
1151 0.000000000000e+00
1152 0.000000000000e+00
1153 0.000000000000e+00
1154 0.000000000000e+00
1155 0.000000000000e+00
1156 0.000000000000e+00
1157 3.265261500422e+00
1158 5.141280222202e+00
1159 7.958033885639e+00
1160 2.076967842994e+00
1161 0.000000000000e+00
1162 0.000000000000e+00
1163 0.000000000000e+00
1164 0.000000000000e+00
1165 0.000000000000e+00
1166 2.945970830744e+00
1167 0.000000000000e+00
1168 0.000000000000e+00
1169 0.000000000000e+00
1170 0.000000000000e+00
1171 0.000000000000e+00
1172 0.000000000000e+00
1173 0.000000000000e+00
1174 1.209448323091e+00
1175 4.304391194914e+00
1176 1.272341454484e+01
1177 0.000000000000e+00
1178 2.799918048925e+00
1179 0.000000000000e+00
1180 3.559600489722e+00
1181 5.713916970161e+00
1182 0.000000000000e+00
1183 1.674100571182e+01
1184 2.231928114775e+01
1185 0.000000000000e+00
1186 0.000000000000e+00
1187 0.000000000000e+00
1188 0.000000000000e+00
1189 0.000000000000e+00
1190 0.000000000000e+00
1191 0.000000000000e+00
1192 0.000000000000e+00
1193 0.000000000000e+00
1194 4.886447090694e+00
1195 3.130980301540e+00
1196 0.000000000000e+00
1197 0.000000000000e+00
1198 0.000000000000e+00
1199 0.000000000000e+00
1200 1.274464816199e+01
1201 0.000000000000e+00
1202 0.000000000000e+00
1203 0.000000000000e+00
1204 0.000000000000e+00
1205 0.000000000000e+00
1206 0.000000000000e+00
1207 0.000000000000e+00
1208 0.000000000000e+00
1209 0.000000000000e+00
1210 0.000000000000e+00
1211 0.000000000000e+00
1212 0.000000000000e+00
1213 0.000000000000e+00
1214 0.000000000000e+00
1215 0.000000000000e+00
1216 0.000000000000e+00
1217 0.000000000000e+00
1218 0.000000000000e+00
1219 0.000000000000e+00
1220 0.000000000000e+00
1221 0.000000000000e+00
1222 0.000000000000e+00
1223 0.000000000000e+00
1224 2.398132515561e+00
1225 5.977366802101e+00
1226 0.000000000000e+00
1227 0.000000000000e+00
1228 1.865296182778e+00
1229 8.528604318432e+00
1230 6.879063492155e+00
1231 2.619740333569e+01
1232 2.594734653915e+01
1233 0.000000000000e+00
1234 0.000000000000e+00
1235 0.000000000000e+00
1236 0.000000000000e+00
1237 0.000000000000e+00
1238 0.000000000000e+00
1239 0.000000000000e+00
1240 9.440491544686e+00
1241 2.726372105222e+00
1242 0.000000000000e+00
1243 0.000000000000e+00
1244 9.494517806557e+00
1245 0.000000000000e+00
1246 0.000000000000e+00
1247 0.000000000000e+00
1248 0.000000000000e+00
1249 3.138896124073e+00
1250 0.000000000000e+00
1251 7.290686246612e-01
1252 4.550713191565e+00
1253 2.037321518301e+01
1254 1.475394745477e+01
1255 1.257101037489e+01
1256 2.551759113677e+00
1257 3.688640787209e+00
1258 0.000000000000e+00
1259 6.433057357725e+00
1260 0.000000000000e+00
1261 0.000000000000e+00
1262 0.000000000000e+00
1263 0.000000000000e+00
1264 0.000000000000e+00
1265 0.000000000000e+00
1266 0.000000000000e+00
1267 0.000000000000e+00
1268 0.000000000000e+00
1269 0.000000000000e+00
1270 0.000000000000e+00
1271 0.000000000000e+00
1272 0.000000000000e+00
1273 0.000000000000e+00
1274 1.059915875442e+01
1275 0.000000000000e+00
1276 1.268211557993e+00
1277 1.191323538486e+00
1278 7.651155234409e+00
1279 2.497290619113e+01
1280 0.000000000000e+00
1281 0.000000000000e+00
1282 3.750321468794e+00
1283 8.853748822274e+00
1284 4.599478568455e+00
1285 0.000000000000e+00
1286 0.000000000000e+00
1287 0.000000000000e+00
1288 2.659924909867e+00
1289 1.147824509039e+01
1290 0.000000000000e+00
1291 0.000000000000e+00
1292 0.000000000000e+00
1293 0.000000000000e+00
1294 0.000000000000e+00
1295 1.673268802842e+00
1296 1.693148163043e+01
1297 4.338990269793e+00
1298 0.000000000000e+00
1299 9.442824509161e+00
1300 5.362961224390e+00
1301 1.249158255273e+01
1302 1.234694640569e+01
1303 0.000000000000e+00
1304 0.000000000000e+00
1305 2.655881538634e+00
1306 1.644727985737e+01
1307 0.000000000000e+00
1308 2.358633565532e+00
1309 3.404577703519e+00
1310 1.617675399574e+01
1311 2.093298064800e+01
1312 5.892313408939e+00
1313 4.983247014363e+00
1314 8.460495576143e+00
1315 0.000000000000e+00
1316 2.189445663671e+00
1317 0.000000000000e+00
1318 0.000000000000e+00
1319 3.918061489746e+00
1320 6.922184670004e+00
1321 1.759682627415e+01
1322 0.000000000000e+00
1323 1.020561256593e+01
1324 7.277847597291e+00
1325 1.142553063160e+00
1326 0.000000000000e+00
1327 3.946729530579e-01
1328 6.523874696025e+00
1329 0.000000000000e+00
1330 1.234891571294e+01
1331 0.000000000000e+00
1332 7.303445502364e+00
1333 0.000000000000e+00
1334 0.000000000000e+00
1335 0.000000000000e+00
1336 5.102400493900e+00
1337 0.000000000000e+00
1338 0.000000000000e+00
1339 0.000000000000e+00
1340 1.486679362766e+00
1341 4.153742216218e+00
1342 1.444453116410e+01
1343 1.881901419531e+01
1344 0.000000000000e+00
1345 8.220144191527e+00
1346 4.992690420411e+00
1347 1.203827772633e+01
1348 1.186755669754e+00
1349 0.000000000000e+00
1350 0.000000000000e+00
1351 9.288962340446e+00
1352 0.000000000000e+00
1353 0.000000000000e+00
1354 0.000000000000e+00
1355 0.000000000000e+00
1356 0.000000000000e+00
1357 0.000000000000e+00
1358 0.000000000000e+00
1359 0.000000000000e+00
1360 0.000000000000e+00
1361 0.000000000000e+00
1362 0.000000000000e+00
1363 0.000000000000e+00
1364 0.000000000000e+00
1365 0.000000000000e+00
1366 0.000000000000e+00
1367 0.000000000000e+00
1368 0.000000000000e+00
1369 0.000000000000e+00
1370 0.000000000000e+00
1371 0.000000000000e+00
1372 2.202079833574e+01
1373 3.753198137158e+00
1374 5.996419227918e+00
1375 1.057404354987e+01
1376 2.064170915918e+00
1377 0.000000000000e+00
1378 0.000000000000e+00
1379 1.223584166290e+01
1380 0.000000000000e+00
1381 6.549810082364e+00
1382 0.000000000000e+00
1383 0.000000000000e+00
1384 1.548145617742e+01
1385 0.000000000000e+00
1386 0.000000000000e+00
1387 1.038529936327e+00
1388 0.000000000000e+00
1389 0.000000000000e+00
1390 3.023328907962e+00
1391 1.231498193172e+00
1392 9.675842492878e+00
1393 0.000000000000e+00
1394 0.000000000000e+00
1395 0.000000000000e+00
1396 0.000000000000e+00
1397 0.000000000000e+00
1398 0.000000000000e+00
1399 0.000000000000e+00
1400 0.000000000000e+00
1401 0.000000000000e+00
1402 0.000000000000e+00
1403 0.000000000000e+00
1404 0.000000000000e+00
1405 0.000000000000e+00
1406 2.031182063762e+00
1407 3.966425168152e+00
1408 4.333276712237e+00
1409 9.395169753521e+00
1410 0.000000000000e+00
1411 0.000000000000e+00
1412 9.268995066282e+00
1413 0.000000000000e+00
1414 9.320489942007e+00
1415 0.000000000000e+00
1416 9.980495044522e+00
1417 1.174131825529e+01
1418 4.187233646179e+00
1419 6.832727595498e+00
1420 0.000000000000e+00
1421 1.247605862186e+00
1422 1.704359161853e+01
1423 0.000000000000e+00
1424 0.000000000000e+00
1425 3.862644936592e+00
1426 0.000000000000e+00
1427 0.000000000000e+00
1428 0.000000000000e+00
1429 0.000000000000e+00
1430 0.000000000000e+00
1431 1.034139354857e+01
1432 6.431479088157e+00
1433 1.198602105180e+01
1434 0.000000000000e+00
1435 3.217683671041e+00
1436 8.050083672412e+00
1437 8.249669501243e+00
1438 0.000000000000e+00
1439 5.814806578901e-01
1440 5.077873801224e+00
1441 8.084113613174e+00
1442 4.708959439236e+00
1443 1.060632962893e+01
1444 1.130746073080e+01
1445 0.000000000000e+00
1446 7.593102829239e+00
1447 7.783961119889e+00
1448 8.574087832138e+00
1449 0.000000000000e+00
