48.978000 41.935000 11.928000 1.824000
48.628000 41.682000 10.496000 1.908000
48.195000 40.233000 10.300000 1.908000
48.882000 39.337000 10.797000 1.661200
49.810000 41.998000 9.588000 1.908000
49.791000 43.328000 8.879000 1.908000
49.352000 43.327000 7.137000 2.000000
49.778000 41.673000 6.617000 1.908000
50.721000 41.656000 6.279000 1.387000
49.695000 41.042000 7.392000 1.387000
49.161000 41.378000 5.885000 1.387000
50.046000 41.516000 11.963000 0.600000
48.521000 41.639000 12.540000 0.600000
49.156000 43.970000 9.416000 1.387000
50.728000 43.782000 9.019000 1.387000
49.185000 41.064000 12.366000 0.600000
47.858000 42.279000 10.268000 1.100000
49.884000 41.259000 8.883000 1.487000
50.669000 41.941000 10.142000 1.487000
47.076000 40.011000 9.617000 1.824000
46.621000 38.647000 9.368000 1.908000
46.842000 38.284000 7.901000 1.908000
46.594000 39.046000 6.967000 1.661200
45.159000 38.403000 9.751000 1.908000
44.953000 37.135000 10.558000 1.908000
43.576000 36.515000 10.448000 1.908000
43.569000 35.087000 10.970000 1.908000
43.810000 34.964000 12.437000 1.824000
47.152000 38.016000 9.939000 1.387000
42.673000 34.664000 10.749000 1.100000
44.279000 34.556000 10.477000 1.100000
45.643000 36.447000 10.264000 1.487000
45.141000 37.337000 11.537000 1.487000
43.730000 34.005000 12.705000 0.600000
44.728000 35.297000 12.650000 0.600000
43.132000 35.508000 12.929000 0.600000
43.299000 36.503000 9.493000 1.487000
42.934000 37.051000 10.987000 1.487000
46.580000 40.853000 9.293000 0.600000
44.626000 38.335000 8.912000 1.487000
44.847000 39.177000 10.293000 1.487000
47.335000 37.063000 7.719000 1.824000
47.552000 36.536000 6.378000 1.908000
46.717000 35.276000 6.184000 1.908000
46.767000 34.360000 7.003000 1.661200
49.037000 36.292000 6.134000 1.908000
49.372000 35.465000 4.902000 1.908000
49.432000 36.314000 3.644000 1.908000
50.873000 36.579000 3.233000 1.908000
51.218000 35.301000 2.601000 1.824000
47.262000 37.221000 5.706000 1.387000
50.890000 37.291000 2.584000 1.100000
51.406000 36.718000 4.023000 1.100000
50.262000 35.024000 5.038000 1.487000
48.672000 34.758000 4.783000 1.487000
51.639000 34.689000 3.275000 0.600000
50.391000 34.865000 2.236000 0.600000
51.865000 35.454000 1.850000 0.600000
48.988000 37.185000 3.819000 1.487000
48.976000 35.830000 2.906000 1.487000
47.543000 36.539000 8.585000 0.600000
49.414000 35.821000 6.939000 1.487000
49.491000 37.184000 6.044000 1.487000
45.939000 35.254000 5.114000 1.824000
45.136000 34.096000 4.753000 1.908000
45.568000 33.523000 3.403000 1.908000
45.708000 34.246000 2.414000 1.661200
43.663000 34.476000 4.752000 1.908000
45.950000 36.137000 4.552000 0.600000
45.257000 33.382000 5.455000 1.387000
43.264000 34.271000 5.645000 1.487000
43.570000 35.453000 4.563000 1.487000
43.183000 33.954000 4.047000 1.487000
45.830000 32.217000 3.354000 1.824000
46.210000 31.554000 2.115000 1.908000
45.141000 30.551000 1.681000 1.908000
44.617000 29.768000 2.475000 1.661200
47.559000 30.818000 2.193000 1.908000
47.854000 30.038000 0.915000 1.908000
48.706000 31.784000 2.485000 1.908000
46.288000 32.252000 1.394000 1.387000
47.902000 29.062000 1.125000 1.487000
49.234000 31.928000 1.649000 1.487000
47.499000 30.149000 2.933000 1.487000
47.126000 30.201000 0.251000 1.487000
48.727000 30.341000 0.535000 1.487000
45.740000 31.723000 4.265000 0.600000
48.329000 32.653000 2.801000 1.487000
49.292000 31.392000 3.192000 1.487000
44.845000 30.576000 0.386000 1.824000
43.957000 29.620000 -0.254000 1.908000
44.749000 28.868000 -1.331000 1.908000
45.208000 29.514000 -2.274000 1.661200
42.762000 30.288000 -0.964000 1.908000
41.777000 30.887000 0.050000 1.908000
42.039000 29.329000 -1.909000 1.908000
40.859000 31.930000 -0.557000 1.908000
43.716000 28.946000 0.438000 1.387000
41.329000 29.833000 -2.396000 1.487000
42.701000 28.956000 -2.555000 1.487000
43.115000 31.032000 -1.525000 1.487000
41.226000 30.149000 0.427000 1.487000
42.303000 31.310000 0.782000 1.487000
40.325000 31.512000 -1.290000 1.487000
45.315000 31.357000 -0.142000 0.600000
40.246000 32.280000 0.149000 1.487000
41.632000 28.595000 -1.371000 1.487000
41.408000 32.678000 -0.926000 1.487000
44.915000 27.558000 -1.215000 1.824000
45.600000 26.832000 -2.295000 1.908000
44.498000 26.318000 -3.223000 1.908000
43.861000 25.299000 -2.995000 1.661200
46.518000 25.726000 -1.817000 1.908000
47.549000 26.254000 -0.829000 1.908000
46.124000 27.494000 -2.805000 1.387000
44.552000 27.124000 -0.370000 0.600000
46.998000 25.346000 -2.597000 1.487000
45.977000 25.032000 -1.361000 1.487000
47.352000 26.063000 0.377000 1.661200
48.594000 26.916000 -1.309000 1.824000
49.291000 27.273000 -0.710000 0.600000
48.673000 27.057000 -2.306000 0.600000
44.230000 27.112000 -4.259000 1.824000
43.192000 26.885000 -5.236000 1.908000
43.092000 25.477000 -5.762000 1.908000
41.991000 24.922000 -5.825000 1.661200
44.875000 27.960000 -4.302000 0.600000
42.285000 27.157000 -4.831000 1.387000
43.330000 27.529000 -6.028000 1.387000
44.205000 24.821000 -6.078000 1.824000
44.200000 23.447000 -6.543000 1.908000
43.618000 22.462000 -5.537000 1.908000
43.259000 21.351000 -5.938000 1.661200
45.606000 23.002000 -6.954000 1.908000
46.498000 22.502000 -5.834000 1.908000
46.925000 23.624000 -4.906000 1.908000
46.786000 24.810000 -5.284000 1.661200
47.393000 23.313000 -3.794000 1.661200
45.993000 21.853000 -5.301000 1.487000
43.673000 23.384000 -7.414000 1.387000
47.309000 22.120000 -6.229000 1.487000
45.081000 25.383000 -5.961000 0.600000
46.056000 23.782000 -7.371000 1.487000
45.505000 22.264000 -7.609000 1.487000
43.522000 22.796000 -4.267000 1.824000
43.004000 21.934000 -3.226000 1.908000
41.512000 22.142000 -2.980000 1.908000
40.915000 21.399000 -2.192000 1.661200
43.802000 22.192000 -1.936000 1.908000
45.215000 21.660000 -1.919000 1.908000
46.077000 22.055000 -0.742000 1.908000
45.177000 20.642000 -1.956000 1.487000
43.132000 20.972000 -3.519000 1.387000
45.684000 21.963000 -2.772000 1.487000
43.867000 23.781000 -4.063000 0.600000
43.297000 21.776000 -1.165000 1.487000
43.836000 23.189000 -1.782000 1.487000
47.725000 21.897000 -1.916000 0.600000
45.650000 22.297000 0.394000 1.661200
47.387000 22.122000 -0.987000 1.824000
48.038000 22.396000 -0.246000 0.600000
40.914000 23.145000 -3.621000 1.824000
39.488000 23.430000 -3.435000 1.908000
38.662000 22.518000 -4.325000 1.908000
38.809000 22.569000 -5.545000 1.661200
39.185000 24.906000 -3.729000 1.908000
40.069000 25.856000 -2.913000 1.908000
37.721000 25.231000 -3.479000 1.908000
40.104000 25.600000 -1.418000 1.908000
39.276000 23.182000 -2.489000 1.387000
37.546000 26.174000 -3.756000 1.487000
37.154000 24.607000 -4.014000 1.487000
39.370000 25.073000 -4.699000 1.487000
41.007000 25.800000 -3.273000 1.487000
39.742000 26.796000 -3.068000 1.487000
40.450000 24.679000 -1.250000 1.487000
41.529000 23.694000 -4.248000 0.600000
40.704000 26.269000 -0.983000 1.487000
37.525000 25.120000 -2.506000 1.487000
39.181000 25.686000 -1.048000 1.487000
37.856000 21.624000 -3.779000 1.824000
37.097000 20.680000 -4.588000 1.908000
35.599000 20.947000 -4.527000 1.908000
34.845000 20.255000 -5.204000 1.661200
37.364000 19.240000 -4.139000 1.908000
38.762000 18.765000 -4.510000 1.908000
38.699000 17.675000 -5.570000 1.908000
40.039000 17.260000 -5.962000 1.824000
40.310000 16.184000 -6.681000 1.908000
39.323000 15.395000 -7.090000 1.824000
41.580000 15.935000 -6.957000 1.824000
39.209000 18.390000 -3.706000 1.487000
37.399000 20.760000 -5.551000 1.387000
40.814000 17.835000 -5.663000 0.600000
39.285000 19.526000 -4.877000 1.487000
41.820000 15.105000 -7.492000 0.600000
42.300000 16.549000 -6.649000 0.600000
37.810000 21.651000 -2.740000 0.600000
38.221000 18.041000 -6.358000 1.387000
38.211000 16.902000 -5.188000 1.387000
39.542000 14.563000 -7.624000 0.600000
38.377000 15.615000 -6.878000 0.600000
36.709000 18.649000 -4.584000 1.487000
37.275000 19.199000 -3.155000 1.487000
35.210000 21.938000 -3.749000 1.824000
33.805000 22.310000 -3.624000 1.908000
33.697000 23.683000 -2.971000 1.908000
34.663000 24.158000 -2.360000 1.661200
33.042000 21.278000 -2.798000 1.908000
33.244000 21.494000 -1.414000 1.721000
35.975000 22.425000 -3.239000 0.600000
33.416000 22.374000 -4.544000 1.387000
33.371000 20.369000 -3.036000 1.387000
32.071000 21.357000 -3.001000 1.387000
34.159000 21.184000 -1.157000 0.600000
32.503000 24.263000 -3.005000 1.824000
32.274000 25.562000 -2.369000 1.908000
32.376000 25.428000 -0.855000 1.908000
32.906000 26.276000 -0.145000 1.661200
30.942000 26.182000 -2.804000 1.908000
30.764000 27.588000 -2.231000 1.908000
29.765000 25.296000 -2.408000 1.908000
31.913000 28.540000 -2.471000 1.908000
33.030000 26.152000 -2.658000 1.387000
28.925000 25.696000 -2.768000 1.487000
29.903000 24.386000 -2.792000 1.487000
30.944000 26.254000 -3.801000 1.487000
29.926000 27.985000 -2.623000 1.487000
30.620000 27.504000 -1.237000 1.487000
32.052000 28.652000 -3.454000 1.487000
31.769000 23.734000 -3.505000 0.600000
31.701000 29.426000 -2.061000 1.487000
29.721000 25.245000 -1.413000 1.487000
32.743000 28.170000 -2.056000 1.487000
31.985000 24.273000 -0.343000 1.824000
32.125000 23.873000 1.041000 1.908000
33.577000 23.888000 1.507000 1.908000
33.874000 24.307000 2.629000 1.661200
31.502000 22.485000 1.202000 1.908000
31.914000 21.890000 2.415000 1.721000
31.536000 23.630000 -1.070000 0.600000
31.612000 24.532000 1.616000 1.387000
31.795000 21.914000 0.442000 1.387000
30.512000 22.577000 1.203000 1.387000
31.601000 22.446000 3.185000 0.600000
34.511000 23.474000 0.649000 1.824000
35.933000 23.498000 0.947000 1.908000
36.416000 24.946000 1.102000 1.908000
37.329000 25.276000 1.855000 1.661200
36.771000 22.878000 -0.172000 1.908000
36.919000 21.382000 -0.165000 1.908000
36.436000 20.742000 0.787000 1.661200
37.505000 20.795000 -1.102000 1.661200
34.124000 23.128000 -0.264000 0.600000
36.064000 23.053000 1.837000 1.387000
37.693000 23.296000 -0.127000 1.487000
36.355000 23.159000 -1.053000 1.487000
35.856000 25.803000 0.253000 1.824000
36.209000 27.206000 0.197000 1.908000
35.779000 27.938000 1.454000 1.908000
36.559000 28.761000 1.935000 1.661200
35.636000 27.884000 -1.052000 1.908000
36.079000 29.316000 -1.339000 1.908000
37.576000 29.517000 -1.116000 1.908000
35.725000 29.716000 -2.770000 1.908000
34.736000 29.652000 -2.898000 1.487000
36.023000 30.655000 -2.936000 1.487000
36.185000 29.102000 -3.410000 1.487000
35.134000 25.369000 -0.374000 0.600000
38.087000 28.908000 -1.722000 1.487000
37.817000 30.466000 -1.316000 1.487000
37.801000 29.308000 -0.165000 1.487000
37.213000 27.285000 0.111000 1.387000
35.570000 29.943000 -0.738000 1.487000
34.639000 27.891000 -0.963000 1.487000
35.894000 27.327000 -1.844000 1.487000
34.579000 27.682000 1.961000 1.824000
34.116000 28.350000 3.173000 1.908000
34.841000 27.782000 4.395000 1.908000
35.267000 28.520000 5.284000 1.661200
32.609000 28.237000 3.373000 1.908000
31.818000 28.893000 2.285000 1.908000
34.018000 26.989000 1.438000 0.600000
34.336000 29.326000 3.105000 1.387000
32.360000 28.667000 4.246000 1.487000
32.353000 27.266000 3.408000 1.487000
31.136000 28.347000 1.244000 1.908000
32.066000 30.932000 2.799000 0.600000
30.711000 31.438000 0.777000 1.359000
30.954000 30.524000 1.104000 1.908000
31.680000 30.260000 2.175000 1.824000
30.596000 29.388000 0.535000 1.824000
31.048000 27.379000 1.039000 1.409000
35.067000 26.475000 4.402000 1.824000
35.847000 25.838000 5.455000 1.908000
37.306000 26.266000 5.433000 1.908000
37.903000 26.443000 6.503000 1.661200
35.686000 24.319000 5.391000 1.908000
34.457000 23.918000 6.210000 1.908000
33.761000 22.696000 5.644000 1.908000
34.750000 23.718000 7.142000 1.487000
35.456000 26.120000 6.345000 1.387000
33.816000 24.682000 6.212000 1.487000
34.647000 25.955000 3.606000 0.600000
36.473000 23.893000 5.791000 1.487000
35.537000 24.049000 4.462000 1.487000
31.982000 23.658000 5.807000 0.600000
34.423000 21.701000 5.351000 1.661200
32.441000 22.802000 5.516000 1.824000
31.894000 22.026000 5.128000 0.600000
37.870000 26.515000 4.255000 1.824000
39.240000 27.026000 4.174000 1.908000
39.247000 28.463000 4.687000 1.908000
40.156000 28.815000 5.443000 1.661200
39.819000 26.911000 2.761000 1.908000
39.782000 25.530000 2.361000 1.721000
41.257000 27.394000 2.669000 1.908000
39.820000 26.476000 4.768000 1.387000
41.408000 27.850000 1.788000 1.487000
41.447000 28.043000 3.410000 1.487000
37.280000 26.324000 3.432000 0.600000
39.236000 27.440000 2.118000 1.387000
41.884000 26.615000 2.747000 1.487000
38.847000 25.268000 2.103000 0.600000
38.222000 29.251000 4.388000 1.824000
38.113000 30.608000 4.905000 1.908000
37.905000 30.650000 6.414000 1.908000
38.528000 31.475000 7.087000 1.661200
37.002000 31.391000 4.193000 1.908000
37.264000 31.788000 2.740000 1.908000
36.017000 32.397000 2.114000 1.908000
38.430000 32.755000 2.621000 1.908000
39.259000 32.328000 2.983000 1.487000
38.573000 32.993000 1.660000 1.487000
38.232000 33.586000 3.141000 1.487000
37.511000 28.820000 3.759000 0.600000
35.749000 33.213000 2.628000 1.487000
36.208000 32.650000 1.165000 1.487000
35.272000 31.730000 2.137000 1.487000
38.971000 31.104000 4.689000 1.387000
37.531000 30.974000 2.223000 1.487000
36.844000 32.230000 4.708000 1.487000
36.178000 30.826000 4.204000 1.487000
37.075000 29.789000 6.985000 1.824000
36.827000 29.714000 8.414000 1.908000
38.120000 29.568000 9.224000 1.908000
38.393000 30.300000 10.168000 1.661200
35.935000 28.522000 8.748000 1.908000
35.283000 28.554000 10.118000 1.908000
34.354000 27.350000 10.288000 1.908000
34.363000 26.869000 11.729000 1.908000
33.172000 26.038000 12.051000 1.824000
36.359000 30.561000 8.714000 1.387000
35.195000 26.327000 11.886000 1.100000
34.382000 27.668000 12.339000 1.100000
35.986000 28.514000 10.819000 1.487000
34.747000 29.385000 10.210000 1.487000
33.421000 25.350000 12.732000 0.600000
32.448000 26.623000 12.416000 0.600000
32.849000 25.585000 11.221000 0.600000
34.673000 26.617000 9.704000 1.487000
33.433000 27.623000 10.047000 1.487000
36.596000 29.145000 6.294000 0.600000
36.493000 27.687000 8.685000 1.487000
35.208000 28.472000 8.055000 1.487000
38.955000 28.636000 8.782000 1.824000
40.246000 28.395000 9.392000 1.908000
41.227000 29.548000 9.228000 1.908000
41.829000 30.011000 10.202000 1.661200
40.859000 27.112000 8.807000 1.908000
42.304000 26.902000 9.254000 1.908000
42.373000 26.790000 10.776000 1.908000
43.767000 27.046000 11.298000 1.908000
44.082000 28.488000 11.428000 1.824000
40.113000 28.227000 10.390000 1.387000
43.865000 26.605000 12.202000 1.100000
44.435000 26.618000 10.672000 1.100000
42.649000 26.061000 8.854000 1.487000
42.851000 27.678000 8.963000 1.487000
44.190000 28.721000 12.395000 0.600000
44.932000 28.690000 10.940000 0.600000
43.337000 29.030000 11.037000 0.600000
42.093000 25.870000 11.039000 1.487000
41.751000 27.462000 11.171000 1.487000
38.599000 28.096000 7.960000 0.600000
40.843000 27.184000 7.820000 1.487000
40.320000 26.342000 9.117000 1.487000
41.397000 30.050000 8.016000 1.824000
42.380000 31.069000 7.688000 1.908000
42.042000 32.466000 8.169000 1.908000
42.929000 33.309000 8.312000 1.661200
42.579000 31.076000 6.163000 1.908000
43.175000 29.791000 5.623000 1.908000
44.668000 29.694000 5.886000 1.908000
45.403000 30.667000 5.609000 1.661200
45.113000 28.640000 6.373000 1.661200
42.746000 29.035000 6.077000 1.487000
43.292000 30.793000 8.071000 1.387000
43.045000 29.771000 4.651000 1.487000
40.745000 29.640000 7.292000 0.600000
43.196000 31.809000 5.949000 1.487000
41.696000 31.196000 5.751000 1.487000
40.762000 32.758000 8.379000 1.824000
40.326000 34.062000 8.860000 1.908000
39.863000 33.954000 10.315000 1.908000
39.278000 34.884000 10.878000 1.661200
39.216000 34.618000 7.975000 1.908000
39.503000 35.053000 6.541000 1.908000
38.256000 35.659000 5.896000 1.908000
40.634000 36.061000 6.433000 1.908000
41.476000 35.663000 6.799000 1.487000
40.775000 36.307000 5.473000 1.487000
40.403000 36.883000 6.955000 1.487000
40.102000 31.976000 8.170000 0.600000
37.965000 36.457000 6.423000 1.487000
38.469000 35.935000 4.960000 1.487000
37.524000 34.979000 5.886000 1.487000
41.101000 34.696000 8.824000 1.387000
39.794000 34.258000 6.009000 1.487000
38.819000 35.423000 8.454000 1.487000
38.482000 33.913000 7.928000 1.487000
40.045000 32.788000 10.927000 1.824000
39.634000 32.518000 12.308000 1.908000
38.177000 32.915000 12.548000 1.908000
37.826000 33.651000 13.469000 1.661200
40.554000 33.236000 13.283000 1.908000
40.516000 32.062000 10.329000 0.600000
39.730000 31.530000 12.486000 1.387000
40.372000 32.916000 14.213000 1.487000
41.507000 33.045000 13.047000 1.487000
40.391000 34.221000 13.233000 1.487000
37.302000 32.439000 11.660000 1.824000
35.896000 32.806000 11.706000 1.908000
35.199000 32.172000 12.899000 1.908000
35.689000 31.237000 13.524000 1.661200
35.216000 32.441000 10.375000 1.908000
35.742000 33.163000 9.132000 1.908000
34.943000 32.788000 7.884000 1.908000
35.748000 34.671000 9.325000 1.908000
36.335000 34.908000 10.100000 1.487000
36.096000 35.114000 8.498000 1.487000
34.817000 34.990000 9.505000 1.487000
37.708000 31.799000 10.952000 0.600000
33.985000 33.041000 8.015000 1.487000
35.313000 33.276000 7.095000 1.487000
35.011000 31.803000 7.730000 1.487000
35.827000 33.809000 11.793000 1.387000
36.704000 32.915000 8.994000 1.487000
34.250000 32.657000 10.460000 1.487000
35.342000 31.465000 10.229000 1.487000
34.018000 32.678000 13.216000 1.824000
33.244000 32.141000 14.327000 1.908000
33.066000 30.637000 14.193000 1.908000
32.998000 30.067000 13.108000 1.661200
31.929000 32.887000 14.296000 1.908000
32.103000 34.030000 13.362000 1.908000
33.325000 33.786000 12.530000 1.908000
31.279000 34.132000 12.769000 1.487000
33.674000 32.373000 15.210000 1.387000
33.917000 34.598000 12.494000 1.387000
33.087000 33.520000 11.592000 1.387000
32.191000 34.902000 13.883000 1.487000
31.678000 33.216000 15.223000 1.487000
31.177000 32.280000 13.983000 1.487000
32.903000 29.974000 15.328000 1.824000
32.642000 28.553000 15.441000 1.908000
31.411000 28.137000 14.645000 1.908000
31.423000 27.061000 14.058000 1.661200
32.466000 28.192000 16.920000 1.908000
31.603000 26.981000 17.223000 1.908000
32.011000 26.309000 18.516000 1.908000
32.097000 27.031000 19.544000 1.661200
32.234000 25.076000 18.507000 1.661200
30.676000 27.280000 17.322000 1.487000
33.444000 28.030000 15.112000 1.387000
31.718000 26.330000 16.500000 1.487000
32.983000 30.601000 16.188000 0.600000
32.052000 28.976000 17.371000 1.487000
33.371000 28.016000 17.293000 1.487000
30.355000 28.943000 14.655000 1.824000
29.178000 28.664000 13.848000 1.908000
29.114000 29.531000 12.600000 1.908000
28.029000 29.857000 12.119000 1.661200
27.899000 28.745000 14.687000 1.908000
27.898000 27.551000 15.624000 1.908000
27.722000 26.285000 15.096000 1.908000
28.150000 27.689000 16.976000 1.908000
27.743000 25.170000 15.908000 1.908000
28.174000 26.577000 17.799000 1.908000
27.962000 25.319000 17.266000 1.908000
27.967000 24.512000 17.860000 1.459000
29.256000 27.705000 13.533000 1.387000
27.598000 24.257000 15.511000 1.459000
28.346000 26.691000 18.792000 1.459000
30.444000 29.770000 15.276000 0.600000
28.317000 28.596000 17.362000 1.459000
27.579000 26.173000 14.113000 1.459000
27.145000 28.662000 14.098000 1.487000
27.937000 29.543000 15.221000 1.487000
30.303000 29.843000 12.067000 1.824000
30.380000 30.615000 10.828000 1.908000
29.336000 30.072000 9.859000 1.908000
29.380000 28.891000 9.556000 1.661200
31.779000 30.520000 10.228000 1.908000
31.898000 30.973000 8.794000 1.908000
31.452000 32.219000 8.390000 1.908000
32.464000 30.130000 7.839000 1.908000
31.559000 32.610000 7.065000 1.908000
32.582000 30.512000 6.514000 1.908000
32.120000 31.755000 6.135000 1.908000
32.227000 32.172000 4.832000 1.721000
30.153000 31.564000 11.033000 1.387000
31.230000 33.516000 6.781000 1.459000
32.994000 29.899000 5.845000 1.459000
31.121000 29.503000 12.589000 0.600000
32.793000 29.227000 8.122000 1.459000
31.048000 32.845000 9.056000 1.459000
32.077000 29.562000 10.277000 1.487000
32.398000 31.081000 10.785000 1.487000
31.332000 32.478000 4.509000 0.600000
28.452000 30.921000 9.351000 1.824000
27.369000 30.517000 8.483000 1.908000
27.748000 29.899000 7.160000 1.908000
26.883000 29.326000 6.488000 1.661200
28.611000 31.921000 9.639000 0.600000
26.758000 29.857000 8.997000 1.387000
26.760000 31.336000 8.307000 1.387000
28.985000 30.034000 6.693000 1.824000
29.424000 29.450000 5.434000 1.908000
28.572000 29.861000 4.243000 1.908000
28.322000 29.046000 3.360000 1.661200
29.431000 27.916000 5.572000 1.908000
30.431000 27.439000 6.614000 1.908000
30.519000 25.940000 6.754000 1.908000
30.236000 25.208000 5.785000 1.661200
30.887000 25.466000 7.848000 1.661200
31.327000 27.770000 6.352000 1.487000
30.393000 29.712000 5.259000 1.387000
30.159000 27.808000 7.492000 1.487000
29.617000 30.598000 7.310000 0.600000
29.694000 27.543000 4.710000 1.487000
28.541000 27.643000 5.862000 1.487000
28.180000 31.126000 4.171000 1.824000
27.440000 31.630000 3.010000 1.908000
28.012000 33.001000 2.661000 1.908000
28.933000 33.451000 3.365000 1.661200
25.946000 31.626000 3.279000 1.908000
25.568000 32.424000 4.510000 1.908000
27.641000 31.026000 2.248000 1.387000
28.434000 31.715000 4.984000 0.600000
25.648000 30.682000 3.410000 1.487000
25.478000 32.021000 2.491000 1.487000
25.518000 33.643000 4.391000 1.661200
25.311000 31.788000 5.654000 1.824000
25.060000 32.266000 6.464000 0.600000
25.383000 30.775000 5.670000 0.600000
27.553000 33.655000 1.607000 1.824000
28.104000 34.964000 1.249000 1.908000
27.715000 36.037000 2.259000 1.908000
28.486000 36.955000 2.545000 1.661200
27.662000 35.315000 -0.174000 1.908000
27.956000 34.259000 -1.250000 1.908000
27.779000 34.820000 -2.654000 1.908000
29.372000 33.713000 -1.119000 1.908000
29.485000 33.290000 -0.220000 1.487000
29.534000 33.030000 -1.831000 1.487000
30.029000 34.460000 -1.220000 1.487000
26.804000 33.186000 1.079000 0.600000
28.405000 35.588000 -2.789000 1.487000
27.978000 34.107000 -3.327000 1.487000
26.837000 35.135000 -2.772000 1.487000
29.111000 34.892000 1.232000 1.387000
27.332000 33.484000 -1.120000 1.487000
28.130000 36.149000 -0.444000 1.487000
26.677000 35.458000 -0.163000 1.487000
26.498000 35.934000 2.794000 1.824000
25.948000 36.851000 3.769000 1.908000
26.709000 36.793000 5.094000 1.908000
27.191000 37.817000 5.604000 1.661200
24.453000 36.582000 3.975000 1.908000
23.605000 37.142000 2.846000 1.908000
23.851000 38.298000 2.444000 1.661200
22.668000 36.444000 2.380000 1.661200
25.956000 35.098000 2.431000 0.600000
26.066000 37.787000 3.408000 1.387000
24.178000 37.011000 4.824000 1.487000
24.321000 35.600000 4.017000 1.487000
27.031000 35.591000 5.557000 1.824000
27.886000 35.416000 6.725000 1.908000
29.318000 35.846000 6.429000 1.908000
30.030000 36.285000 7.329000 1.661200
27.879000 33.972000 7.213000 1.908000
26.626000 34.795000 5.021000 0.600000
27.529000 35.985000 7.477000 1.387000
27.414000 33.396000 6.542000 1.487000
28.820000 33.655000 7.330000 1.487000
27.399000 33.918000 8.088000 1.487000
29.769000 35.732000 5.177000 1.824000
31.144000 36.125000 4.863000 1.908000
31.309000 37.633000 4.974000 1.908000
32.283000 38.108000 5.553000 1.661200
31.583000 35.638000 3.484000 1.908000
33.010000 35.972000 3.061000 1.908000
34.049000 35.347000 3.980000 1.908000
33.268000 35.482000 1.630000 1.908000
32.628000 35.930000 1.009000 1.487000
34.204000 35.708000 1.369000 1.487000
33.137000 34.493000 1.593000 1.487000
29.102000 35.365000 4.495000 0.600000
33.950000 34.351000 3.970000 1.487000
34.966000 35.593000 3.665000 1.487000
33.917000 35.684000 4.913000 1.487000
31.759000 35.686000 5.525000 1.387000
33.125000 36.973000 3.063000 1.487000
30.969000 36.041000 2.808000 1.487000
31.493000 34.642000 3.469000 1.487000
30.341000 38.363000 4.420000 1.824000
30.327000 39.811000 4.455000 1.908000
30.305000 40.336000 5.882000 1.908000
31.032000 41.249000 6.252000 1.661200
29.084000 40.337000 3.734000 1.908000
28.869000 41.808000 3.895000 1.908000
27.955000 42.414000 4.715000 1.908000
29.582000 42.859000 3.229000 1.908000
28.064000 43.774000 4.585000 1.824000
29.049000 44.078000 3.682000 1.908000
30.618000 42.879000 2.288000 1.908000
29.509000 45.313000 3.234000 1.908000
31.074000 44.114000 1.844000 1.908000
30.523000 45.317000 2.314000 1.908000
30.883000 46.179000 1.967000 1.459000
31.179000 40.141000 4.024000 1.387000
27.506000 44.451000 5.077000 0.600000
31.020000 42.040000 1.945000 1.459000
31.813000 44.142000 1.172000 1.459000
29.101000 46.163000 3.582000 1.459000
27.315000 41.942000 5.309000 1.409000
29.592000 37.793000 3.957000 0.600000
28.282000 39.877000 4.100000 1.487000
29.176000 40.155000 2.761000 1.487000
29.410000 39.759000 6.675000 1.824000
29.227000 40.082000 8.077000 1.908000
30.487000 39.762000 8.879000 1.908000
30.762000 40.472000 9.859000 1.661200
28.022000 39.335000 8.644000 1.908000
27.832000 39.585000 10.129000 1.908000
27.482000 40.732000 10.482000 1.661200
28.023000 38.644000 10.936000 1.661200
28.827000 39.024000 6.183000 0.600000
29.085000 41.077000 8.143000 1.387000
28.164000 38.364000 8.500000 1.487000
27.212000 39.646000 8.163000 1.487000
31.221000 38.713000 8.493000 1.824000
32.487000 38.454000 9.186000 1.908000
33.551000 39.438000 8.723000 1.908000
34.160000 40.099000 9.579000 1.661200
32.958000 37.014000 9.069000 1.908000
31.892000 35.843000 9.958000 2.000000
30.849000 38.155000 7.734000 0.600000
32.338000 38.590000 10.169000 1.387000
33.872000 36.948000 9.452000 1.387000
32.962000 36.758000 8.110000 1.387000
31.181000 36.349000 10.444000 0.600000
33.707000 39.695000 7.419000 1.824000
34.705000 40.672000 6.987000 1.908000
34.457000 42.060000 7.556000 1.908000
35.427000 42.793000 7.790000 1.661200
34.823000 40.741000 5.458000 1.908000
35.263000 39.436000 4.781000 1.908000
35.172000 39.527000 3.267000 1.908000
36.663000 39.028000 5.219000 1.908000
36.677000 38.891000 6.210000 1.487000
36.922000 38.177000 4.763000 1.487000
37.313000 39.747000 4.974000 1.487000
33.096000 39.172000 6.787000 0.600000
35.763000 40.265000 2.939000 1.487000
35.466000 38.661000 2.860000 1.487000
34.227000 39.716000 2.998000 1.487000
35.616000 40.356000 7.300000 1.387000
34.675000 38.690000 5.107000 1.487000
35.495000 41.432000 5.235000 1.487000
33.932000 40.978000 5.094000 1.487000
33.212000 42.481000 7.759000 1.824000
32.921000 43.813000 8.267000 1.908000
32.473000 43.883000 9.718000 1.908000
31.969000 44.929000 10.138000 1.661200
31.812000 44.447000 7.395000 1.908000
30.639000 43.626000 7.527000 1.721000
32.267000 44.497000 5.939000 1.908000
33.770000 44.384000 8.170000 1.387000
31.480000 44.677000 5.345000 1.487000
32.944000 45.227000 5.821000 1.487000
32.475000 41.783000 7.525000 0.600000
31.599000 45.366000 7.757000 1.387000
32.679000 43.620000 5.684000 1.487000
30.780000 42.743000 7.069000 0.600000
32.630000 42.826000 10.500000 1.824000
32.194000 42.802000 11.881000 1.908000
32.777000 41.651000 12.679000 1.908000
32.135000 41.185000 13.625000 1.661200
33.096000 42.011000 10.033000 0.600000
32.448000 43.681000 12.331000 1.387000
31.177000 42.747000 11.913000 1.387000
33.984000 41.198000 12.354000 1.824000
34.606000 40.109000 13.099000 1.908000
36.108000 40.031000 12.852000 1.908000
36.915000 40.210000 13.762000 1.661200
33.966000 38.776000 12.733000 1.908000
34.471000 37.579000 13.485000 1.908000
35.584000 36.838000 13.198000 1.908000
33.874000 36.968000 14.627000 1.908000
35.720000 35.819000 14.104000 1.824000
34.685000 35.876000 14.993000 1.908000
32.730000 37.239000 15.384000 1.908000
34.392000 35.049000 16.080000 1.908000
32.438000 36.420000 16.468000 1.908000
33.262000 35.339000 16.809000 1.908000
33.019000 34.775000 17.595000 1.459000
34.469000 40.293000 14.083000 1.387000
36.457000 35.143000 14.114000 0.600000
32.132000 38.003000 15.158000 1.459000
31.623000 36.610000 17.010000 1.459000
34.990000 34.278000 16.307000 1.459000
36.208000 37.014000 12.437000 1.409000
34.430000 41.672000 11.550000 0.600000
34.122000 38.596000 11.759000 1.487000
32.979000 38.831000 12.902000 1.487000
36.461000 39.714000 11.608000 1.824000
37.839000 39.565000 11.174000 1.908000
38.755000 40.686000 11.633000 1.908000
38.400000 41.850000 11.774000 1.661200
37.893000 39.430000 9.635000 1.908000
39.302000 39.330000 9.071000 1.908000
37.093000 38.190000 9.219000 1.908000
38.198000 38.692000 11.560000 1.387000
39.608000 40.234000 8.774000 1.487000
36.925000 37.627000 10.025000 1.487000
37.479000 40.263000 9.245000 1.487000
39.921000 38.985000 9.777000 1.487000
39.306000 38.705000 8.291000 1.487000
35.642000 39.579000 10.959000 0.600000
36.226000 38.482000 8.821000 1.487000
37.620000 37.674000 8.547000 1.487000
40.004000 40.312000 11.874000 1.824000
41.075000 41.219000 12.232000 1.908000
41.716000 41.815000 10.986000 1.908000
41.820000 41.148000 9.952000 1.661200
42.145000 40.447000 13.009000 1.908000
43.357000 41.264000 13.415000 1.908000
44.438000 40.418000 14.058000 1.908000
44.195000 39.231000 14.365000 1.661200
45.554000 40.957000 14.252000 1.661200
43.740000 41.672000 12.608000 1.487000
40.717000 41.962000 12.810000 1.387000
43.073000 41.934000 14.075000 1.487000
40.154000 39.267000 11.780000 0.600000
42.460000 39.710000 12.432000 1.487000
41.724000 40.104000 13.835000 1.487000
42.169000 43.056000 11.080000 1.824000
42.858000 43.766000 10.006000 1.908000
44.139000 44.379000 10.563000 1.908000
44.246000 44.551000 11.784000 1.661200
41.934000 44.866000 9.456000 1.908000
40.754000 44.305000 8.683000 1.908000
40.985000 43.583000 7.516000 1.908000
39.446000 44.439000 9.121000 1.908000
39.945000 43.042000 6.794000 1.908000
38.399000 43.898000 8.403000 1.908000
38.652000 43.203000 7.239000 1.908000
37.625000 42.653000 6.502000 1.721000
43.109000 43.105000 9.300000 1.387000
40.127000 42.532000 5.948000 1.459000
37.456000 44.010000 8.726000 1.459000
41.987000 43.504000 12.021000 0.600000
39.260000 44.934000 9.969000 1.459000
41.929000 43.456000 7.197000 1.459000
42.463000 45.438000 8.844000 1.487000
41.586000 45.389000 10.221000 1.487000
36.773000 42.742000 7.013000 0.600000
45.109000 44.703000 9.718000 1.824000
45.019000 44.525000 8.290000 1.908000
45.027000 43.081000 7.826000 1.908000
45.580000 42.201000 8.491000 1.661200
46.261000 45.210000 7.722000 1.908000
47.188000 45.408000 8.854000 1.908000
46.389000 45.341000 10.119000 1.908000
47.915000 44.695000 8.852000 1.487000
44.194000 45.011000 7.916000 1.387000
46.214000 46.255000 10.498000 1.387000
46.846000 44.785000 10.819000 1.387000
47.661000 46.306000 8.777000 1.487000
46.011000 46.094000 7.294000 1.487000
46.681000 44.634000 7.001000 1.487000
44.489000 42.875000 6.622000 1.824000
44.417000 41.510000 6.096000 1.908000
44.986000 41.431000 4.686000 1.908000
44.743000 42.256000 3.809000 1.661200
42.976000 40.990000 6.134000 1.908000
42.630000 39.723000 5.363000 1.908000
43.276000 38.500000 5.997000 1.908000
41.122000 39.502000 5.277000 1.908000
40.698000 40.278000 4.811000 1.487000
40.937000 38.664000 4.765000 1.487000
40.745000 39.420000 6.199000 1.487000
44.154000 43.703000 6.132000 0.600000
42.951000 38.399000 6.938000 1.487000
43.033000 37.683000 5.472000 1.487000
44.270000 38.610000 5.999000 1.487000
44.961000 40.909000 6.694000 1.387000
42.954000 39.815000 4.418000 1.487000
42.381000 41.725000 5.786000 1.487000
42.740000 40.826000 7.101000 1.487000
45.758000 40.372000 4.478000 1.824000
46.300000 40.019000 3.178000 1.908000
45.666000 38.674000 2.814000 1.908000
45.998000 37.670000 3.457000 1.661200
47.826000 39.840000 3.167000 1.908000
48.318000 39.286000 1.830000 1.908000
48.563000 41.124000 3.498000 1.908000
45.997000 40.686000 2.516000 1.387000
48.313000 40.016000 1.148000 1.487000
48.393000 41.368000 4.453000 1.487000
48.060000 39.163000 3.863000 1.487000
49.247000 38.935000 1.939000 1.487000
47.713000 38.548000 1.535000 1.487000
45.945000 39.805000 5.345000 0.600000
49.544000 40.990000 3.356000 1.487000
48.236000 41.858000 2.902000 1.487000
44.829000 38.628000 1.793000 1.824000
44.338000 37.339000 1.294000 1.908000
45.109000 36.936000 0.043000 1.908000
45.009000 37.632000 -0.975000 1.661200
42.843000 37.409000 1.022000 1.908000
42.180000 36.247000 0.278000 1.908000
41.932000 35.069000 1.200000 1.908000
40.884000 36.715000 -0.380000 1.908000
41.086000 37.447000 -1.029000 1.487000
40.461000 35.949000 -0.862000 1.487000
40.259000 37.054000 0.322000 1.487000
44.559000 39.536000 1.391000 0.600000
41.330000 35.348000 1.950000 1.487000
41.499000 34.325000 0.688000 1.487000
42.802000 34.747000 1.577000 1.487000
44.491000 36.646000 2.001000 1.387000
42.779000 35.962000 -0.475000 1.487000
42.665000 38.241000 0.485000 1.487000
42.372000 37.497000 1.908000 1.487000
45.874000 35.854000 0.099000 1.824000
46.597000 35.344000 -1.062000 1.908000
45.855000 34.134000 -1.635000 1.908000
45.788000 33.085000 -0.993000 1.661200
48.015000 34.951000 -0.681000 1.908000
49.019000 34.784000 -1.815000 1.908000
50.257000 34.028000 -1.349000 1.908000
50.632000 34.206000 -0.161000 1.661200
50.847000 33.253000 -2.134000 1.661200
48.601000 34.258000 -2.522000 1.487000
46.662000 36.056000 -1.762000 1.387000
49.307000 35.669000 -2.106000 1.487000
45.915000 35.400000 1.039000 0.600000
47.970000 34.080000 -0.197000 1.487000
48.373000 35.657000 -0.073000 1.487000
45.242000 34.271000 -2.797000 1.824000
44.475000 33.207000 -3.429000 1.908000
45.259000 32.573000 -4.573000 1.908000
45.247000 33.099000 -5.692000 1.661200
43.157000 33.776000 -3.957000 1.908000
42.046000 32.809000 -4.210000 1.908000
42.141000 31.529000 -4.672000 1.908000
40.643000 33.062000 -4.041000 1.908000
40.892000 30.965000 -4.777000 1.824000
39.954000 31.888000 -4.390000 1.908000
39.900000 34.168000 -3.615000 1.908000
38.567000 31.793000 -4.344000 1.908000
38.524000 34.061000 -3.558000 1.908000
37.873000 32.879000 -3.915000 1.908000
36.873000 32.843000 -3.849000 1.459000
44.314000 32.491000 -2.740000 1.387000
40.697000 30.035000 -5.084000 0.600000
40.352000 35.019000 -3.356000 1.459000
37.989000 34.848000 -3.255000 1.459000
38.111000 30.938000 -4.625000 1.459000
42.996000 31.064000 -4.903000 1.409000
45.355000 35.222000 -3.233000 0.600000
43.339000 34.252000 -4.828000 1.487000
42.813000 34.455000 -3.295000 1.487000
45.918000 31.444000 -4.313000 1.824000
46.686000 30.795000 -5.363000 1.908000
45.831000 29.835000 -6.187000 1.908000
44.899000 29.229000 -5.660000 1.661200
47.868000 30.001000 -4.833000 1.908000
48.816000 30.793000 -3.950000 1.908000
49.527000 29.810000 -3.018000 1.908000
50.399000 30.556000 -2.115000 1.824000
51.090000 30.001000 -1.120000 1.908000
51.008000 28.697000 -0.898000 1.824000
51.860000 30.799000 -0.389000 1.824000
48.308000 31.425000 -3.397000 1.487000
47.058000 31.503000 -5.983000 1.387000
50.484000 31.547000 -2.251000 0.600000
49.495000 31.237000 -4.502000 1.487000
52.381000 30.406000 0.385000 0.600000
51.928000 31.768000 -0.595000 0.600000
45.836000 31.095000 -3.351000 0.600000
50.066000 29.201000 -3.572000 1.387000
48.842000 29.332000 -2.499000 1.387000
51.522000 28.292000 -0.129000 0.600000
50.447000 28.118000 -1.482000 0.600000
48.390000 29.655000 -5.611000 1.487000
47.518000 29.234000 -4.297000 1.487000
46.218000 29.700000 -7.460000 1.824000
45.504000 28.802000 -8.358000 1.908000
44.025000 29.159000 -8.437000 1.908000
43.187000 28.274000 -8.273000 1.661200
45.606000 27.355000 -7.875000 1.908000
46.672000 26.553000 -8.601000 1.908000
48.030000 26.982000 -8.089000 1.908000
46.544000 25.598000 -8.404000 1.487000
45.895000 28.908000 -9.281000 1.387000
46.617000 26.746000 -9.564000 1.487000
47.033000 30.266000 -7.733000 0.600000
44.725000 26.905000 -8.019000 1.487000
45.826000 27.356000 -6.901000 1.487000
48.763000 26.951000 -9.970000 0.600000
48.190000 27.189000 -6.885000 1.661200
48.989000 27.140000 -8.993000 1.824000
49.923000 27.440000 -8.721000 0.600000
43.735000 30.431000 -8.696000 1.824000
42.346000 30.866000 -8.736000 1.908000
41.547000 30.086000 -9.764000 1.908000
40.520000 29.495000 -9.410000 1.661200
42.261000 32.383000 -8.923000 1.908000
40.849000 32.883000 -8.783000 1.908000
40.301000 33.086000 -7.531000 1.908000
40.069000 33.121000 -9.908000 1.908000
38.999000 33.525000 -7.395000 1.908000
38.768000 33.570000 -9.774000 1.908000
38.232000 33.769000 -8.514000 1.908000
37.288000 34.090000 -8.414000 1.459000
41.946000 30.656000 -7.834000 1.387000
38.615000 33.664000 -6.471000 1.459000
38.211000 33.750000 -10.602000 1.459000
44.540000 31.047000 -8.857000 0.600000
40.453000 32.967000 -10.817000 1.459000
40.849000 32.916000 -6.714000 1.459000
42.572000 32.594000 -9.828000 1.487000
42.805000 32.804000 -8.226000 1.487000
42.007000 30.008000 -11.003000 1.824000
41.319000 29.309000 -12.081000 1.908000
40.961000 27.871000 -11.743000 1.908000
39.818000 27.450000 -11.959000 1.661200
42.141000 29.358000 -13.371000 1.908000
41.385000 28.995000 -14.639000 1.908000
40.094000 29.766000 -14.838000 1.908000
40.071000 30.990000 -14.594000 1.661200
39.093000 29.122000 -15.216000 1.661200
41.969000 29.189000 -15.413000 1.487000
40.471000 29.818000 -12.325000 1.387000
41.153000 28.034000 -14.597000 1.487000
42.928000 30.502000 -11.148000 0.600000
42.888000 28.717000 -13.275000 1.487000
42.475000 30.283000 -13.477000 1.487000
41.906000 27.130000 -11.172000 1.824000
41.637000 25.759000 -10.744000 1.908000
40.534000 25.691000 -9.698000 1.908000
39.623000 24.863000 -9.827000 1.661200
42.911000 25.110000 -10.217000 1.908000
43.848000 24.621000 -11.314000 1.908000
44.790000 23.577000 -10.745000 1.908000
43.312000 24.209000 -12.032000 1.487000
41.328000 25.237000 -11.553000 1.387000
44.378000 25.384000 -11.645000 1.487000
42.823000 27.596000 -11.060000 0.600000
42.664000 24.323000 -9.649000 1.487000
43.409000 25.776000 -9.660000 1.487000
44.088000 22.210000 -12.054000 0.600000
45.528000 23.872000 -9.807000 1.661200
44.753000 22.369000 -11.296000 1.824000
45.366000 21.625000 -10.973000 0.600000
40.566000 26.579000 -8.707000 1.824000
39.525000 26.628000 -7.682000 1.908000
38.164000 26.997000 -8.264000 1.908000
37.129000 26.567000 -7.752000 1.661200
39.951000 27.519000 -6.520000 1.908000
39.452000 28.833000 -6.561000 1.721000
41.381000 27.223000 -8.725000 0.600000
39.447000 25.707000 -7.273000 1.387000
40.964000 27.556000 -6.501000 1.387000
39.650000 27.083000 -5.655000 1.387000
39.659000 29.246000 -7.449000 0.600000
38.094000 27.690000 -9.386000 1.824000
36.867000 28.008000 -10.089000 1.908000
36.182000 26.807000 -10.733000 1.908000
34.955000 26.823000 -10.898000 1.661200
37.172000 29.083000 -11.145000 1.908000
36.140000 29.239000 -12.237000 1.908000
36.003000 30.654000 -12.759000 1.908000
34.532000 31.043000 -12.864000 1.908000
33.990000 30.825000 -14.238000 1.824000
36.211000 28.435000 -9.431000 1.387000
34.004000 30.493000 -12.212000 1.100000
34.435000 32.013000 -12.623000 1.100000
36.385000 28.632000 -13.010000 1.487000
35.240000 28.935000 -11.886000 1.487000
34.241000 31.599000 -14.817000 0.600000
34.375000 29.984000 -14.614000 0.600000
32.995000 30.748000 -14.191000 0.600000
36.407000 30.710000 -13.662000 1.487000
36.448000 31.277000 -12.131000 1.487000
39.045000 28.006000 -9.743000 0.600000
38.055000 28.852000 -11.569000 1.487000
37.267000 29.962000 -10.667000 1.487000
36.878000 25.736000 -11.077000 1.824000
36.342000 24.578000 -11.760000 1.908000
35.369000 23.681000 -11.018000 1.908000
34.642000 22.888000 -11.633000 1.661200
37.520000 23.678000 -12.210000 1.908000
38.711000 24.202000 -12.713000 1.908000
39.847000 23.220000 -12.988000 1.908000
38.556000 24.705000 -13.603000 1.487000
35.855000 24.919000 -12.614000 1.387000
39.106000 24.917000 -12.079000 1.487000
37.905000 25.800000 -10.798000 0.600000
37.099000 23.002000 -12.899000 1.487000
37.715000 23.053000 -11.387000 1.487000
40.855000 24.574000 -14.055000 0.600000
39.790000 22.076000 -12.540000 1.661200
40.887000 23.600000 -13.703000 1.824000
41.661000 22.995000 -13.898000 0.600000
35.382000 23.718000 -9.701000 1.824000
34.576000 22.854000 -8.857000 1.908000
33.799000 23.631000 -7.799000 1.908000
33.455000 23.074000 -6.756000 1.661200
35.444000 21.801000 -8.172000 1.908000
36.936000 22.021000 -7.976000 1.908000
37.706000 21.468000 -9.173000 1.908000
37.331000 23.467000 -7.727000 1.908000
36.878000 23.802000 -6.900000 1.487000
38.323000 23.529000 -7.609000 1.487000
37.055000 24.030000 -8.507000 1.487000
36.040000 24.442000 -9.301000 0.600000
37.410000 21.938000 -10.004000 1.487000
38.685000 21.617000 -9.036000 1.487000
37.526000 20.489000 -9.260000 1.487000
33.909000 22.362000 -9.440000 1.387000
37.233000 21.549000 -7.149000 1.487000
35.337000 20.934000 -8.695000 1.487000
35.044000 21.634000 -7.249000 1.487000
33.571000 24.915000 -8.057000 1.824000
32.796000 25.755000 -7.153000 1.908000
31.667000 26.403000 -7.964000 1.908000
30.812000 27.112000 -7.441000 1.661200
33.580000 26.882000 -6.467000 1.908000
34.121000 27.779000 -7.449000 1.721000
34.708000 26.357000 -5.597000 1.908000
32.385000 25.182000 -6.452000 1.387000
34.332000 25.822000 -4.836000 1.487000
35.315000 25.771000 -6.141000 1.487000
33.987000 25.261000 -8.945000 0.600000
32.942000 27.415000 -5.870000 1.387000
35.239000 27.124000 -5.226000 1.487000
35.118000 27.666000 -7.513000 0.600000
31.696000 26.135000 -9.265000 1.824000
30.755000 26.766000 -10.192000 1.908000
31.088000 28.252000 -10.131000 1.908000
32.254000 28.637000 -10.250000 1.661200
29.304000 26.478000 -9.839000 1.908000
28.780000 25.120000 -10.266000 1.908000
27.640000 25.182000 -11.263000 1.908000
27.293000 26.274000 -11.761000 1.661200
27.048000 24.124000 -11.587000 1.661200
29.520000 24.622000 -10.692000 1.487000
30.900000 26.428000 -11.102000 1.387000
28.446000 24.649000 -9.463000 1.487000
32.422000 25.459000 -9.560000 0.600000
28.742000 27.166000 -10.281000 1.487000
29.216000 26.534000 -8.852000 1.487000
30.113000 29.082000 -9.823000 1.824000
30.261000 30.520000 -9.660000 1.908000
30.819000 30.925000 -8.297000 1.908000
31.036000 32.109000 -8.017000 1.661200
28.855000 31.124000 -9.804000 1.908000
28.786000 32.371000 -10.649000 1.908000
30.932000 30.834000 -10.356000 1.387000
29.172000 28.600000 -9.698000 0.600000
28.516000 31.339000 -8.882000 1.487000
28.258000 30.424000 -10.211000 1.487000
29.752000 33.134000 -10.750000 1.661200
27.623000 32.612000 -11.256000 1.824000
27.516000 33.420000 -11.834000 0.600000
26.856000 31.981000 -11.130000 0.600000
30.997000 29.976000 -7.388000 1.824000
31.409000 30.208000 -6.027000 1.908000
32.654000 31.057000 -5.863000 1.908000
32.584000 32.161000 -5.320000 1.661200
30.803000 29.000000 -7.765000 0.600000
30.638000 30.649000 -5.510000 1.387000
31.561000 29.305000 -5.560000 1.387000
33.795000 30.565000 -6.327000 1.824000
35.061000 31.275000 -6.248000 1.908000
34.895000 32.754000 -6.564000 1.908000
35.181000 33.610000 -5.733000 1.661200
36.097000 30.668000 -7.190000 1.908000
33.704000 29.611000 -6.760000 0.600000
35.427000 31.186000 -5.310000 1.387000
37.014000 30.904000 -6.872000 1.487000
35.993000 29.674000 -7.202000 1.487000
35.960000 31.029000 -8.111000 1.487000
34.379000 33.052000 -7.743000 1.824000
34.124000 34.410000 -8.178000 1.908000
33.234000 35.176000 -7.208000 1.908000
33.533000 36.334000 -6.920000 1.661200
33.519000 34.425000 -9.593000 1.908000
33.696000 35.776000 -10.264000 1.908000
35.160000 36.079000 -10.549000 1.908000
35.802000 35.319000 -11.316000 1.661200
35.657000 37.076000 -9.994000 1.661200
33.226000 35.760000 -11.122000 1.487000
35.003000 34.906000 -8.285000 1.387000
33.364000 36.470000 -9.659000 1.487000
34.168000 32.213000 -8.343000 0.600000
32.565000 34.254000 -9.508000 1.487000
33.994000 33.761000 -10.123000 1.487000
32.164000 34.570000 -6.714000 1.824000
31.259000 35.181000 -5.766000 1.908000
31.975000 35.563000 -4.456000 1.908000
31.573000 36.538000 -3.830000 1.661200
30.144000 34.230000 -5.313000 1.908000
29.292000 33.802000 -6.342000 1.721000
32.029000 33.588000 -7.079000 0.600000
30.898000 36.034000 -6.168000 1.387000
29.596000 34.701000 -4.606000 1.387000
30.573000 33.423000 -4.883000 1.387000
29.790000 33.198000 -6.967000 0.600000
32.870000 34.686000 -4.009000 1.824000
33.552000 34.911000 -2.733000 1.908000
34.578000 36.017000 -2.891000 1.908000
34.702000 36.876000 -2.008000 1.661200
34.138000 33.594000 -2.198000 1.908000
35.296000 33.773000 -1.236000 1.908000
33.022000 32.791000 -1.535000 1.908000
32.868000 35.210000 -2.065000 1.387000
34.980000 33.629000 -0.297000 1.487000
33.306000 32.534000 -0.612000 1.487000
34.491000 33.075000 -2.990000 1.487000
36.015000 33.110000 -1.447000 1.487000
35.665000 34.699000 -1.322000 1.487000
33.034000 33.871000 -4.613000 0.600000
32.196000 33.352000 -1.491000 1.487000
32.844000 31.969000 -2.075000 1.487000
35.266000 36.043000 -4.033000 1.824000
36.233000 37.101000 -4.310000 1.908000
35.536000 38.455000 -4.375000 1.908000
36.007000 39.456000 -3.818000 1.661200
36.989000 36.819000 -5.608000 1.908000
37.806000 37.979000 -6.190000 1.908000
39.073000 38.221000 -5.380000 1.908000
38.118000 37.719000 -7.655000 1.908000
37.265000 37.631000 -8.170000 1.487000
38.651000 38.481000 -8.025000 1.487000
38.645000 36.873000 -7.741000 1.487000
35.059000 35.268000 -4.686000 0.600000
39.639000 37.396000 -5.390000 1.487000
39.586000 38.981000 -5.781000 1.487000
38.829000 38.445000 -4.436000 1.487000
36.905000 37.125000 -3.564000 1.387000
37.243000 38.807000 -6.182000 1.487000
36.323000 36.551000 -6.299000 1.487000
37.624000 36.068000 -5.437000 1.487000
34.363000 38.496000 -5.004000 1.824000
33.579000 39.727000 -5.098000 1.908000
33.263000 40.301000 -3.725000 1.908000
33.407000 41.510000 -3.516000 1.661200
32.331000 39.450000 -5.936000 1.908000
31.394000 40.623000 -6.126000 1.908000
32.007000 41.732000 -6.963000 1.908000
30.564000 40.304000 -6.584000 1.487000
34.132000 40.408000 -5.598000 1.387000
31.157000 40.997000 -5.229000 1.487000
34.058000 37.592000 -5.416000 0.600000
31.812000 38.701000 -5.498000 1.487000
32.623000 39.131000 -6.849000 1.487000
30.419000 42.915000 -6.497000 0.600000
33.084000 41.578000 -7.554000 1.661200
31.297000 42.859000 -6.995000 1.824000
31.643000 43.670000 -7.526000 0.600000
32.882000 39.463000 -2.762000 1.824000
32.636000 39.879000 -1.387000 1.908000
33.880000 40.509000 -0.762000 1.908000
33.813000 41.603000 -0.199000 1.661200
32.124000 38.720000 -0.512000 1.908000
31.904000 39.174000 0.932000 1.908000
30.821000 38.149000 -1.059000 1.908000
31.908000 40.577000 -1.394000 1.387000
31.036000 39.664000 0.995000 1.487000
30.216000 37.922000 -0.297000 1.487000
32.833000 38.019000 -0.489000 1.487000
31.882000 38.374000 1.530000 1.487000
32.651000 39.777000 1.206000 1.487000
32.774000 38.468000 -3.083000 0.600000
30.384000 38.830000 -1.646000 1.487000
31.020000 37.325000 -1.589000 1.487000
35.051000 39.898000 -0.880000 1.824000
36.293000 40.481000 -0.404000 1.908000
36.544000 41.841000 -1.053000 1.908000
36.955000 42.786000 -0.389000 1.661200
37.505000 39.595000 -0.719000 1.908000
37.687000 38.528000 0.322000 1.908000
38.370000 38.798000 1.494000 1.908000
37.107000 37.280000 0.140000 1.908000
38.505000 37.820000 2.459000 1.908000
37.244000 36.303000 1.099000 1.908000
37.946000 36.575000 2.255000 1.908000
38.053000 35.862000 2.958000 1.459000
36.184000 40.649000 0.583000 1.387000
39.012000 38.021000 3.306000 1.459000
36.831000 35.388000 0.952000 1.459000
35.002000 38.961000 -1.345000 0.600000
36.587000 37.096000 -0.694000 1.459000
38.765000 39.698000 1.646000 1.459000
38.301000 40.164000 -0.719000 1.487000
37.343000 39.160000 -1.580000 1.487000
36.334000 41.925000 -2.367000 1.824000
36.470000 43.174000 -3.091000 1.908000
35.493000 44.247000 -2.624000 1.908000
35.879000 45.420000 -2.630000 1.661200
36.247000 42.972000 -4.593000 1.908000
37.267000 42.057000 -5.250000 1.908000
38.020000 42.844000 -6.317000 1.908000
37.426000 42.674000 -7.614000 1.824000
37.191000 43.539000 -8.576000 1.908000
37.532000 44.808000 -8.502000 1.824000
36.592000 43.085000 -9.677000 1.824000
36.806000 41.306000 -5.690000 1.487000
37.416000 43.526000 -2.964000 1.387000
37.122000 41.683000 -7.841000 0.600000
37.918000 41.746000 -4.578000 1.487000
36.381000 43.733000 -10.429000 0.600000
36.354000 42.125000 -9.766000 0.600000
36.067000 41.024000 -2.818000 0.600000
38.961000 42.514000 -6.326000 1.387000
37.998000 43.805000 -6.055000 1.387000
37.323000 45.445000 -9.242000 0.600000
38.016000 45.151000 -7.685000 0.600000
36.297000 43.861000 -5.037000 1.487000
35.344000 42.573000 -4.722000 1.487000
34.268000 43.885000 -2.253000 1.824000
33.306000 44.896000 -1.808000 1.908000
33.631000 45.348000 -0.385000 1.908000
33.430000 46.492000 0.008000 1.661200
31.878000 44.382000 -1.925000 1.908000
31.260000 44.333000 -3.312000 1.908000
29.866000 43.733000 -3.335000 1.908000
29.117000 43.832000 -2.331000 1.661200
29.474000 43.141000 -4.363000 1.661200
31.191000 45.256000 -3.653000 1.487000
33.337000 45.686000 -2.426000 1.387000
31.833000 43.773000 -3.888000 1.487000
34.065000 42.880000 -2.303000 0.600000
31.298000 44.970000 -1.363000 1.487000
31.861000 43.451000 -1.560000 1.487000
34.215000 44.442000 0.400000 1.824000
34.629000 44.724000 1.775000 1.908000
35.779000 45.721000 1.714000 1.908000
35.849000 46.676000 2.478000 1.661200
34.973000 43.440000 2.503000 1.908000
34.353000 43.508000 -0.053000 0.600000
33.869000 45.140000 2.262000 1.387000
34.409000 42.692000 2.152000 1.487000
35.939000 43.220000 2.361000 1.487000
34.801000 43.551000 3.483000 1.487000
36.656000 45.539000 0.731000 1.824000
37.738000 46.481000 0.478000 1.908000
37.162000 47.773000 -0.102000 1.908000
37.639000 48.852000 0.273000 1.661200
38.813000 45.913000 -0.448000 1.908000
40.029000 46.819000 -0.564000 1.908000
40.856000 46.273000 -1.808000 1.908000
39.960000 46.138000 -3.043000 1.908000
40.710000 45.809000 -4.264000 1.824000
38.196000 46.695000 1.342000 1.387000
39.276000 45.418000 -2.859000 1.100000
39.466000 47.009000 -3.172000 1.100000
39.758000 47.727000 -0.773000 1.487000
40.594000 46.734000 0.219000 1.487000
41.613000 45.446000 -4.022000 0.600000
40.211000 45.120000 -4.795000 0.600000
40.828000 46.632000 -4.824000 0.600000
41.210000 45.389000 -1.560000 1.487000
41.573000 46.922000 -1.991000 1.487000
36.503000 44.677000 0.167000 0.600000
38.418000 45.800000 -1.352000 1.487000
39.108000 45.038000 -0.085000 1.487000
36.080000 47.749000 -0.866000 1.824000
35.466000 49.016000 -1.291000 1.908000
34.853000 49.727000 -0.089000 1.908000
34.927000 50.940000 0.066000 1.661200
34.461000 48.821000 -2.406000 1.908000
35.725000 46.826000 -1.123000 0.600000
36.179000 49.601000 -1.683000 1.387000
33.844000 48.066000 -2.178000 1.487000
33.925000 49.658000 -2.529000 1.487000
34.939000 48.608000 -3.259000 1.487000
34.254000 48.994000 0.832000 1.824000
33.633000 49.476000 2.040000 1.908000
34.548000 50.206000 3.018000 1.908000
34.055000 51.039000 3.789000 1.661200
32.984000 48.311000 2.814000 1.908000
31.765000 48.745000 3.610000 1.908000
30.649000 49.307000 2.756000 1.908000
30.704000 49.225000 1.514000 1.661200
29.690000 49.849000 3.336000 1.661200
31.410000 47.956000 4.084000 1.487000
32.848000 50.099000 1.797000 1.387000
32.043000 49.452000 4.241000 1.487000
34.270000 47.945000 0.590000 0.600000
33.649000 47.969000 3.442000 1.487000
32.695000 47.647000 2.157000 1.487000
35.840000 49.903000 3.016000 1.824000
36.789000 50.570000 3.886000 1.908000
37.692000 49.598000 4.622000 1.908000
38.540000 50.030000 5.408000 1.661200
36.107000 49.153000 2.342000 0.600000
37.361000 51.206000 3.337000 1.387000
36.286000 51.135000 4.564000 1.387000
37.462000 48.297000 4.461000 1.824000
38.305000 47.322000 5.148000 1.908000
39.718000 47.292000 4.581000 1.908000
39.920000 47.381000 3.363000 1.661200
37.705000 45.918000 5.056000 1.908000
36.022000 45.845000 5.698000 2.000000
36.681000 48.054000 3.844000 0.600000
38.363000 47.587000 6.121000 1.387000
38.271000 45.304000 5.589000 1.387000
37.690000 45.649000 4.103000 1.387000
35.918000 45.034000 6.275000 0.600000
40.697000 47.116000 5.467000 1.824000
42.088000 47.051000 5.024000 1.908000
42.436000 45.620000 4.649000 1.908000
42.917000 44.831000 5.438000 1.661200
43.064000 47.612000 6.047000 1.908000
44.476000 47.735000 5.517000 1.908000
44.874000 47.071000 4.542000 1.661200
45.224000 48.543000 6.102000 1.661200
40.399000 47.034000 6.447000 0.600000
42.159000 47.602000 4.190000 1.387000
43.071000 47.004000 6.836000 1.487000
42.745000 48.517000 6.317000 1.487000
42.146000 45.321000 3.392000 1.824000
42.299000 44.026000 2.766000 1.908000
43.190000 44.132000 1.528000 1.908000
42.952000 44.955000 0.648000 1.661200
40.934000 43.466000 2.297000 1.908000
39.992000 43.192000 3.462000 1.908000
41.113000 42.188000 1.480000 1.908000
38.565000 42.828000 3.093000 1.908000
42.793000 43.446000 3.419000 1.387000
40.223000 41.900000 1.136000 1.487000
41.731000 42.377000 0.720000 1.487000
40.511000 44.156000 1.707000 1.487000
40.380000 42.444000 4.017000 1.487000
39.967000 44.014000 4.048000 1.487000
38.570000 41.999000 2.537000 1.487000
41.768000 46.165000 2.848000 0.600000
38.040000 42.671000 3.927000 1.487000
41.499000 41.482000 2.069000 1.487000
38.158000 43.578000 2.575000 1.487000
44.181000 43.260000 1.429000 1.824000
45.056000 43.218000 0.261000 1.908000
44.816000 41.871000 -0.416000 1.908000
45.036000 40.850000 0.231000 1.661200
46.543000 43.384000 0.598000 1.908000
46.770000 44.671000 1.192000 1.721000
47.409000 43.265000 -0.646000 1.908000
44.788000 43.936000 -0.365000 1.387000
48.361000 43.090000 -0.383000 1.487000
47.082000 42.508000 -1.218000 1.487000
44.283000 42.617000 2.240000 0.600000
46.811000 42.670000 1.279000 1.387000
47.366000 44.117000 -1.174000 1.487000
46.174000 44.795000 1.992000 0.600000
44.335000 41.866000 -1.650000 1.824000
44.046000 40.616000 -2.351000 1.908000
45.121000 40.262000 -3.363000 1.908000
45.407000 41.028000 -4.287000 1.661200
42.687000 40.677000 -3.080000 1.908000
41.554000 40.952000 -2.084000 1.908000
42.407000 39.385000 -3.837000 1.908000
40.302000 41.500000 -2.727000 1.908000
44.058000 39.892000 -1.648000 1.387000
41.544000 39.480000 -4.329000 1.487000
43.152000 39.220000 -4.480000 1.487000
42.719000 41.432000 -3.725000 1.487000
41.335000 40.099000 -1.615000 1.487000
41.886000 41.611000 -1.411000 1.487000
39.957000 40.843000 -3.397000 1.487000
44.184000 42.803000 -2.068000 0.600000
39.608000 41.655000 -2.025000 1.487000
42.347000 38.634000 -3.183000 1.487000
40.513000 42.363000 -3.184000 1.487000
45.723000 39.084000 -3.234000 1.824000
46.737000 38.628000 -4.180000 1.908000
46.200000 37.462000 -5.002000 1.908000
46.067000 36.366000 -4.453000 1.661200
48.033000 38.199000 -3.472000 1.908000
48.633000 39.384000 -2.707000 1.908000
49.025000 37.620000 -4.480000 1.908000
49.957000 39.095000 -2.032000 1.908000
46.887000 39.384000 -4.819000 1.387000
49.835000 37.308000 -3.990000 1.487000
48.593000 36.855000 -4.952000 1.487000
47.805000 37.493000 -2.813000 1.487000
48.754000 40.144000 -3.349000 1.487000
47.972000 39.670000 -2.008000 1.487000
50.628000 38.825000 -2.721000 1.487000
45.414000 38.524000 -2.414000 0.600000
50.274000 39.916000 -1.560000 1.487000
49.271000 38.332000 -5.133000 1.487000
49.837000 38.354000 -1.373000 1.487000
45.987000 37.664000 -6.303000 1.824000
45.518000 36.599000 -7.175000 1.908000
46.607000 35.990000 -8.054000 1.908000
47.180000 36.612000 -8.950000 1.661200
44.403000 37.072000 -8.112000 1.908000
43.156000 37.689000 -7.480000 1.908000
42.374000 38.493000 -8.505000 1.908000
42.275000 36.624000 -6.852000 1.908000
42.786000 36.141000 -6.140000 1.487000
41.467000 37.052000 -6.446000 1.487000
41.986000 35.970000 -7.552000 1.487000
46.183000 38.631000 -6.628000 0.600000
42.092000 37.895000 -9.256000 1.487000
41.562000 38.889000 -8.073000 1.487000
42.949000 39.228000 -8.865000 1.487000
45.128000 35.856000 -6.596000 1.387000
43.435000 38.289000 -6.729000 1.487000
44.104000 36.282000 -8.652000 1.487000
44.795000 37.760000 -8.728000 1.487000
46.869000 34.713000 -7.809000 1.824000
47.850000 33.957000 -8.580000 1.908000
47.199000 32.616000 -8.910000 1.908000
45.956000 32.588000 -9.064000 1.661200
49.160000 33.759000 -7.836000 1.908000
48.998000 32.840000 -6.761000 1.721000
47.920000 31.601000 -8.933000 1.661200
46.319000 34.299000 -7.025000 0.600000
48.014000 34.434000 -9.431000 1.387000
49.461000 34.633000 -7.466000 1.387000
49.842000 33.398000 -8.464000 1.387000
48.055000 32.875000 -6.437000 0.600000
