0 1.557597884962e+01
1 0.000000000000e+00
2 1.136324234037e+00
3 1.591290139187e+01
4 1.291620436045e+00
5 3.891162968032e+00
6 1.813671019566e+01
7 9.660638076912e+00
8 0.000000000000e+00
9 1.048609211497e+01
10 0.000000000000e+00
11 0.000000000000e+00
12 0.000000000000e+00
13 4.981056239969e+00
14 9.226449747491e+00
15 0.000000000000e+00
16 0.000000000000e+00
17 7.945047556424e+00
18 1.142358130167e+01
19 0.000000000000e+00
20 0.000000000000e+00
21 0.000000000000e+00
22 0.000000000000e+00
23 0.000000000000e+00
24 0.000000000000e+00
25 5.234933119372e-01
26 2.660339804633e+00
27 2.396384417432e+01
28 4.335197636315e+00
29 0.000000000000e+00
30 0.000000000000e+00
31 3.052725745279e+00
32 0.000000000000e+00
33 0.000000000000e+00
34 0.000000000000e+00
35 0.000000000000e+00
36 9.409167535492e+00
37 8.211599921442e+00
38 0.000000000000e+00
39 0.000000000000e+00
40 0.000000000000e+00
41 4.773952432651e+00
42 0.000000000000e+00
43 0.000000000000e+00
44 1.143775167118e+01
45 4.796402063045e-01
46 9.386760818195e-01
47 0.000000000000e+00
48 2.603722079270e+00
49 2.095685013642e+01
50 0.000000000000e+00
51 0.000000000000e+00
52 2.270081231139e+00
53 9.707450211117e+00
54 5.620745938331e+00
55 0.000000000000e+00
56 0.000000000000e+00
57 0.000000000000e+00
58 9.185650838210e+00
59 0.000000000000e+00
60 0.000000000000e+00
61 1.049225572728e+01
62 9.581952375343e+00
63 0.000000000000e+00
64 0.000000000000e+00
65 0.000000000000e+00
66 0.000000000000e+00
67 0.000000000000e+00
68 0.000000000000e+00
69 0.000000000000e+00
70 0.000000000000e+00
71 0.000000000000e+00
72 0.000000000000e+00
73 0.000000000000e+00
74 0.000000000000e+00
75 0.000000000000e+00
76 7.158321907940e+00
77 0.000000000000e+00
78 1.533403611863e+00
79 0.000000000000e+00
80 0.000000000000e+00
81 0.000000000000e+00
82 0.000000000000e+00
83 7.598370384331e+00
84 2.263826180132e+00
85 6.679406748915e+00
86 0.000000000000e+00
87 0.000000000000e+00
88 1.574823193499e+01
89 0.000000000000e+00
90 0.000000000000e+00
91 0.000000000000e+00
92 0.000000000000e+00
93 0.000000000000e+00
94 0.000000000000e+00
95 0.000000000000e+00
96 0.000000000000e+00
97 2.763929682246e+00
98 0.000000000000e+00
99 0.000000000000e+00
100 0.000000000000e+00
101 0.000000000000e+00
102 0.000000000000e+00
103 0.000000000000e+00
104 0.000000000000e+00
105 0.000000000000e+00
106 3.692987195787e+00
107 0.000000000000e+00
108 6.847030535455e+00
109 0.000000000000e+00
110 0.000000000000e+00
111 3.123536420545e+00
112 0.000000000000e+00
113 2.560658394931e+00
114 0.000000000000e+00
115 0.000000000000e+00
116 0.000000000000e+00
117 4.204958438024e+00
118 1.744014373947e+01
119 1.397739562873e+01
120 0.000000000000e+00
121 0.000000000000e+00
122 0.000000000000e+00
123 0.000000000000e+00
124 0.000000000000e+00
125 0.000000000000e+00
126 0.000000000000e+00
127 0.000000000000e+00
128 0.000000000000e+00
129 0.000000000000e+00
130 0.000000000000e+00
131 0.000000000000e+00
132 1.731773840923e+01
133 7.596475529950e-01
134 2.610592085879e+00
135 3.982924118206e+00
136 2.876846115407e+00
137 1.659674995459e+01
138 3.155180370969e+00
139 0.000000000000e+00
140 1.080141308915e+01
141 0.000000000000e+00
142 2.124406343281e+00
143 7.351169820334e+00
144 0.000000000000e+00
145 0.000000000000e+00
146 1.470618048679e+00
147 1.367727570933e+01
148 0.000000000000e+00
149 0.000000000000e+00
150 3.094242854380e+00
151 1.145469859173e+01
152 6.327127666771e+00
153 0.000000000000e+00
154 0.000000000000e+00
155 8.618869617075e+00
156 5.254959783141e+00
157 0.000000000000e+00
158 1.728641166646e+01
159 2.215342892857e+01
160 0.000000000000e+00
161 0.000000000000e+00
162 0.000000000000e+00
163 0.000000000000e+00
164 0.000000000000e+00
165 0.000000000000e+00
166 1.927769007597e+00
167 0.000000000000e+00
168 0.000000000000e+00
169 0.000000000000e+00
170 0.000000000000e+00
171 0.000000000000e+00
172 0.000000000000e+00
173 5.424676450623e+00
174 2.948014830787e+00
175 0.000000000000e+00
176 0.000000000000e+00
177 1.358061477655e+00
178 0.000000000000e+00
179 0.000000000000e+00
180 0.000000000000e+00
181 0.000000000000e+00
182 0.000000000000e+00
183 1.189878276711e+01
184 1.873529455824e+00
185 0.000000000000e+00
186 1.867588113520e+00
187 1.158952914185e+01
188 7.140841876535e+00
189 2.404774416235e+01
190 2.749535024826e+01
191 8.528242743897e+00
192 0.000000000000e+00
193 0.000000000000e+00
194 0.000000000000e+00
195 0.000000000000e+00
196 0.000000000000e+00
197 0.000000000000e+00
198 8.151337827418e+00
199 9.148572957671e+00
200 0.000000000000e+00
201 0.000000000000e+00
202 7.383670489461e+00
203 8.079799942619e+00
204 0.000000000000e+00
205 0.000000000000e+00
206 0.000000000000e+00
207 0.000000000000e+00
208 4.750868350492e+00
209 5.851800430665e+00
210 0.000000000000e+00
211 4.813007802538e+00
212 9.070865556128e+00
213 6.221123993690e+00
214 0.000000000000e+00
215 3.729661800961e+00
216 0.000000000000e+00
217 0.000000000000e+00
218 0.000000000000e+00
219 0.000000000000e+00
220 0.000000000000e+00
221 3.892967276296e+00
222 2.115034841235e+00
223 0.000000000000e+00
224 1.047680060610e+01
225 9.951447194841e+00
226 8.343150817245e+00
227 1.173942761633e+01
228 1.370129857255e+00
229 0.000000000000e+00
230 0.000000000000e+00
231 4.053236590824e+00
232 6.154283879213e+00
233 0.000000000000e+00
234 0.000000000000e+00
235 0.000000000000e+00
236 0.000000000000e+00
237 0.000000000000e+00
238 5.209751023320e+00
239 1.577579086455e+01
240 0.000000000000e+00
241 4.274316048876e+00
242 9.080499030059e+00
243 5.136936936923e+00
244 0.000000000000e+00
245 0.000000000000e+00
246 5.527246629094e-01
247 0.000000000000e+00
248 3.001886802337e+00
249 9.374089213093e-01
250 5.728593566686e+00
251 8.593935261215e+00
252 1.886217235994e+01
253 0.000000000000e+00
254 3.198745401363e+00
255 5.073529503687e+00
256 0.000000000000e+00
257 0.000000000000e+00
258 0.000000000000e+00
259 0.000000000000e+00
260 0.000000000000e+00
261 0.000000000000e+00
262 0.000000000000e+00
263 0.000000000000e+00
264 0.000000000000e+00
265 0.000000000000e+00
266 0.000000000000e+00
267 0.000000000000e+00
268 0.000000000000e+00
269 0.000000000000e+00
270 0.000000000000e+00
271 0.000000000000e+00
272 0.000000000000e+00
273 0.000000000000e+00
274 0.000000000000e+00
275 0.000000000000e+00
276 0.000000000000e+00
277 0.000000000000e+00
278 0.000000000000e+00
279 0.000000000000e+00
280 0.000000000000e+00
281 0.000000000000e+00
282 0.000000000000e+00
283 0.000000000000e+00
284 0.000000000000e+00
285 0.000000000000e+00
286 1.523885046227e+00
287 0.000000000000e+00
288 0.000000000000e+00
289 0.000000000000e+00
290 0.000000000000e+00
291 8.634574862116e+00
292 4.730567499672e+00
293 0.000000000000e+00
294 0.000000000000e+00
295 1.958639820710e+00
296 7.643028528440e+00
297 3.678287716753e-01
298 0.000000000000e+00
299 4.142421815038e+00
300 1.947107715109e+01
301 2.342803734125e+01
302 7.602576624628e+00
303 0.000000000000e+00
304 0.000000000000e+00
305 0.000000000000e+00
306 0.000000000000e+00
307 0.000000000000e+00
308 1.067733803522e+01
309 4.477770610336e+00
310 1.524623447495e+00
311 0.000000000000e+00
312 0.000000000000e+00
313 0.000000000000e+00
314 0.000000000000e+00
315 1.583441336268e+01
316 1.845981793529e+00
317 6.943382227525e+00
318 0.000000000000e+00
319 0.000000000000e+00
320 0.000000000000e+00
321 0.000000000000e+00
322 1.310181372422e+01
323 0.000000000000e+00
324 0.000000000000e+00
325 0.000000000000e+00
326 0.000000000000e+00
327 0.000000000000e+00
328 0.000000000000e+00
329 0.000000000000e+00
330 0.000000000000e+00
331 0.000000000000e+00
332 0.000000000000e+00
333 0.000000000000e+00
334 0.000000000000e+00
335 0.000000000000e+00
336 0.000000000000e+00
337 0.000000000000e+00
338 0.000000000000e+00
339 0.000000000000e+00
340 0.000000000000e+00
341 0.000000000000e+00
342 0.000000000000e+00
343 0.000000000000e+00
344 0.000000000000e+00
345 0.000000000000e+00
346 3.743331761733e+00
347 0.000000000000e+00
348 0.000000000000e+00
349 0.000000000000e+00
350 6.670445446471e+00
351 2.119073878271e+01
352 0.000000000000e+00
353 3.769041893884e+00
354 0.000000000000e+00
355 9.235493239959e+00
356 0.000000000000e+00
357 0.000000000000e+00
358 0.000000000000e+00
359 0.000000000000e+00
360 1.243393921990e+01
361 0.000000000000e+00
362 0.000000000000e+00
363 1.622691407545e+00
364 0.000000000000e+00
365 0.000000000000e+00
366 0.000000000000e+00
367 0.000000000000e+00
368 7.037898721142e+00
369 4.612236996903e-01
370 1.583563688451e+00
371 4.824370804979e-01
372 1.072969242234e+01
373 2.741173594082e+01
374 6.275763013925e+00
375 3.883199196403e+00
376 3.750776236069e+00
377 1.225599565190e+01
378 1.413541261829e+00
379 0.000000000000e+00
380 0.000000000000e+00
381 0.000000000000e+00
382 1.134337121802e+01
383 3.980485647431e+00
384 0.000000000000e+00
385 5.408808300915e+00
386 1.140836303587e+01
387 0.000000000000e+00
388 0.000000000000e+00
389 0.000000000000e+00
390 4.867359235782e+00
391 0.000000000000e+00
392 0.000000000000e+00
393 1.781840661049e+00
394 1.153350885315e+01
395 2.132189674205e+01
396 3.641955246822e+00
397 6.240993060255e+00
398 0.000000000000e+00
399 0.000000000000e+00
400 0.000000000000e+00
401 0.000000000000e+00
402 0.000000000000e+00
403 0.000000000000e+00
404 0.000000000000e+00
405 7.384146053752e+00
406 0.000000000000e+00
407 0.000000000000e+00
408 0.000000000000e+00
409 0.000000000000e+00
410 0.000000000000e+00
411 0.000000000000e+00
412 0.000000000000e+00
413 0.000000000000e+00
414 0.000000000000e+00
415 0.000000000000e+00
416 0.000000000000e+00
417 0.000000000000e+00
418 0.000000000000e+00
419 0.000000000000e+00
420 0.000000000000e+00
421 0.000000000000e+00
422 4.189631018600e-01
423 2.191024659291e+00
424 8.236211879068e+00
425 3.989301632559e+00
426 0.000000000000e+00
427 9.549956087052e+00
428 1.015913933599e+01
429 6.228873449707e+00
430 8.905627169774e+00
431 0.000000000000e+00
432 0.000000000000e+00
433 0.000000000000e+00
434 1.433618670289e+01
435 0.000000000000e+00
436 0.000000000000e+00
437 0.000000000000e+00
438 0.000000000000e+00
439 0.000000000000e+00
440 0.000000000000e+00
441 0.000000000000e+00
442 0.000000000000e+00
443 0.000000000000e+00
444 0.000000000000e+00
445 0.000000000000e+00
446 0.000000000000e+00
447 0.000000000000e+00
448 0.000000000000e+00
449 0.000000000000e+00
450 0.000000000000e+00
451 0.000000000000e+00
452 0.000000000000e+00
453 0.000000000000e+00
454 2.721783977213e+00
455 0.000000000000e+00
456 0.000000000000e+00
457 0.000000000000e+00
458 6.644693587413e+00
459 0.000000000000e+00
460 0.000000000000e+00
461 9.530088660594e+00
462 0.000000000000e+00
463 1.241555027332e+00
464 4.913554645772e+00
465 0.000000000000e+00
466 2.455129080831e+00
467 1.211699130800e+01
468 0.000000000000e+00
469 6.581364318756e-01
470 8.482851177094e+00
471 1.819827303195e+01
472 2.024523157856e+01
473 1.249402074052e+01
474 0.000000000000e+00
475 1.087299307426e+01
476 0.000000000000e+00
477 9.858910049983e+00
478 1.021317830862e+01
479 0.000000000000e+00
480 0.000000000000e+00
481 2.389834361428e+00
482 1.143111661692e+01
483 2.385372424285e+00
484 2.364856781512e+00
485 4.734916100294e+00
486 6.283529745881e+00
487 3.892646838059e+00
488 6.131732761157e+00
489 2.898915362931e+00
490 1.895153480006e+01
491 7.844733087810e+00
492 1.245825193359e+01
493 9.565982317485e+00
494 0.000000000000e+00
495 1.061845691626e+01
496 5.786688740525e+00
497 9.604814676683e+00
498 8.784919696404e+00
499 0.000000000000e+00
500 0.000000000000e+00
501 0.000000000000e+00
502 0.000000000000e+00
503 1.113477657440e+01
504 0.000000000000e+00
505 0.000000000000e+00
506 0.000000000000e+00
507 0.000000000000e+00
508 0.000000000000e+00
509 0.000000000000e+00
510 0.000000000000e+00
511 0.000000000000e+00
512 2.475492202379e+00
513 0.000000000000e+00
514 0.000000000000e+00
515 0.000000000000e+00
516 0.000000000000e+00
517 7.398615724687e+00
518 0.000000000000e+00
519 0.000000000000e+00
520 0.000000000000e+00
521 3.058411173975e+00
522 2.539516300256e+00
523 1.391723311529e+00
524 1.127687343861e+01
525 0.000000000000e+00
526 9.408964488559e+00
527 5.154489547157e+00
528 0.000000000000e+00
529 0.000000000000e+00
530 0.000000000000e+00
531 1.130143290703e+01
532 1.630540251803e-01
533 0.000000000000e+00
534 4.389251773699e+00
535 1.196210512379e+01
536 1.794568360741e+01
537 0.000000000000e+00
538 0.000000000000e+00
539 0.000000000000e+00
540 0.000000000000e+00
541 4.295367905019e+00
542 7.886532366059e+00
543 0.000000000000e+00
544 0.000000000000e+00
545 0.000000000000e+00
546 0.000000000000e+00
547 2.014803824589e+00
548 4.157331820922e+00
549 6.438150592197e+00
550 0.000000000000e+00
551 8.557825274677e+00
552 1.211593130451e+01
553 5.784758732774e+00
554 1.378530580471e+01
555 0.000000000000e+00
556 0.000000000000e+00
557 0.000000000000e+00
558 0.000000000000e+00
559 2.165780568297e+00
560 2.969630382014e+00
561 5.311200808852e-05
562 0.000000000000e+00
563 2.946135445217e+00
564 0.000000000000e+00
565 0.000000000000e+00
566 4.154741760837e+00
567 0.000000000000e+00
568 0.000000000000e+00
569 1.032257637303e+01
570 7.012307443785e+00
571 1.238970680345e+01
572 0.000000000000e+00
573 1.181761371315e+01
574 7.550025907268e+00
575 1.178873518734e+01
576 0.000000000000e+00
577 0.000000000000e+00
578 1.449731793026e+00
579 7.079575357767e+00
580 2.177927335402e+00
581 5.263916251654e+00
582 2.042999793490e+01
583 2.208716099120e+01
584 0.000000000000e+00
585 5.655385638483e+00
586 1.110027987993e+01
587 5.324976820507e+00
588 3.079096463538e+00
589 5.734709177183e-01
590 0.000000000000e+00
591 4.624085596190e+00
592 1.078196247394e+00
593 0.000000000000e+00
594 7.128610571283e+00
595 0.000000000000e+00
596 0.000000000000e+00
597 1.015794580410e+01
598 0.000000000000e+00
599 0.000000000000e+00
600 0.000000000000e+00
601 0.000000000000e+00
602 0.000000000000e+00
603 0.000000000000e+00
604 0.000000000000e+00
605 0.000000000000e+00
606 0.000000000000e+00
607 0.000000000000e+00
608 0.000000000000e+00
609 0.000000000000e+00
610 0.000000000000e+00
611 0.000000000000e+00
612 0.000000000000e+00
613 0.000000000000e+00
614 0.000000000000e+00
615 0.000000000000e+00
616 0.000000000000e+00
617 0.000000000000e+00
618 0.000000000000e+00
619 0.000000000000e+00
620 0.000000000000e+00
621 1.487105820859e+00
622 2.430568793415e+00
623 7.113329774436e+00
624 2.528739194580e+00
625 1.471249219850e+01
626 3.154488855428e+00
627 5.744303552531e+00
628 4.523970703523e+00
629 1.465289101642e+00
630 4.954207999995e+00
631 4.828089061989e+00
632 0.000000000000e+00
633 0.000000000000e+00
634 0.000000000000e+00
635 0.000000000000e+00
636 1.383830280665e+01
637 9.160629816855e+00
638 0.000000000000e+00
639 2.375548410835e+00
640 6.716433070756e+00
641 0.000000000000e+00
642 0.000000000000e+00
643 0.000000000000e+00
644 0.000000000000e+00
645 1.868263250254e+00
646 4.161589200268e+00
647 2.109705510290e+01
648 2.391779212298e+01
649 0.000000000000e+00
650 2.821860583509e+00
651 4.242361483068e+00
652 8.978021661980e+00
653 1.778358031191e+00
654 9.479101611353e-01
655 0.000000000000e+00
656 0.000000000000e+00
657 4.326944318886e+00
658 0.000000000000e+00
659 5.265818269376e+00
660 0.000000000000e+00
661 0.000000000000e+00
662 1.438800119540e+00
663 0.000000000000e+00
664 0.000000000000e+00
665 0.000000000000e+00
666 0.000000000000e+00
667 0.000000000000e+00
668 0.000000000000e+00
669 0.000000000000e+00
670 0.000000000000e+00
671 0.000000000000e+00
672 0.000000000000e+00
673 0.000000000000e+00
674 0.000000000000e+00
675 0.000000000000e+00
676 0.000000000000e+00
677 0.000000000000e+00
678 0.000000000000e+00
679 0.000000000000e+00
680 0.000000000000e+00
681 0.000000000000e+00
682 0.000000000000e+00
683 0.000000000000e+00
684 5.798128741189e+00
685 1.784992025072e+01
686 8.879340875738e-01
687 1.044690854608e+01
688 1.425742333559e+00
689 5.945936394525e+00
690 0.000000000000e+00
691 4.430573098894e+00
692 0.000000000000e+00
693 8.090485581554e+00
694 7.036257778942e+00
695 0.000000000000e+00
696 0.000000000000e+00
697 2.855394071731e+00
698 3.297699833677e+00
699 1.652879865821e+01
700 0.000000000000e+00
701 7.796045286475e+00
702 9.874112278128e+00
703 8.541356999357e+00
704 1.163921564779e+00
705 7.889425941393e-01
706 1.638762315522e+01
707 0.000000000000e+00
708 0.000000000000e+00
709 1.280477903214e+00
710 3.027231156867e+00
711 7.678553198132e+00
712 3.520071595443e+00
713 4.410007483208e+00
714 4.560523063522e+00
715 3.920954102406e+00
716 4.788079845163e+00
717 1.333226464012e+01
718 7.159328324388e+00
719 0.000000000000e+00
720 8.485181981700e+00
721 1.060486209847e+01
722 9.595557327197e+00
723 0.000000000000e+00
724 0.000000000000e+00
725 0.000000000000e+00
726 7.343278474710e+00
727 0.000000000000e+00
728 0.000000000000e+00
729 0.000000000000e+00
730 1.204004455671e+01
731 0.000000000000e+00
732 0.000000000000e+00
733 0.000000000000e+00
734 4.869251235162e+00
735 0.000000000000e+00
736 0.000000000000e+00
737 0.000000000000e+00
738 0.000000000000e+00
739 0.000000000000e+00
740 0.000000000000e+00
741 0.000000000000e+00
742 0.000000000000e+00
743 5.231818550684e+00
744 0.000000000000e+00
745 0.000000000000e+00
746 0.000000000000e+00
747 1.428683279416e+00
748 0.000000000000e+00
749 3.287296590555e+00
750 1.596367834496e+01
751 2.003006749986e+01
752 0.000000000000e+00
753 7.914111881898e+00
754 7.328671774403e+00
755 0.000000000000e+00
756 5.673593458853e+00
757 1.128930038384e+01
758 4.654383217635e+00
759 0.000000000000e+00
760 2.723626222671e+00
761 1.369667152935e+01
762 3.359076137256e+00
763 0.000000000000e+00
764 0.000000000000e+00
765 4.559774433108e+00
766 0.000000000000e+00
767 1.336915590602e+00
768 0.000000000000e+00
769 0.000000000000e+00
770 0.000000000000e+00
771 0.000000000000e+00
772 1.178277163815e+01
773 0.000000000000e+00
774 1.073808776243e+01
775 0.000000000000e+00
776 3.133965741531e+00
777 8.595765998803e+00
778 0.000000000000e+00
779 0.000000000000e+00
780 0.000000000000e+00
781 0.000000000000e+00
782 0.000000000000e+00
783 1.432482229726e+00
784 2.199907879683e+00
785 3.971758841936e+00
786 1.244462856604e+01
787 0.000000000000e+00
788 8.381021693237e+00
789 2.862141761010e+00
790 7.894720169500e+00
791 8.400093379909e+00
792 0.000000000000e+00
793 0.000000000000e+00
794 0.000000000000e+00
795 0.000000000000e+00
796 0.000000000000e+00
797 0.000000000000e+00
798 0.000000000000e+00
799 0.000000000000e+00
800 0.000000000000e+00
801 0.000000000000e+00
802 0.000000000000e+00
803 0.000000000000e+00
804 0.000000000000e+00
805 0.000000000000e+00
806 0.000000000000e+00
807 0.000000000000e+00
808 0.000000000000e+00
809 0.000000000000e+00
810 0.000000000000e+00
811 0.000000000000e+00
812 0.000000000000e+00
813 0.000000000000e+00
814 0.000000000000e+00
815 0.000000000000e+00
816 0.000000000000e+00
817 5.080550190920e-01
818 1.033971165627e+00
819 0.000000000000e+00
820 0.000000000000e+00
821 0.000000000000e+00
822 0.000000000000e+00
823 1.078480631399e+01
824 1.975472074574e+00
825 0.000000000000e+00
826 1.150944127929e+01
827 3.807828030811e+00
828 0.000000000000e+00
829 0.000000000000e+00
830 0.000000000000e+00
831 0.000000000000e+00
832 0.000000000000e+00
833 0.000000000000e+00
834 0.000000000000e+00
835 0.000000000000e+00
836 0.000000000000e+00
837 0.000000000000e+00
838 0.000000000000e+00
839 0.000000000000e+00
840 0.000000000000e+00
841 0.000000000000e+00
842 0.000000000000e+00
843 0.000000000000e+00
844 0.000000000000e+00
845 0.000000000000e+00
846 0.000000000000e+00
847 0.000000000000e+00
848 0.000000000000e+00
849 0.000000000000e+00
850 0.000000000000e+00
851 0.000000000000e+00
852 0.000000000000e+00
853 4.495990631381e+00
854 1.058792307179e+01
855 1.130947400285e+01
856 0.000000000000e+00
857 0.000000000000e+00
858 1.895475712656e+00
859 0.000000000000e+00
860 0.000000000000e+00
861 2.126768840766e+00
862 0.000000000000e+00
863 0.000000000000e+00
864 0.000000000000e+00
865 0.000000000000e+00
866 0.000000000000e+00
867 0.000000000000e+00
868 0.000000000000e+00
869 0.000000000000e+00
870 0.000000000000e+00
871 0.000000000000e+00
872 0.000000000000e+00
873 0.000000000000e+00
874 0.000000000000e+00
875 0.000000000000e+00
876 0.000000000000e+00
877 0.000000000000e+00
878 0.000000000000e+00
879 0.000000000000e+00
880 0.000000000000e+00
881 0.000000000000e+00
882 0.000000000000e+00
883 0.000000000000e+00
884 0.000000000000e+00
885 0.000000000000e+00
886 0.000000000000e+00
887 0.000000000000e+00
888 0.000000000000e+00
889 0.000000000000e+00
890 0.000000000000e+00
891 0.000000000000e+00
892 1.474519359679e-01
893 2.945238850078e+00
894 3.552180473439e+00
895 1.878951029031e+01
896 2.142920970869e+01
897 0.000000000000e+00
898 0.000000000000e+00
899 0.000000000000e+00
900 5.588244459952e+00
901 0.000000000000e+00
902 0.000000000000e+00
903 0.000000000000e+00
904 9.404396767195e+00
905 0.000000000000e+00
906 0.000000000000e+00
907 0.000000000000e+00
908 8.659629916548e+00
909 0.000000000000e+00
910 0.000000000000e+00
911 0.000000000000e+00
912 0.000000000000e+00
913 0.000000000000e+00
914 0.000000000000e+00
915 7.064419697878e-01
916 1.821530789641e+00
917 5.342205919855e+00
918 7.399639545676e+00
919 3.688882584615e+00
920 0.000000000000e+00
921 0.000000000000e+00
922 0.000000000000e+00
923 0.000000000000e+00
924 1.195651971231e+01
925 2.650446249474e+01
926 0.000000000000e+00
927 2.052792829777e+00
928 0.000000000000e+00
929 0.000000000000e+00
930 0.000000000000e+00
931 0.000000000000e+00
932 0.000000000000e+00
933 0.000000000000e+00
934 5.004998916952e+00
935 0.000000000000e+00
936 4.955071590411e+00
937 0.000000000000e+00
938 0.000000000000e+00
939 0.000000000000e+00
940 0.000000000000e+00
941 5.422508612689e+00
942 0.000000000000e+00
943 8.145841521588e+00
944 0.000000000000e+00
945 9.189194101715e+00
946 0.000000000000e+00
947 3.825932685192e+00
948 0.000000000000e+00
949 0.000000000000e+00
950 0.000000000000e+00
951 7.924936811729e-01
952 2.871782096556e+00
953 4.796830052910e+00
954 1.696269043162e+01
955 1.792474326712e+01
956 1.174147126590e+01
957 0.000000000000e+00
958 6.473300603765e+00
959 0.000000000000e+00
960 9.443591162453e+00
961 1.026001752769e+01
962 0.000000000000e+00
963 0.000000000000e+00
964 0.000000000000e+00
965 2.401796127414e+00
966 0.000000000000e+00
967 1.077142318113e+00
968 2.939885289515e+00
969 9.799724991435e+00
970 0.000000000000e+00
971 6.438223796918e+00
972 0.000000000000e+00
973 6.775374261288e+00
974 0.000000000000e+00
975 0.000000000000e+00
976 1.384920819220e+01
977 1.813283820101e+01
978 0.000000000000e+00
979 0.000000000000e+00
980 0.000000000000e+00
981 0.000000000000e+00
982 0.000000000000e+00
983 0.000000000000e+00
984 0.000000000000e+00
985 0.000000000000e+00
986 0.000000000000e+00
987 0.000000000000e+00
988 0.000000000000e+00
989 0.000000000000e+00
990 0.000000000000e+00
991 0.000000000000e+00
992 0.000000000000e+00
993 3.937776800279e+00
994 0.000000000000e+00
995 0.000000000000e+00
996 1.241693202546e+00
997 2.649270189393e+00
998 2.012152945193e+01
999 0.000000000000e+00
1000 2.979430662095e+00
1001 0.000000000000e+00
1002 9.274411848130e+00
1003 0.000000000000e+00
1004 0.000000000000e+00
1005 0.000000000000e+00
1006 0.000000000000e+00
1007 8.053189175625e+00
1008 1.474531402343e+00
1009 0.000000000000e+00
1010 0.000000000000e+00
1011 0.000000000000e+00
1012 0.000000000000e+00
1013 0.000000000000e+00
1014 0.000000000000e+00
1015 1.340580371391e+01
1016 0.000000000000e+00
1017 0.000000000000e+00
1018 3.383168967770e+00
1019 2.084444323933e+01
1020 1.905987115731e+01
1021 1.255846545314e+01
1022 8.790043028871e+00
1023 0.000000000000e+00
1024 0.000000000000e+00
1025 0.000000000000e+00
1026 0.000000000000e+00
1027 1.244410954450e+01
1028 0.000000000000e+00
1029 0.000000000000e+00
1030 0.000000000000e+00
1031 4.447377875757e+00
1032 9.001018139596e+00
1033 0.000000000000e+00
1034 0.000000000000e+00
1035 1.185820428959e+00
1036 3.162472153773e+00
1037 8.022552014912e+00
1038 1.323137617772e+01
1039 1.169870077406e+01
1040 0.000000000000e+00
1041 0.000000000000e+00
1042 1.384101703611e+01
1043 3.330199403117e+00
1044 4.906750344185e+00
1045 5.199743628149e+00
1046 0.000000000000e+00
1047 0.000000000000e+00
1048 0.000000000000e+00
1049 0.000000000000e+00
1050 0.000000000000e+00
1051 4.512526275120e+00
1052 0.000000000000e+00
1053 0.000000000000e+00
1054 0.000000000000e+00
1055 5.562710534352e+00
1056 0.000000000000e+00
1057 0.000000000000e+00
1058 0.000000000000e+00
1059 0.000000000000e+00
1060 0.000000000000e+00
1061 0.000000000000e+00
1062 0.000000000000e+00
1063 0.000000000000e+00
1064 0.000000000000e+00
1065 1.026526504535e+01
1066 1.487108249879e+00
1067 1.394676868323e+00
1068 8.099637594442e+00
1069 1.960158397089e+01
1070 2.024321204016e+01
1071 4.052760071485e+00
1072 8.187834492918e+00
1073 7.976856702908e+00
1074 0.000000000000e+00
1075 9.370223297288e+00
1076 1.103642629859e+01
1077 0.000000000000e+00
1078 0.000000000000e+00
1079 1.989380828997e+00
1080 6.189887164945e+00
1081 1.408412408531e+00
1082 3.889952744043e+00
1083 0.000000000000e+00
1084 0.000000000000e+00
1085 7.461612472223e+00
1086 7.525375032517e+00
1087 1.842603373472e+01
1088 2.155305531358e+01
1089 0.000000000000e+00
1090 0.000000000000e+00
1091 0.000000000000e+00
1092 6.452500889239e+00
1093 0.000000000000e+00
1094 0.000000000000e+00
1095 0.000000000000e+00
1096 5.137352492786e+00
1097 3.575083177289e+00
1098 0.000000000000e+00
1099 0.000000000000e+00
1100 0.000000000000e+00
1101 0.000000000000e+00
1102 0.000000000000e+00
1103 0.000000000000e+00
1104 0.000000000000e+00
1105 0.000000000000e+00
1106 0.000000000000e+00
1107 0.000000000000e+00
1108 0.000000000000e+00
1109 0.000000000000e+00
1110 0.000000000000e+00
1111 0.000000000000e+00
1112 0.000000000000e+00
1113 2.204542480917e+00
1114 3.847495360200e+00
1115 2.176978197170e+01
1116 5.020156323286e+00
1117 1.109534150008e+01
1118 0.000000000000e+00
1119 7.125723560622e+00
1120 0.000000000000e+00
1121 4.790187448104e+00
1122 0.000000000000e+00
1123 1.494764710066e+00
1124 1.118621322298e+00
1125 0.000000000000e+00
1126 0.000000000000e+00
1127 4.310205554807e+00
1128 8.335725722093e+00
1129 0.000000000000e+00
1130 6.496694341317e+00
1131 7.877276168197e+00
1132 6.182470948132e+00
1133 0.000000000000e+00
1134 0.000000000000e+00
1135 0.000000000000e+00
1136 0.000000000000e+00
1137 0.000000000000e+00
1138 0.000000000000e+00
1139 0.000000000000e+00
1140 0.000000000000e+00
1141 0.000000000000e+00
1142 0.000000000000e+00
1143 0.000000000000e+00
1144 0.000000000000e+00
1145 0.000000000000e+00
1146 0.000000000000e+00
1147 0.000000000000e+00
1148 0.000000000000e+00
1149 0.000000000000e+00
1150 0.000000000000e+00
1151 0.000000000000e+00
1152 0.000000000000e+00
1153 0.000000000000e+00
1154 0.000000000000e+00
1155 0.000000000000e+00
1156 0.000000000000e+00
1157 3.739432029338e+00
1158 4.938502820958e+00
1159 6.742082892656e+00
1160 0.000000000000e+00
1161 0.000000000000e+00
1162 0.000000000000e+00
1163 0.000000000000e+00
1164 0.000000000000e+00
1165 0.000000000000e+00
1166 4.531894324232e+00
1167 0.000000000000e+00
1168 0.000000000000e+00
1169 0.000000000000e+00
1170 0.000000000000e+00
1171 0.000000000000e+00
1172 0.000000000000e+00
1173 0.000000000000e+00
1174 1.184611891679e+00
1175 3.512379244897e+00
1176 1.188640636184e+01
1177 0.000000000000e+00
1178 3.523747381983e+00
1179 0.000000000000e+00
1180 5.028920280202e+00
1181 4.412371742059e+00
1182 0.000000000000e+00
1183 1.680784506455e+01
1184 2.029108632762e+01
1185 0.000000000000e+00
1186 0.000000000000e+00
1187 0.000000000000e+00
1188 0.000000000000e+00
1189 0.000000000000e+00
1190 0.000000000000e+00
1191 0.000000000000e+00
1192 0.000000000000e+00
1193 1.875625095222e+00
1194 3.918430109346e+00
1195 3.013021822551e+00
1196 0.000000000000e+00
1197 0.000000000000e+00
1198 0.000000000000e+00
1199 0.000000000000e+00
1200 1.210581496945e+01
1201 0.000000000000e+00
1202 0.000000000000e+00
1203 0.000000000000e+00
1204 0.000000000000e+00
1205 0.000000000000e+00
1206 0.000000000000e+00
1207 0.000000000000e+00
1208 0.000000000000e+00
1209 0.000000000000e+00
1210 0.000000000000e+00
1211 0.000000000000e+00
1212 0.000000000000e+00
1213 0.000000000000e+00
1214 0.000000000000e+00
1215 0.000000000000e+00
1216 0.000000000000e+00
1217 0.000000000000e+00
1218 0.000000000000e+00
1219 0.000000000000e+00
1220 0.000000000000e+00
1221 0.000000000000e+00
1222 0.000000000000e+00
1223 0.000000000000e+00
1224 1.926703811595e+00
1225 5.082741066582e+00
1226 0.000000000000e+00
1227 0.000000000000e+00
1228 3.643567978726e+00
1229 8.728631158617e+00
1230 8.324885809114e+00
1231 2.508589893566e+01
1232 2.517258077499e+01
1233 0.000000000000e+00
1234 2.922109403036e+00
1235 0.000000000000e+00
1236 1.213430041476e+00
1237 0.000000000000e+00
1238 0.000000000000e+00
1239 0.000000000000e+00
1240 1.116600624654e+01
1241 5.270569577956e+00
1242 0.000000000000e+00
1243 0.000000000000e+00
1244 1.149137428802e+01
1245 0.000000000000e+00
1246 0.000000000000e+00
1247 0.000000000000e+00
1248 0.000000000000e+00
1249 3.864506432331e+00
1250 0.000000000000e+00
1251 0.000000000000e+00
1252 6.125973519207e+00
1253 1.451859859365e+01
1254 1.961567037844e+01
1255 1.171337768637e+01
1256 4.192685069343e+00
1257 0.000000000000e+00
1258 0.000000000000e+00
1259 8.100723465801e+00
1260 0.000000000000e+00
1261 0.000000000000e+00
1262 0.000000000000e+00
1263 0.000000000000e+00
1264 0.000000000000e+00
1265 0.000000000000e+00
1266 0.000000000000e+00
1267 0.000000000000e+00
1268 0.000000000000e+00
1269 0.000000000000e+00
1270 0.000000000000e+00
1271 0.000000000000e+00
1272 0.000000000000e+00
1273 0.000000000000e+00
1274 7.253734456933e+00
1275 0.000000000000e+00
1276 0.000000000000e+00
1277 1.385193538504e+00
1278 1.349925578414e+01
1279 2.390708126999e+01
1280 0.000000000000e+00
1281 2.394344854869e+00
1282 3.626036294083e+00
1283 0.000000000000e+00
1284 3.435680287305e+00
1285 0.000000000000e+00
1286 0.000000000000e+00
1287 0.000000000000e+00
1288 6.095870774580e+00
1289 9.096640535688e+00
1290 0.000000000000e+00
1291 4.065407308628e+00
1292 0.000000000000e+00
1293 0.000000000000e+00
1294 0.000000000000e+00
1295 1.942893516561e+00
1296 1.837408080797e+01
1297 4.378513508751e+00
1298 0.000000000000e+00
1299 8.761105503279e+00
1300 1.147463860263e+01
1301 7.595943209409e+00
1302 1.097022902970e+01
1303 1.472572015891e+00
1304 4.104182940720e-01
1305 2.551648358506e+00
1306 1.841154627732e+01
1307 1.442533103798e+00
1308 0.000000000000e+00
1309 7.850807445273e+00
1310 2.475591771198e+00
1311 8.187803909511e+00
1312 1.256098152862e+01
1313 5.891137945859e-01
1314 3.178748507045e+00
1315 6.514810068918e+00
1316 1.660783141960e+01
1317 0.000000000000e+00
1318 1.116481684549e+01
1319 6.777305584936e+00
1320 4.368966082315e+00
1321 8.989709391555e-01
1322 0.000000000000e+00
1323 5.959476254283e+00
1324 1.703258343416e+00
1325 0.000000000000e+00
1326 7.185734521476e+00
1327 2.486357123876e+00
1328 0.000000000000e+00
1329 3.123424538378e+00
1330 4.600968100760e+00
1331 0.000000000000e+00
1332 0.000000000000e+00
1333 0.000000000000e+00
1334 2.254494960696e+00
1335 4.319399381905e+00
1336 1.465069817292e+01
1337 1.398630893321e+01
1338 0.000000000000e+00
1339 8.142553982658e+00
1340 1.294708416650e+00
1341 1.189218289122e+01
1342 3.094938338883e+00
1343 0.000000000000e+00
1344 1.996836806237e+00
1345 6.075722486759e+00
1346 0.000000000000e+00
1347 0.000000000000e+00
1348 0.000000000000e+00
1349 0.000000000000e+00
1350 0.000000000000e+00
1351 0.000000000000e+00
1352 0.000000000000e+00
1353 0.000000000000e+00
1354 0.000000000000e+00
1355 0.000000000000e+00
1356 0.000000000000e+00
1357 0.000000000000e+00
1358 0.000000000000e+00
1359 0.000000000000e+00
1360 0.000000000000e+00
1361 0.000000000000e+00
1362 0.000000000000e+00
1363 0.000000000000e+00
1364 0.000000000000e+00
1365 0.000000000000e+00
1366 2.178452794434e+01
1367 4.690470372734e+00
1368 5.845149727481e+00
1369 1.122508919139e+01
1370 6.688623430974e+00
1371 0.000000000000e+00
1372 0.000000000000e+00
1373 3.914722589812e+00
1374 0.000000000000e+00
1375 5.420313638945e+00
1376 0.000000000000e+00
1377 0.000000000000e+00
1378 1.426675991773e+01
1379 0.000000000000e+00
1380 0.000000000000e+00
1381 2.888308482491e-01
1382 0.000000000000e+00
1383 0.000000000000e+00
1384 3.847208312041e+00
1385 0.000000000000e+00
1386 1.098461069400e+01
1387 0.000000000000e+00
1388 0.000000000000e+00
1389 0.000000000000e+00
1390 0.000000000000e+00
1391 0.000000000000e+00
1392 0.000000000000e+00
1393 6.990849299604e+00
1394 0.000000000000e+00
1395 0.000000000000e+00
1396 0.000000000000e+00
1397 0.000000000000e+00
1398 0.000000000000e+00
1399 0.000000000000e+00
1400 4.088705780731e+00
1401 3.963577911444e+00
1402 4.240153221138e+00
1403 1.010357941099e+01
1404 1.349125763470e+00
1405 0.000000000000e+00
1406 0.000000000000e+00
1407 9.348755131719e+00
1408 4.639383652873e+00
1409 0.000000000000e+00
1410 6.849414849384e+00
1411 8.496127508199e+00
1412 9.030602584204e+00
1413 6.474115504451e+00
1414 0.000000000000e+00
1415 1.029286713836e+00
1416 1.746380314894e+01
1417 0.000000000000e+00
1418 0.000000000000e+00
1419 4.050034875448e+00
1420 0.000000000000e+00
1421 0.000000000000e+00
1422 0.000000000000e+00
1423 0.000000000000e+00
1424 0.000000000000e+00
1425 1.129270973810e+01
1426 7.682746828394e+00
1427 1.056102923238e+01
1428 0.000000000000e+00
1429 4.388930042332e+00
1430 8.354621596538e+00
1431 8.275093962895e+00
1432 0.000000000000e+00
1433 0.000000000000e+00
1434 4.550813265527e+00
1435 1.197896676919e+01
1436 4.641771798853e+00
1437 8.387791106100e+00
1438 1.183537033392e+01
1439 0.000000000000e+00
1440 7.764148426286e+00
1441 8.256767670382e+00
1442 6.973774884688e+00
1443 0.000000000000e+00
