47.586000 46.159000 11.451000 1.824000
48.094000 45.618000 10.156000 1.908000
47.734000 44.136000 10.028000 1.908000
48.536000 43.253000 10.342000 1.661200
49.616000 45.800000 10.076000 1.908000
50.137000 46.460000 8.793000 1.908000
49.968000 45.473000 7.275000 2.000000
49.217000 46.682000 6.162000 1.908000
48.430000 47.099000 6.614000 1.387000
49.890000 47.385000 5.939000 1.387000
48.922000 46.220000 5.327000 1.387000
47.992000 45.639000 12.199000 0.600000
47.844000 47.120000 11.522000 0.600000
49.656000 47.373000 8.687000 1.387000
51.129000 46.719000 8.948000 1.387000
46.593000 46.069000 11.470000 0.600000
47.637000 46.118000 9.422000 1.100000
50.059000 44.892000 10.163000 1.487000
49.921000 46.362000 10.863000 1.487000
46.514000 43.877000 9.567000 1.824000
46.023000 42.516000 9.383000 1.908000
46.295000 42.028000 7.953000 1.908000
46.029000 42.730000 6.973000 1.661200
44.521000 42.467000 9.679000 1.908000
43.914000 41.073000 9.668000 1.908000
44.362000 40.248000 10.863000 1.908000
43.780000 38.842000 10.800000 1.908000
44.111000 38.025000 12.003000 1.824000
46.500000 41.905000 10.023000 1.387000
42.779000 38.909000 10.714000 1.100000
44.138000 38.379000 9.980000 1.100000
42.915000 41.152000 9.686000 1.487000
44.191000 40.602000 8.827000 1.487000
44.272000 38.632000 12.780000 0.600000
43.348000 37.413000 12.207000 0.600000
44.933000 37.487000 11.821000 0.600000
44.044000 40.684000 11.695000 1.487000
45.352000 40.181000 10.856000 1.487000
45.944000 44.723000 9.351000 0.600000
44.051000 43.021000 8.989000 1.487000
44.369000 42.869000 10.583000 1.487000
46.835000 40.820000 7.849000 1.824000
47.150000 40.217000 6.563000 1.908000
46.232000 39.021000 6.313000 1.908000
45.962000 38.242000 7.224000 1.661200
48.612000 39.758000 6.556000 1.908000
49.027000 38.946000 5.332000 1.908000
48.978000 39.779000 4.061000 1.908000
49.421000 38.968000 2.855000 1.908000
50.810000 38.453000 2.999000 1.824000
47.000000 40.892000 5.837000 1.387000
48.793000 38.191000 2.736000 1.100000
49.369000 39.548000 2.035000 1.100000
49.961000 38.613000 5.466000 1.487000
48.407000 38.167000 5.234000 1.487000
51.401000 38.901000 2.329000 0.600000
51.142000 38.648000 3.922000 0.600000
50.815000 37.466000 2.843000 0.600000
49.588000 40.557000 4.162000 1.487000
48.044000 40.085000 3.913000 1.487000
47.012000 40.345000 8.762000 0.600000
48.766000 39.196000 7.371000 1.487000
49.194000 40.571000 6.603000 1.487000
45.754000 38.882000 5.081000 1.824000
44.881000 37.768000 4.717000 1.908000
45.286000 37.200000 3.355000 1.908000
45.489000 37.946000 2.396000 1.661200
43.445000 38.226000 4.684000 1.908000
46.049000 39.619000 4.412000 0.600000
44.975000 37.043000 5.405000 1.387000
43.131000 38.431000 5.613000 1.487000
43.363000 39.051000 4.122000 1.487000
42.866000 37.507000 4.295000 1.487000
45.407000 35.878000 3.280000 1.824000
45.795000 35.219000 2.040000 1.908000
44.762000 34.219000 1.538000 1.908000
44.168000 33.469000 2.312000 1.661200
47.150000 34.485000 2.190000 1.908000
47.510000 33.773000 0.885000 1.908000
48.250000 35.489000 2.570000 1.908000
45.907000 35.934000 1.326000 1.387000
46.897000 34.082000 0.160000 1.487000
48.779000 35.712000 1.754000 1.487000
47.037000 33.783000 2.881000 1.487000
48.454000 33.989000 0.641000 1.487000
47.413000 32.787000 1.009000 1.487000
45.205000 35.370000 4.162000 0.600000
47.823000 36.312000 2.936000 1.487000
48.841000 35.075000 3.259000 1.487000
44.559000 34.222000 0.226000 1.824000
43.619000 33.318000 -0.425000 1.908000
44.337000 32.641000 -1.585000 1.908000
44.767000 33.307000 -2.535000 1.661200
42.401000 34.076000 -1.013000 1.908000
41.557000 34.677000 0.104000 1.908000
41.568000 33.139000 -1.882000 1.908000
40.490000 35.640000 -0.400000 1.908000
43.410000 32.604000 0.237000 1.387000
40.816000 33.656000 -2.284000 1.487000
42.150000 32.764000 -2.601000 1.487000
42.751000 34.817000 -1.575000 1.487000
41.111000 33.939000 0.602000 1.487000
42.159000 35.172000 0.726000 1.487000
39.876000 35.153000 -1.017000 1.487000
45.129000 34.925000 -0.297000 0.600000
39.977000 35.995000 0.378000 1.487000
41.211000 32.403000 -1.311000 1.487000
40.931000 36.391000 -0.885000 1.487000
44.497000 31.326000 -1.498000 1.824000
45.128000 30.594000 -2.586000 1.908000
43.955000 30.092000 -3.415000 1.908000
43.291000 29.111000 -3.059000 1.661200
45.978000 29.439000 -2.057000 1.908000
47.157000 29.920000 -1.225000 1.908000
45.614000 31.245000 -3.138000 1.387000
44.151000 30.892000 -0.632000 0.600000
46.328000 28.923000 -2.833000 1.487000
45.405000 28.860000 -1.487000 1.487000
47.123000 29.879000 0.007000 1.661200
48.201000 30.395000 -1.895000 1.824000
49.007000 30.720000 -1.405000 0.600000
48.179000 30.427000 -2.896000 0.600000
43.701000 30.807000 -4.509000 1.824000
42.593000 30.504000 -5.396000 1.908000
42.468000 29.102000 -5.948000 1.908000
41.356000 28.577000 -6.053000 1.661200
44.365000 31.597000 -4.669000 0.600000
41.704000 30.750000 -4.909000 1.387000
42.617000 31.175000 -6.194000 1.387000
43.596000 28.499000 -6.310000 1.824000
43.586000 27.157000 -6.872000 1.908000
43.004000 26.145000 -5.889000 1.908000
42.590000 25.057000 -6.289000 1.661200
45.009000 26.720000 -7.271000 1.908000
45.815000 26.059000 -6.149000 1.908000
46.487000 27.056000 -5.220000 1.908000
45.963000 28.181000 -5.073000 1.661200
47.536000 26.708000 -4.629000 1.661200
45.196000 25.517000 -5.609000 1.487000
43.041000 27.147000 -7.722000 1.387000
46.522000 25.512000 -6.562000 1.487000
44.457000 29.054000 -6.160000 0.600000
45.500000 27.525000 -7.554000 1.487000
44.925000 26.064000 -8.001000 1.487000
42.962000 26.508000 -4.609000 1.824000
42.451000 25.605000 -3.580000 1.908000
40.994000 25.819000 -3.199000 1.908000
40.468000 25.116000 -2.339000 1.661200
43.324000 25.701000 -2.327000 1.908000
44.785000 25.376000 -2.587000 1.908000
45.652000 25.574000 -1.370000 1.908000
44.852000 24.420000 -2.879000 1.487000
42.541000 24.650000 -3.936000 1.387000
45.118000 25.970000 -3.321000 1.487000
43.314000 27.461000 -4.412000 0.600000
42.978000 25.058000 -1.645000 1.487000
43.270000 26.632000 -1.969000 1.487000
44.004000 25.692000 -0.206000 0.600000
46.876000 25.599000 -1.468000 1.661200
45.023000 25.712000 -0.209000 1.824000
45.545000 25.836000 0.658000 0.600000
40.340000 26.783000 -3.838000 1.824000
38.937000 27.064000 -3.547000 1.908000
38.019000 26.307000 -4.504000 1.908000
37.946000 26.614000 -5.695000 1.661200
38.652000 28.570000 -3.644000 1.908000
39.509000 29.312000 -2.617000 1.908000
37.175000 28.843000 -3.398000 1.908000
39.427000 30.798000 -2.734000 1.908000
38.760000 26.696000 -2.629000 1.387000
37.010000 29.824000 -3.477000 1.487000
36.637000 28.350000 -4.079000 1.487000
38.920000 28.877000 -4.546000 1.487000
39.212000 29.032000 -1.704000 1.487000
40.459000 29.023000 -2.743000 1.487000
38.480000 31.099000 -2.602000 1.487000
40.896000 27.302000 -4.539000 0.600000
40.007000 31.228000 -2.038000 1.487000
36.936000 28.529000 -2.481000 1.487000
39.738000 31.087000 -3.642000 1.487000
37.308000 25.322000 -3.974000 1.824000
36.424000 24.522000 -4.802000 1.908000
34.946000 24.826000 -4.620000 1.908000
34.106000 24.238000 -5.293000 1.661200
36.700000 23.032000 -4.569000 1.908000
38.123000 22.630000 -4.954000 1.908000
38.215000 21.169000 -5.376000 1.908000
39.450000 20.889000 -6.108000 1.824000
39.675000 19.773000 -6.795000 1.908000
38.746000 18.825000 -6.845000 1.824000
40.821000 19.607000 -7.441000 1.824000
38.727000 22.765000 -4.171000 1.487000
36.666000 24.679000 -5.783000 1.387000
40.175000 21.586000 -6.090000 0.600000
38.430000 23.195000 -5.718000 1.487000
41.002000 18.766000 -7.941000 0.600000
41.513000 20.336000 -7.427000 0.600000
37.435000 25.181000 -2.959000 0.600000
37.433000 20.967000 -5.959000 1.387000
38.185000 20.608000 -4.554000 1.387000
38.936000 17.974000 -7.355000 0.600000
37.872000 18.949000 -6.388000 0.600000
36.073000 22.508000 -5.125000 1.487000
36.576000 22.838000 -3.607000 1.487000
34.627000 25.748000 -3.722000 1.824000
33.237000 26.125000 -3.494000 1.908000
33.131000 27.524000 -2.901000 1.908000
34.087000 28.045000 -2.317000 1.661200
32.559000 25.130000 -2.552000 1.908000
33.123000 25.190000 -1.255000 1.721000
35.426000 26.164000 -3.213000 0.600000
32.764000 26.130000 -4.385000 1.387000
32.680000 24.211000 -2.916000 1.387000
31.590000 25.351000 -2.495000 1.387000
34.103000 25.001000 -1.308000 0.600000
31.963000 28.134000 -3.058000 1.824000
31.741000 29.460000 -2.510000 1.908000
31.869000 29.343000 -0.995000 1.908000
32.283000 30.286000 -0.316000 1.661200
30.338000 29.990000 -2.864000 1.908000
30.185000 31.422000 -2.355000 1.908000
29.266000 29.096000 -2.249000 1.908000
31.228000 32.369000 -2.894000 1.908000
32.498000 30.024000 -2.814000 1.387000
28.368000 29.446000 -2.507000 1.487000
29.384000 28.167000 -2.594000 1.487000
30.257000 30.002000 -3.852000 1.487000
29.279000 31.753000 -2.612000 1.487000
30.248000 31.407000 -1.358000 1.487000
31.168000 32.399000 -3.891000 1.487000
31.254000 27.600000 -3.585000 0.600000
31.071000 33.284000 -2.523000 1.487000
29.367000 29.108000 -1.257000 1.487000
32.137000 32.052000 -2.625000 1.487000
31.513000 28.170000 -0.476000 1.824000
31.596000 27.915000 0.952000 1.908000
33.061000 27.878000 1.361000 1.908000
33.418000 28.349000 2.441000 1.661200
30.917000 26.588000 1.298000 1.908000
31.534000 25.511000 0.621000 1.721000
31.179000 27.472000 -1.168000 0.600000
31.161000 28.675000 1.433000 1.387000
29.960000 26.638000 1.026000 1.387000
30.987000 26.439000 2.280000 1.387000
32.526000 25.568000 0.735000 0.600000
33.905000 27.307000 0.502000 1.824000
35.346000 27.246000 0.773000 1.908000
35.845000 28.676000 0.966000 1.908000
36.597000 28.977000 1.890000 1.661200
36.108000 26.629000 -0.409000 1.908000
36.194000 25.118000 -0.335000 1.908000
36.696000 24.510000 -1.304000 1.661200
35.771000 24.537000 0.686000 1.661200
33.468000 26.920000 -0.352000 0.600000
35.463000 26.775000 1.641000 1.387000
37.028000 27.004000 -0.407000 1.487000
35.632000 26.884000 -1.244000 1.487000
35.402000 29.550000 0.072000 1.824000
35.785000 30.950000 0.094000 1.908000
35.362000 31.643000 1.387000 1.908000
36.151000 32.359000 1.998000 1.661200
35.181000 31.659000 -1.120000 1.908000
35.608000 33.097000 -1.412000 1.908000
37.123000 33.231000 -1.334000 1.908000
35.101000 33.481000 -2.802000 1.908000
34.105000 33.410000 -2.823000 1.487000
35.373000 34.420000 -3.007000 1.487000
35.495000 32.863000 -3.481000 1.487000
34.757000 29.144000 -0.645000 0.600000
37.547000 32.624000 -2.006000 1.487000
37.385000 34.177000 -1.527000 1.487000
37.434000 32.980000 -0.417000 1.487000
36.792000 31.012000 0.018000 1.387000
35.187000 33.705000 -0.740000 1.487000
34.182000 31.663000 -1.004000 1.487000
35.406000 31.112000 -1.935000 1.487000
34.122000 31.433000 1.812000 1.824000
33.658000 32.075000 3.036000 1.908000
34.332000 31.541000 4.292000 1.908000
34.588000 32.300000 5.221000 1.661200
32.139000 31.975000 3.152000 1.908000
31.418000 32.777000 2.117000 1.908000
33.549000 30.811000 1.232000 0.600000
33.858000 33.070000 2.969000 1.387000
31.858000 32.302000 4.059000 1.487000
31.865000 31.014000 3.055000 1.487000
30.674000 32.399000 1.050000 1.908000
31.979000 34.729000 2.722000 0.600000
30.737000 35.538000 0.727000 1.359000
30.837000 34.586000 1.003000 1.908000
31.497000 34.153000 2.062000 1.824000
30.330000 33.542000 0.371000 1.824000
30.423000 31.467000 0.803000 1.409000
34.628000 30.246000 4.315000 1.824000
35.296000 29.648000 5.470000 1.908000
36.750000 30.088000 5.486000 1.908000
37.349000 30.228000 6.550000 1.661200
35.202000 28.119000 5.421000 1.908000
33.787000 27.604000 5.633000 1.908000
33.668000 26.098000 5.484000 1.908000
34.666000 25.405000 5.290000 1.661200
32.446000 25.585000 5.572000 1.824000
33.488000 27.856000 6.556000 1.487000
34.857000 30.000000 6.296000 1.387000
33.183000 28.039000 4.962000 1.487000
34.354000 29.715000 3.473000 0.600000
31.669000 26.222000 5.747000 0.600000
32.288000 24.584000 5.468000 0.600000
35.783000 27.739000 6.138000 1.487000
35.517000 27.807000 4.528000 1.487000
37.317000 30.311000 4.305000 1.824000
38.700000 30.764000 4.212000 1.908000
38.765000 32.191000 4.744000 1.908000
39.673000 32.536000 5.510000 1.661200
39.211000 30.746000 2.756000 1.908000
39.398000 29.393000 2.333000 1.721000
40.532000 31.483000 2.635000 1.908000
39.266000 30.186000 4.792000 1.387000
40.572000 31.973000 1.760000 1.487000
40.625000 32.145000 3.384000 1.487000
36.711000 30.141000 3.486000 0.600000
38.506000 31.175000 2.157000 1.387000
41.293000 30.830000 2.679000 1.487000
38.513000 28.967000 2.116000 0.600000
37.796000 33.018000 4.351000 1.824000
37.771000 34.404000 4.814000 1.908000
37.572000 34.453000 6.327000 1.908000
38.161000 35.292000 7.008000 1.661200
36.658000 35.200000 4.115000 1.908000
36.737000 35.353000 2.585000 1.908000
35.576000 36.210000 2.095000 1.908000
38.063000 35.987000 2.181000 1.908000
38.817000 35.408000 2.489000 1.487000
38.099000 36.080000 1.186000 1.487000
38.143000 36.890000 2.602000 1.487000
37.096000 32.609000 3.718000 0.600000
35.625000 37.113000 2.522000 1.487000
35.630000 36.308000 1.101000 1.487000
34.711000 35.772000 2.340000 1.487000
38.653000 34.831000 4.596000 1.387000
36.684000 34.451000 2.169000 1.487000
36.653000 36.123000 4.503000 1.487000
35.787000 34.750000 4.320000 1.487000
36.746000 33.553000 6.852000 1.824000
36.494000 33.518000 8.290000 1.908000
37.798000 33.379000 9.072000 1.908000
38.010000 34.055000 10.075000 1.661200
35.577000 32.353000 8.643000 1.908000
35.244000 32.280000 10.117000 1.908000
34.235000 31.183000 10.396000 1.908000
33.746000 31.221000 11.836000 1.908000
32.608000 30.275000 12.014000 1.824000
36.045000 34.377000 8.563000 1.387000
34.492000 30.955000 12.440000 1.100000
33.443000 32.145000 12.052000 1.100000
36.079000 32.090000 10.634000 1.487000
34.861000 33.155000 10.412000 1.487000
32.889000 29.530000 12.618000 0.600000
31.834000 30.761000 12.418000 0.600000
32.344000 29.904000 11.124000 0.600000
34.662000 30.299000 10.231000 1.487000
33.451000 31.303000 9.793000 1.487000
36.313000 32.904000 6.177000 0.600000
36.032000 31.506000 8.379000 1.487000
34.728000 32.457000 8.132000 1.487000
38.670000 32.499000 8.590000 1.824000
39.954000 32.255000 9.233000 1.908000
40.983000 33.368000 9.025000 1.908000
41.572000 33.870000 9.985000 1.661200
40.544000 30.924000 8.740000 1.908000
41.980000 30.684000 9.200000 1.908000
42.105000 30.877000 10.710000 1.908000
43.557000 30.995000 11.135000 1.908000
43.678000 31.399000 12.565000 1.824000
39.802000 32.144000 10.236000 1.387000
44.009000 30.110000 11.005000 1.100000
44.011000 31.681000 10.562000 1.100000
42.243000 29.751000 8.972000 1.487000
42.582000 31.331000 8.742000 1.487000
43.740000 32.395000 12.623000 0.600000
42.874000 31.083000 13.067000 0.600000
44.501000 30.988000 12.956000 0.600000
41.701000 30.092000 11.166000 1.487000
41.628000 31.711000 10.965000 1.487000
38.359000 32.008000 7.727000 0.600000
40.530000 30.929000 7.745000 1.487000
39.976000 30.185000 9.088000 1.487000
41.198000 33.746000 7.771000 1.824000
42.176000 34.770000 7.436000 1.908000
41.840000 36.153000 7.980000 1.908000
42.736000 36.960000 8.220000 1.661200
42.340000 34.855000 5.920000 1.908000
42.884000 33.596000 5.278000 1.908000
44.313000 33.312000 5.685000 1.908000
45.129000 34.260000 5.701000 1.661200
44.627000 32.137000 5.975000 1.661200
42.334000 32.836000 5.571000 1.487000
43.094000 34.488000 7.784000 1.387000
42.871000 33.713000 4.303000 1.487000
40.617000 33.255000 7.062000 0.600000
42.971000 35.588000 5.728000 1.487000
41.450000 35.029000 5.532000 1.487000
40.556000 36.428000 8.172000 1.824000
40.141000 37.729000 8.672000 1.908000
39.751000 37.706000 10.150000 1.908000
39.473000 38.749000 10.746000 1.661200
38.980000 38.261000 7.827000 1.908000
39.276000 38.537000 6.349000 1.908000
38.047000 39.163000 5.697000 1.908000
40.469000 39.472000 6.214000 1.908000
41.273000 39.051000 6.634000 1.487000
40.652000 39.644000 5.246000 1.487000
40.270000 40.338000 6.673000 1.487000
39.902000 35.662000 7.943000 0.600000
37.825000 40.021000 6.160000 1.487000
38.238000 39.344000 4.732000 1.487000
37.274000 38.534000 5.772000 1.487000
40.912000 38.380000 8.560000 1.387000
39.490000 37.679000 5.896000 1.487000
38.674000 39.118000 8.233000 1.487000
38.244000 37.587000 7.861000 1.487000
39.738000 36.518000 10.743000 1.824000
39.385000 36.386000 12.148000 1.908000
37.963000 36.890000 12.374000 1.908000
37.705000 37.676000 13.290000 1.661200
40.371000 37.177000 13.010000 1.908000
39.993000 35.720000 10.135000 0.600000
39.425000 35.417000 12.406000 1.387000
41.228000 36.670000 13.081000 1.487000
40.541000 38.065000 12.587000 1.487000
39.983000 37.308000 13.920000 1.487000
37.041000 36.434000 11.534000 1.824000
35.654000 36.846000 11.656000 1.908000
34.986000 36.173000 12.848000 1.908000
35.474000 35.169000 13.366000 1.661200
34.892000 36.503000 10.373000 1.908000
35.467000 37.116000 9.095000 1.908000
34.610000 36.720000 7.900000 1.908000
35.528000 38.628000 9.248000 1.908000
36.113000 38.863000 10.024000 1.487000
35.903000 39.035000 8.415000 1.487000
34.608000 38.987000 9.406000 1.487000
37.389000 35.782000 10.811000 0.600000
33.676000 37.052000 8.034000 1.487000
34.991000 37.123000 7.068000 1.487000
34.599000 35.724000 7.812000 1.487000
35.623000 37.843000 11.798000 1.387000
36.396000 36.780000 8.963000 1.487000
33.964000 36.834000 10.471000 1.487000
34.907000 35.518000 10.263000 1.487000
33.853000 36.720000 13.302000 1.824000
33.140000 36.135000 14.442000 1.908000
32.688000 34.698000 14.155000 1.908000
32.483000 34.325000 12.998000 1.661200
31.963000 37.087000 14.636000 1.908000
31.717000 37.604000 13.237000 1.908000
33.120000 37.874000 12.755000 1.908000
31.276000 36.911000 12.687000 1.487000
33.709000 36.167000 15.275000 1.387000
33.475000 38.726000 13.127000 1.387000
33.168000 37.883000 11.763000 1.387000
31.182000 38.435000 13.267000 1.487000
32.201000 37.833000 15.248000 1.487000
31.163000 36.604000 14.975000 1.487000
32.540000 33.899000 15.210000 1.824000
32.118000 32.514000 15.061000 1.908000
30.726000 32.419000 14.442000 1.908000
30.380000 31.403000 13.837000 1.661200
32.137000 31.807000 16.419000 1.908000
33.457000 31.712000 17.167000 1.908000
33.430000 31.014000 18.489000 1.908000
32.421000 30.529000 18.982000 1.661200
34.550000 30.992000 19.039000 1.661200
34.104000 31.226000 16.577000 1.487000
32.776000 32.018000 14.478000 1.387000
33.788000 32.644000 17.320000 1.487000
32.748000 34.342000 16.124000 0.600000
31.809000 30.871000 16.273000 1.487000
31.491000 32.290000 17.015000 1.487000
29.934000 33.476000 14.592000 1.824000
28.580000 33.500000 14.053000 1.908000
28.543000 33.969000 12.595000 1.908000
27.478000 34.029000 11.988000 1.661200
27.683000 34.401000 14.922000 1.908000
28.087000 35.870000 14.970000 1.908000
28.056000 36.673000 13.821000 1.908000
28.506000 36.455000 16.166000 1.908000
28.434000 38.018000 13.866000 1.908000
28.888000 37.792000 16.224000 1.908000
28.850000 38.569000 15.076000 1.908000
29.225000 39.894000 15.150000 1.721000
28.207000 32.560000 14.085000 1.387000
28.405000 38.576000 13.041000 1.459000
29.189000 38.190000 17.090000 1.459000
30.356000 34.267000 15.116000 0.600000
28.531000 35.902000 16.998000 1.459000
27.759000 36.278000 12.953000 1.459000
27.700000 34.046000 15.858000 1.487000
26.750000 34.348000 14.564000 1.487000
28.841000 40.386000 14.371000 0.600000
29.712000 34.293000 12.047000 1.824000
29.840000 34.768000 10.664000 1.908000
28.833000 34.109000 9.718000 1.908000
28.879000 32.903000 9.499000 1.661200
31.272000 34.535000 10.154000 1.908000
31.501000 35.001000 8.731000 1.908000
31.219000 36.316000 8.357000 1.908000
31.960000 34.119000 7.747000 1.908000
31.376000 36.747000 7.035000 1.908000
32.125000 34.538000 6.420000 1.908000
31.826000 35.856000 6.076000 1.908000
31.962000 36.287000 4.776000 1.721000
29.668000 35.766000 10.658000 1.387000
31.165000 37.692000 6.791000 1.459000
32.452000 33.900000 5.731000 1.459000
30.533000 34.181000 12.684000 0.600000
32.175000 33.179000 7.991000 1.459000
30.897000 36.968000 9.045000 1.459000
31.460000 33.558000 10.196000 1.487000
31.897000 35.030000 10.750000 1.487000
31.072000 36.582000 4.434000 0.600000
27.941000 34.926000 9.152000 1.824000
26.898000 34.439000 8.255000 1.908000
27.303000 33.763000 6.955000 1.908000
26.480000 33.103000 6.314000 1.661200
28.055000 35.930000 9.405000 0.600000
26.284000 33.788000 8.789000 1.387000
26.261000 35.233000 8.031000 1.387000
28.557000 33.933000 6.550000 1.824000
29.057000 33.321000 5.323000 1.908000
28.224000 33.681000 4.093000 1.908000
27.804000 32.811000 3.333000 1.661200
29.123000 31.797000 5.495000 1.908000
30.193000 31.344000 6.494000 1.908000
30.251000 29.836000 6.672000 1.908000
30.135000 29.110000 5.668000 1.661200
30.431000 29.375000 7.818000 1.661200
31.068000 31.639000 6.156000 1.487000
30.019000 33.608000 5.169000 1.387000
29.981000 31.740000 7.369000 1.487000
29.140000 34.528000 7.171000 0.600000
29.347000 31.406000 4.626000 1.487000
28.255000 31.496000 5.836000 1.487000
27.995000 34.975000 3.905000 1.824000
27.231000 35.475000 2.770000 1.908000
27.655000 36.919000 2.509000 1.908000
28.350000 37.524000 3.331000 1.661200
25.729000 35.379000 3.055000 1.908000
25.305000 36.212000 4.239000 1.908000
27.500000 34.944000 1.971000 1.387000
28.406000 35.598000 4.635000 0.600000
25.507000 34.424000 3.237000 1.487000
25.238000 35.694000 2.247000 1.487000
25.131000 37.428000 4.123000 1.661200
25.146000 35.568000 5.394000 1.824000
24.861000 36.064000 6.213000 0.600000
25.314000 34.581000 5.441000 0.600000
27.242000 37.469000 1.371000 1.824000
27.628000 38.824000 1.002000 1.908000
27.299000 39.883000 2.034000 1.908000
28.118000 40.759000 2.293000 1.661200
27.017000 39.206000 -0.347000 1.908000
27.492000 38.359000 -1.532000 1.908000
26.923000 38.933000 -2.822000 1.908000
29.021000 38.341000 -1.586000 1.908000
29.377000 37.950000 -0.739000 1.487000
29.318000 37.786000 -2.362000 1.487000
29.359000 39.275000 -1.693000 1.487000
26.638000 36.864000 0.786000 0.600000
27.239000 39.875000 -2.937000 1.487000
27.231000 38.382000 -3.598000 1.487000
25.924000 38.920000 -2.782000 1.487000
28.639000 38.835000 0.842000 1.387000
27.170000 37.426000 -1.413000 1.487000
27.259000 40.146000 -0.538000 1.487000
26.034000 39.097000 -0.280000 1.487000
26.107000 39.808000 2.621000 1.824000
25.699000 40.780000 3.634000 1.908000
26.525000 40.635000 4.930000 1.908000
26.886000 41.632000 5.563000 1.661200
24.205000 40.638000 3.930000 1.908000
23.325000 41.082000 2.752000 1.908000
23.481000 42.228000 2.267000 1.661200
22.465000 40.284000 2.320000 1.661200
25.511000 39.023000 2.306000 0.600000
25.897000 41.698000 3.268000 1.387000
23.986000 41.204000 4.713000 1.487000
24.014000 39.684000 4.119000 1.487000
26.831000 39.399000 5.317000 1.824000
27.636000 39.166000 6.517000 1.908000
29.043000 39.718000 6.269000 1.908000
29.650000 40.315000 7.150000 1.661200
27.705000 37.667000 6.834000 1.908000
26.464000 38.644000 4.717000 0.600000
27.231000 39.660000 7.281000 1.387000
27.197000 37.161000 6.140000 1.487000
28.659000 37.375000 6.833000 1.487000
27.304000 37.503000 7.732000 1.487000
29.551000 39.519000 5.059000 1.824000
30.879000 40.005000 4.709000 1.908000
30.986000 41.533000 4.795000 1.908000
31.962000 42.061000 5.328000 1.661200
31.259000 39.537000 3.302000 1.908000
32.641000 39.992000 2.843000 1.908000
33.699000 39.480000 3.817000 1.908000
32.911000 39.476000 1.431000 1.908000
32.219000 39.837000 0.807000 1.487000
33.817000 39.777000 1.135000 1.487000
32.873000 38.477000 1.429000 1.487000
28.937000 39.002000 4.404000 0.600000
33.670000 38.481000 3.844000 1.487000
34.603000 39.780000 3.513000 1.487000
33.515000 39.845000 4.729000 1.487000
31.550000 39.608000 5.354000 1.387000
32.668000 40.987000 2.821000 1.487000
30.596000 39.905000 2.669000 1.487000
31.253000 38.548000 3.298000 1.487000
29.989000 42.245000 4.274000 1.824000
30.007000 43.704000 4.330000 1.908000
30.039000 44.180000 5.781000 1.908000
30.807000 45.079000 6.141000 1.661200
28.775000 44.273000 3.626000 1.908000
28.577000 45.736000 3.852000 1.908000
27.720000 46.310000 4.729000 1.908000
29.261000 46.810000 3.191000 1.908000
27.818000 47.679000 4.661000 1.824000
28.759000 48.012000 3.725000 1.908000
30.252000 46.870000 2.196000 1.908000
29.207000 49.263000 3.305000 1.908000
30.702000 48.124000 1.774000 1.908000
30.177000 49.300000 2.330000 1.908000
30.521000 50.181000 2.005000 1.459000
30.853000 44.018000 3.891000 1.387000
27.288000 48.327000 5.207000 0.600000
30.630000 46.043000 1.797000 1.459000
31.400000 48.174000 1.072000 1.459000
28.826000 50.101000 3.708000 1.459000
27.101000 45.817000 5.342000 1.409000
29.231000 41.694000 3.843000 0.600000
27.966000 43.807000 3.967000 1.487000
28.871000 44.133000 2.647000 1.487000
29.205000 43.557000 6.610000 1.824000
29.118000 43.898000 8.023000 1.908000
30.440000 43.634000 8.761000 1.908000
30.831000 44.403000 9.643000 1.661200
27.985000 43.104000 8.675000 1.908000
27.742000 43.506000 10.116000 1.908000
27.338000 44.667000 10.353000 1.661200
27.954000 42.660000 11.007000 1.661200
28.627000 42.813000 6.164000 0.600000
28.946000 44.891000 8.085000 1.387000
28.229000 42.142000 8.648000 1.487000
27.155000 43.268000 8.153000 1.487000
31.132000 42.562000 8.392000 1.824000
32.400000 42.233000 9.039000 1.908000
33.495000 43.211000 8.643000 1.908000
34.286000 43.642000 9.482000 1.661200
32.825000 40.813000 8.692000 1.908000
30.711000 42.002000 7.635000 0.600000
32.273000 42.278000 10.039000 1.387000
33.619000 40.841000 8.086000 1.487000
33.063000 40.321000 9.529000 1.487000
32.073000 40.342000 8.233000 1.487000
33.545000 43.561000 7.365000 1.824000
34.564000 44.487000 6.887000 1.908000
34.363000 45.899000 7.427000 1.908000
35.319000 46.644000 7.616000 1.661200
34.573000 44.515000 5.352000 1.908000
34.979000 43.203000 4.666000 1.908000
34.953000 43.370000 3.147000 1.908000
36.377000 42.791000 5.123000 1.908000
36.378000 42.660000 6.114000 1.487000
36.635000 41.937000 4.673000 1.487000
37.030000 43.507000 4.880000 1.487000
32.825000 43.135000 6.760000 0.600000
35.593000 44.090000 2.882000 1.487000
35.219000 42.509000 2.714000 1.487000
34.030000 43.619000 2.857000 1.487000
35.469000 44.156000 7.195000 1.387000
34.338000 42.487000 4.931000 1.487000
35.217000 45.212000 5.064000 1.487000
33.654000 44.737000 5.046000 1.487000
33.116000 46.256000 7.703000 1.824000
32.808000 47.594000 8.176000 1.908000
32.477000 47.746000 9.662000 1.908000
32.327000 48.869000 10.147000 1.661200
31.657000 48.180000 7.343000 1.908000
30.508000 47.330000 7.450000 1.721000
32.069000 48.275000 5.881000 1.908000
33.618000 48.201000 7.974000 1.387000
32.185000 47.354000 5.500000 1.487000
31.363000 48.760000 5.359000 1.487000
32.405000 45.518000 7.556000 0.600000
31.411000 49.096000 7.719000 1.387000
32.936000 48.774000 5.804000 1.487000
30.656000 46.477000 6.939000 0.600000
32.368000 46.632000 10.384000 1.824000
32.058000 46.700000 11.805000 1.908000
32.619000 45.558000 12.638000 1.908000
31.951000 45.068000 13.551000 1.661200
32.517000 45.754000 9.866000 0.600000
32.406000 47.587000 12.181000 1.387000
31.041000 46.730000 11.924000 1.387000
33.840000 45.130000 12.333000 1.824000
34.480000 44.043000 13.071000 1.908000
35.974000 43.901000 12.743000 1.908000
36.832000 44.050000 13.618000 1.661200
33.756000 42.725000 12.781000 1.908000
34.396000 41.529000 13.421000 1.908000
35.514000 40.864000 12.994000 1.908000
33.977000 40.877000 14.625000 1.908000
35.817000 39.836000 13.863000 1.824000
34.889000 39.823000 14.871000 1.908000
32.917000 41.079000 15.521000 1.908000
34.772000 38.972000 15.977000 1.908000
32.800000 40.232000 16.622000 1.908000
33.723000 39.191000 16.837000 1.908000
33.603000 38.604000 17.637000 1.459000
34.409000 44.256000 14.057000 1.387000
36.585000 39.207000 13.771000 0.600000
32.258000 41.811000 15.381000 1.459000
32.053000 40.369000 17.260000 1.459000
35.437000 38.236000 16.120000 1.459000
36.036000 41.087000 12.174000 1.409000
34.291000 45.625000 11.540000 0.600000
33.752000 42.569000 11.800000 1.487000
32.828000 42.785000 13.129000 1.487000
36.272000 43.606000 11.481000 1.824000
37.635000 43.434000 11.007000 1.908000
38.570000 44.575000 11.422000 1.908000
38.143000 45.724000 11.582000 1.661200
37.637000 43.277000 9.457000 1.908000
38.942000 43.781000 8.856000 1.908000
37.434000 41.811000 9.098000 1.908000
38.004000 42.576000 11.406000 1.387000
39.698000 43.573000 9.477000 1.487000
37.860000 41.626000 8.213000 1.487000
36.906000 43.852000 9.101000 1.487000
39.100000 43.332000 7.977000 1.487000
38.886000 44.770000 8.719000 1.487000
35.434000 43.508000 10.857000 0.600000
37.855000 41.238000 9.801000 1.487000
36.455000 41.617000 9.048000 1.487000
39.845000 44.235000 11.607000 1.824000
40.871000 45.204000 11.984000 1.908000
41.569000 45.769000 10.757000 1.908000
41.771000 45.070000 9.768000 1.661200
41.929000 44.558000 12.881000 1.908000
43.242000 45.342000 12.908000 1.908000
44.317000 44.700000 13.767000 1.908000
44.562000 43.480000 13.613000 1.661200
44.926000 45.424000 14.590000 1.661200
43.586000 45.392000 11.986000 1.487000
40.449000 45.955000 12.508000 1.387000
43.057000 46.236000 13.280000 1.487000
40.046000 43.221000 11.460000 0.600000
42.124000 43.669000 12.525000 1.487000
41.579000 44.539000 13.794000 1.487000
41.954000 47.036000 10.842000 1.824000
42.649000 47.711000 9.755000 1.908000
43.945000 48.309000 10.294000 1.908000
44.067000 48.540000 11.495000 1.661200
41.748000 48.801000 9.172000 1.908000
40.551000 48.232000 8.440000 1.908000
40.729000 47.420000 7.319000 1.908000
39.251000 48.478000 8.876000 1.908000
39.646000 46.863000 6.648000 1.908000
38.153000 47.924000 8.210000 1.908000
38.364000 47.116000 7.094000 1.908000
37.304000 46.550000 6.418000 1.721000
42.885000 47.034000 9.059000 1.387000
39.798000 46.281000 5.847000 1.459000
37.228000 48.106000 8.530000 1.459000
41.718000 47.501000 11.745000 0.600000
39.097000 49.054000 9.673000 1.459000
41.658000 47.234000 6.989000 1.459000
42.280000 49.336000 8.529000 1.487000
41.419000 49.366000 9.916000 1.487000
36.482000 46.624000 6.979000 0.600000
44.933000 48.565000 9.419000 1.824000
44.939000 48.340000 7.969000 1.908000
44.792000 46.870000 7.622000 1.908000
45.201000 45.997000 8.387000 1.661200
46.305000 48.871000 7.540000 1.908000
46.602000 49.915000 8.556000 1.908000
46.165000 49.252000 9.837000 1.908000
47.573000 50.124000 8.579000 1.487000
44.216000 48.890000 7.523000 1.387000
45.971000 49.923000 10.547000 1.387000
46.842000 48.598000 10.157000 1.387000
46.073000 50.738000 8.385000 1.487000
46.260000 49.262000 6.622000 1.487000
46.989000 48.143000 7.560000 1.487000
44.215000 46.597000 6.461000 1.824000
44.042000 45.223000 6.016000 1.908000
44.656000 45.024000 4.641000 1.908000
44.566000 45.893000 3.771000 1.661200
42.552000 44.857000 5.976000 1.908000
42.116000 43.585000 5.234000 1.908000
42.870000 42.365000 5.751000 1.908000
40.617000 43.397000 5.417000 1.908000
40.132000 44.188000 5.044000 1.487000
40.322000 42.570000 4.937000 1.487000
40.407000 43.308000 6.391000 1.487000
43.908000 47.421000 5.916000 0.600000
42.684000 42.247000 6.726000 1.487000
42.569000 41.552000 5.253000 1.487000
43.852000 42.496000 5.612000 1.487000
44.510000 44.613000 6.665000 1.387000
42.302000 43.701000 4.258000 1.487000
42.061000 45.628000 5.554000 1.487000
42.236000 44.765000 6.929000 1.487000
45.302000 43.881000 4.457000 1.824000
45.888000 43.551000 3.173000 1.908000
45.372000 42.182000 2.778000 1.908000
45.653000 41.182000 3.452000 1.661200
47.421000 43.491000 3.216000 1.908000
47.948000 42.963000 1.880000 1.908000
47.986000 44.865000 3.481000 1.908000
45.566000 44.210000 2.500000 1.387000
47.324000 43.233000 1.149000 1.487000
47.687000 45.184000 4.383000 1.487000
47.683000 42.831000 3.907000 1.487000
48.853000 43.347000 1.707000 1.487000
48.008000 41.967000 1.919000 1.487000
45.348000 43.265000 5.289000 0.600000
48.987000 44.827000 3.458000 1.487000
47.662000 45.503000 2.780000 1.487000
44.602000 42.151000 1.694000 1.824000
44.044000 40.913000 1.174000 1.908000
44.805000 40.505000 -0.083000 1.908000
44.782000 41.217000 -1.088000 1.661200
42.566000 41.091000 0.822000 1.908000
41.968000 39.870000 0.108000 1.908000
41.772000 38.728000 1.099000 1.908000
40.646000 40.245000 -0.528000 1.908000
40.787000 40.979000 -1.194000 1.487000
40.256000 39.449000 -0.994000 1.487000
40.008000 40.559000 0.177000 1.487000
44.436000 43.083000 1.256000 0.600000
41.150000 39.020000 1.826000 1.487000
41.383000 37.938000 0.625000 1.487000
42.654000 38.476000 1.496000 1.487000
44.158000 40.193000 1.860000 1.387000
42.592000 39.580000 -0.613000 1.487000
42.485000 41.857000 0.214000 1.487000
42.065000 41.218000 1.657000 1.487000
45.485000 39.366000 -0.023000 1.824000
46.231000 38.863000 -1.171000 1.908000
45.467000 37.691000 -1.782000 1.908000
45.411000 36.613000 -1.207000 1.661200
47.615000 38.395000 -0.744000 1.908000
48.559000 38.176000 -1.912000 1.908000
49.805000 37.429000 -1.502000 1.908000
50.295000 37.670000 -0.377000 1.661200
50.295000 36.607000 -2.305000 1.661200
48.094000 37.636000 -2.586000 1.487000
46.335000 39.585000 -1.852000 1.387000
48.835000 39.053000 -2.255000 1.487000
45.440000 38.877000 0.890000 0.600000
47.514000 37.537000 -0.278000 1.487000
48.006000 39.091000 -0.172000 1.487000
44.877000 37.907000 -2.949000 1.824000
44.100000 36.866000 -3.611000 1.908000
44.878000 36.245000 -4.785000 1.908000
44.946000 36.826000 -5.867000 1.661200
42.783000 37.467000 -4.120000 1.908000
41.676000 36.470000 -4.391000 1.908000
41.801000 35.212000 -4.923000 1.908000
40.272000 36.685000 -4.205000 1.908000
40.559000 34.636000 -5.080000 1.824000
39.605000 35.518000 -4.645000 1.908000
39.511000 37.755000 -3.712000 1.908000
38.212000 35.391000 -4.602000 1.908000
38.129000 37.627000 -3.672000 1.908000
37.494000 36.451000 -4.114000 1.908000
36.497000 36.400000 -4.065000 1.459000
43.933000 36.131000 -2.944000 1.387000
40.384000 33.726000 -5.450000 0.600000
39.948000 38.591000 -3.395000 1.459000
37.581000 38.381000 -3.325000 1.459000
37.772000 34.547000 -4.922000 1.459000
42.665000 34.776000 -5.162000 1.409000
45.012000 38.857000 -3.341000 0.600000
42.956000 37.947000 -4.978000 1.487000
42.434000 38.108000 -3.438000 1.487000
45.456000 35.065000 -4.564000 1.824000
46.214000 34.368000 -5.602000 1.908000
45.293000 33.473000 -6.438000 1.908000
44.253000 33.032000 -5.959000 1.661200
47.307000 33.505000 -4.971000 1.908000
48.237000 34.253000 -4.041000 1.908000
49.118000 33.285000 -3.270000 1.908000
49.929000 33.966000 -2.266000 1.824000
50.678000 33.349000 -1.357000 1.908000
50.728000 32.022000 -1.318000 1.824000
51.372000 34.061000 -0.478000 1.824000
47.705000 34.776000 -3.384000 1.487000
46.635000 35.048000 -6.210000 1.387000
49.921000 34.975000 -2.261000 0.600000
48.826000 34.855000 -4.569000 1.487000
51.921000 33.605000 0.218000 0.600000
51.346000 35.063000 -0.514000 0.600000
45.323000 34.689000 -3.604000 0.600000
49.717000 32.826000 -3.922000 1.387000
48.528000 32.619000 -2.821000 1.387000
51.285000 31.568000 -0.611000 0.600000
50.222000 31.478000 -1.980000 0.600000
47.853000 33.110000 -5.707000 1.487000
46.865000 32.776000 -4.451000 1.487000
45.686000 33.210000 -7.684000 1.824000
44.903000 32.365000 -8.583000 1.908000
43.443000 32.773000 -8.609000 1.908000
42.567000 31.913000 -8.566000 1.661200
44.981000 30.899000 -8.153000 1.908000
46.372000 30.310000 -8.148000 1.908000
47.085000 30.509000 -9.467000 1.908000
46.908000 30.750000 -7.428000 1.487000
45.275000 32.479000 -9.515000 1.387000
46.308000 29.329000 -7.965000 1.487000
46.587000 33.653000 -7.957000 0.600000
44.409000 30.353000 -8.778000 1.487000
44.601000 30.819000 -7.224000 1.487000
48.825000 30.815000 -8.485000 0.600000
46.473000 30.430000 -10.535000 1.661200
48.388000 30.758000 -9.403000 1.824000
48.938000 30.890000 -10.252000 0.600000
43.181000 34.076000 -8.684000 1.824000
41.808000 34.571000 -8.692000 1.908000
40.962000 33.902000 -9.766000 1.908000
39.843000 33.458000 -9.502000 1.661200
41.774000 36.088000 -8.903000 1.908000
40.390000 36.671000 -8.841000 1.908000
39.771000 36.896000 -7.616000 1.908000
39.679000 36.937000 -10.009000 1.908000
38.460000 37.373000 -7.546000 1.908000
38.366000 37.414000 -9.953000 1.908000
37.756000 37.631000 -8.715000 1.908000
36.820000 37.970000 -8.671000 1.459000
41.401000 34.321000 -7.801000 1.387000
38.037000 37.524000 -6.648000 1.459000
37.864000 37.598000 -10.809000 1.459000
44.013000 34.689000 -8.735000 0.600000
40.110000 36.787000 -10.897000 1.459000
40.266000 36.717000 -6.769000 1.459000
42.146000 36.276000 -9.798000 1.487000
42.314000 36.504000 -8.189000 1.487000
41.502000 33.832000 -10.978000 1.824000
40.787000 33.225000 -12.097000 1.908000
40.325000 31.808000 -11.769000 1.908000
39.159000 31.473000 -11.956000 1.661200
41.680000 33.213000 -13.346000 1.908000
41.012000 32.676000 -14.612000 1.908000
39.746000 33.441000 -14.995000 1.908000
39.750000 34.691000 -14.919000 1.661200
38.752000 32.786000 -15.384000 1.661200
41.647000 32.766000 -15.356000 1.487000
39.985000 33.792000 -12.334000 1.387000
40.754000 31.742000 -14.452000 1.487000
42.453000 34.237000 -11.058000 0.600000
42.457000 32.636000 -13.154000 1.487000
41.953000 34.144000 -13.527000 1.487000
41.237000 30.981000 -11.273000 1.824000
40.897000 29.607000 -10.931000 1.908000
39.776000 29.500000 -9.910000 1.908000
38.932000 28.604000 -9.998000 1.661200
42.119000 28.873000 -10.395000 1.908000
43.137000 28.493000 -11.447000 1.908000
44.137000 27.494000 -10.909000 1.908000
42.664000 28.084000 -12.222000 1.487000
40.586000 29.143000 -11.781000 1.387000
43.626000 29.311000 -11.734000 1.487000
42.181000 31.387000 -11.155000 0.600000
41.813000 28.030000 -9.936000 1.487000
42.574000 29.459000 -9.716000 1.487000
45.660000 28.681000 -11.505000 0.600000
43.754000 26.451000 -10.376000 1.661200
45.424000 27.804000 -11.041000 1.824000
46.151000 27.185000 -10.690000 0.600000
39.772000 30.405000 -8.936000 1.824000
38.746000 30.395000 -7.904000 1.908000
37.461000 30.994000 -8.450000 1.908000
36.385000 30.786000 -7.891000 1.661200
39.206000 31.188000 -6.676000 1.908000
39.290000 32.575000 -6.956000 1.721000
40.541000 31.096000 -8.977000 0.600000
38.562000 29.441000 -7.655000 1.387000
40.106000 30.857000 -6.401000 1.387000
38.551000 31.044000 -5.939000 1.387000
39.514000 32.707000 -7.921000 0.600000
37.573000 31.742000 -9.541000 1.824000
36.398000 32.358000 -10.144000 1.908000
35.592000 31.276000 -10.847000 1.908000
34.374000 31.382000 -10.984000 1.661200
36.809000 33.443000 -11.144000 1.908000
35.643000 34.277000 -11.658000 1.908000
36.118000 35.543000 -12.354000 1.908000
34.951000 36.490000 -12.618000 1.908000
35.398000 37.848000 -13.039000 1.824000
35.836000 32.763000 -9.425000 1.387000
34.372000 36.095000 -13.340000 1.100000
34.403000 36.569000 -11.778000 1.100000
35.113000 33.730000 -12.308000 1.487000
35.059000 34.531000 -10.886000 1.487000
35.645000 38.380000 -12.230000 0.600000
36.192000 37.763000 -13.640000 0.600000
34.655000 38.304000 -13.527000 0.600000
36.529000 35.300000 -13.223000 1.487000
36.773000 36.006000 -11.771000 1.487000
38.531000 31.845000 -9.911000 0.600000
37.245000 32.999000 -11.923000 1.487000
37.456000 34.053000 -10.694000 1.487000
36.287000 30.227000 -11.273000 1.824000
35.661000 29.110000 -11.966000 1.908000
34.857000 28.222000 -11.024000 1.908000
33.675000 27.972000 -11.250000 1.661200
36.725000 28.255000 -12.660000 1.908000
37.580000 28.992000 -13.679000 1.908000
38.621000 28.087000 -14.319000 1.908000
38.653000 27.925000 -15.539000 1.661200
39.481000 27.496000 -13.496000 1.824000
36.987000 29.350000 -14.397000 1.487000
35.021000 29.488000 -12.653000 1.387000
38.050000 29.743000 -13.221000 1.487000
37.309000 30.273000 -11.070000 0.600000
39.404000 27.691000 -12.499000 0.600000
40.197000 26.865000 -13.852000 0.600000
36.266000 27.493000 -13.132000 1.487000
37.337000 27.873000 -11.958000 1.487000
35.504000 27.749000 -9.965000 1.824000
34.856000 26.861000 -9.008000 1.908000
33.837000 27.517000 -8.069000 1.908000
33.321000 26.870000 -7.153000 1.661200
35.923000 26.124000 -8.196000 1.908000
36.849000 25.234000 -9.032000 1.908000
37.828000 24.513000 -8.122000 1.908000
36.023000 24.228000 -9.818000 1.908000
35.394000 24.713000 -10.426000 1.487000
36.630000 23.648000 -10.363000 1.487000
35.499000 23.657000 -9.186000 1.487000
36.491000 28.061000 -9.880000 0.600000
37.325000 23.945000 -7.470000 1.487000
38.432000 23.932000 -8.670000 1.487000
38.378000 25.183000 -7.622000 1.487000
34.370000 26.124000 -9.531000 1.387000
37.350000 25.805000 -9.676000 1.487000
35.464000 25.544000 -7.542000 1.487000
36.488000 26.800000 -7.748000 1.487000
33.549000 28.794000 -8.298000 1.824000
32.578000 29.515000 -7.484000 1.908000
31.557000 30.182000 -8.401000 1.908000
30.673000 30.906000 -7.943000 1.661200
33.250000 30.599000 -6.627000 1.908000
33.886000 31.553000 -7.482000 1.721000
34.287000 29.986000 -5.707000 1.908000
32.098000 28.860000 -6.902000 1.387000
34.981000 30.671000 -5.468000 1.487000
33.848000 29.659000 -4.865000 1.487000
34.065000 29.223000 -9.090000 0.600000
32.533000 31.083000 -6.086000 1.387000
34.736000 29.212000 -6.163000 1.487000
34.848000 31.302000 -7.633000 0.600000
31.697000 29.927000 -9.701000 1.824000
30.811000 30.469000 -10.734000 1.908000
30.534000 31.967000 -10.600000 1.908000
29.391000 32.385000 -10.427000 1.661200
29.493000 29.677000 -10.757000 1.908000
28.718000 29.685000 -9.450000 1.908000
27.791000 28.493000 -9.306000 1.908000
28.292000 27.349000 -9.286000 1.661200
26.562000 28.700000 -9.209000 1.661200
29.363000 29.651000 -8.709000 1.487000
31.215000 30.285000 -11.652000 1.387000
28.164000 30.497000 -9.423000 1.487000
32.507000 29.296000 -9.927000 0.600000
29.715000 28.739000 -10.970000 1.487000
28.918000 30.081000 -11.450000 1.487000
31.592000 32.768000 -10.697000 1.824000
31.492000 34.222000 -10.588000 1.908000
31.116000 34.687000 -9.184000 1.908000
30.835000 35.869000 -8.964000 1.661200
30.485000 34.777000 -11.605000 1.908000
31.011000 34.736000 -13.032000 1.908000
32.411000 34.599000 -10.787000 1.387000
32.496000 32.271000 -10.857000 0.600000
30.288000 35.723000 -11.366000 1.487000
29.656000 34.229000 -11.557000 1.487000
31.201000 33.664000 -13.607000 1.661200
31.256000 35.909000 -13.607000 1.824000
31.597000 35.947000 -14.544000 0.600000
31.098000 36.757000 -13.098000 0.600000
31.102000 33.757000 -8.236000 1.824000
30.787000 34.122000 -6.870000 1.908000
31.987000 34.858000 -6.306000 1.908000
31.855000 35.756000 -5.482000 1.661200
31.324000 32.803000 -8.548000 0.600000
29.992000 34.719000 -6.853000 1.387000
30.615000 33.304000 -6.331000 1.387000
33.170000 34.474000 -6.767000 1.824000
34.403000 35.097000 -6.316000 1.908000
34.357000 36.580000 -6.653000 1.908000
34.815000 37.415000 -5.877000 1.661200
35.599000 34.437000 -6.990000 1.908000
33.137000 33.704000 -7.465000 0.600000
34.476000 34.996000 -5.324000 1.387000
36.027000 33.794000 -6.355000 1.487000
35.294000 33.946000 -7.805000 1.487000
36.262000 35.137000 -7.252000 1.487000
33.788000 36.898000 -7.809000 1.824000
33.678000 38.283000 -8.255000 1.908000
32.798000 39.101000 -7.320000 1.908000
33.105000 40.256000 -7.018000 1.661200
33.107000 38.341000 -9.676000 1.908000
33.075000 39.742000 -10.258000 1.908000
34.467000 40.332000 -10.460000 1.908000
34.578000 41.572000 -10.519000 1.661200
35.444000 39.565000 -10.573000 1.661200
32.643000 39.704000 -11.140000 1.487000
34.597000 38.698000 -8.300000 1.387000
32.596000 40.330000 -9.633000 1.487000
33.434000 36.091000 -8.359000 0.600000
32.184000 38.009000 -9.640000 1.487000
33.682000 37.790000 -10.250000 1.487000
31.701000 38.505000 -6.865000 1.824000
30.787000 39.196000 -5.960000 1.908000
31.465000 39.419000 -4.603000 1.908000
31.233000 40.432000 -3.942000 1.661200
29.496000 38.391000 -5.779000 1.908000
29.702000 37.284000 -4.924000 1.721000
31.555000 37.537000 -7.198000 0.600000
30.580000 40.095000 -6.349000 1.387000
29.197000 38.063000 -6.671000 1.387000
28.802000 38.985000 -5.383000 1.387000
30.507000 36.774000 -5.225000 0.600000
32.296000 38.467000 -4.190000 1.824000
33.016000 38.606000 -2.928000 1.908000
33.996000 39.769000 -3.056000 1.908000
34.060000 40.631000 -2.181000 1.661200
33.799000 37.319000 -2.575000 1.908000
34.760000 37.578000 -1.418000 1.908000
32.820000 36.217000 -2.192000 1.908000
32.358000 38.834000 -2.215000 1.387000
34.469000 38.395000 -0.922000 1.487000
31.966000 36.345000 -2.696000 1.487000
34.352000 37.078000 -3.365000 1.487000
34.755000 36.792000 -0.800000 1.487000
35.682000 37.715000 -1.777000 1.487000
32.383000 37.653000 -4.816000 0.600000
33.217000 35.329000 -2.422000 1.487000
32.641000 36.262000 -1.210000 1.487000
34.752000 39.781000 -4.153000 1.824000
35.733000 40.834000 -4.416000 1.908000
35.080000 42.210000 -4.465000 1.908000
35.663000 43.204000 -4.025000 1.661200
36.450000 40.566000 -5.746000 1.908000
37.401000 41.642000 -6.285000 1.908000
38.545000 41.883000 -5.314000 1.908000
37.941000 41.190000 -7.637000 1.908000
37.181000 41.061000 -8.274000 1.487000
38.563000 41.885000 -7.997000 1.487000
38.434000 40.327000 -7.528000 1.487000
34.586000 38.983000 -4.802000 0.600000
39.059000 41.034000 -5.184000 1.487000
39.154000 42.587000 -5.681000 1.487000
38.180000 42.188000 -4.434000 1.487000
36.413000 40.830000 -3.671000 1.387000
36.888000 42.490000 -6.414000 1.487000
35.747000 40.415000 -6.445000 1.487000
36.987000 39.724000 -5.637000 1.487000
33.870000 42.252000 -5.015000 1.824000
33.098000 43.483000 -5.146000 1.908000
32.821000 44.094000 -3.779000 1.908000
32.874000 45.308000 -3.621000 1.661200
31.782000 43.186000 -5.866000 1.908000
30.919000 44.397000 -6.147000 1.908000
31.641000 45.452000 -6.970000 1.908000
30.106000 44.106000 -6.651000 1.487000
33.649000 44.141000 -5.671000 1.387000
30.643000 44.808000 -5.278000 1.487000
33.518000 41.323000 -5.347000 0.600000
31.248000 42.543000 -5.303000 1.487000
31.992000 42.739000 -6.744000 1.487000
30.516000 46.896000 -6.108000 0.600000
32.516000 45.136000 -7.785000 1.661200
31.264000 46.715000 -6.775000 1.824000
31.712000 47.477000 -7.281000 0.600000
32.531000 43.247000 -2.791000 1.824000
32.259000 43.718000 -1.432000 1.908000
33.507000 44.366000 -0.814000 1.908000
33.414000 45.402000 -0.153000 1.661200
31.769000 42.562000 -0.524000 1.908000
31.514000 43.081000 0.894000 1.908000
30.489000 41.955000 -1.103000 1.908000
31.542000 44.421000 -1.480000 1.387000
30.997000 43.934000 0.845000 1.487000
29.912000 41.636000 -0.353000 1.487000
32.502000 41.898000 -0.461000 1.487000
30.992000 42.401000 1.405000 1.487000
32.388000 43.243000 1.347000 1.487000
32.515000 42.247000 -3.064000 0.600000
30.007000 42.653000 -1.630000 1.487000
30.731000 41.189000 -1.695000 1.487000
34.666000 43.754000 -1.032000 1.824000
35.925000 44.297000 -0.520000 1.908000
36.178000 45.659000 -1.157000 1.908000
36.595000 46.605000 -0.490000 1.661200
37.090000 43.363000 -0.859000 1.908000
37.325000 42.277000 0.157000 1.908000
38.044000 42.538000 1.320000 1.908000
36.835000 40.989000 -0.052000 1.908000
38.272000 41.531000 2.257000 1.908000
37.060000 39.980000 0.881000 1.908000
37.780000 40.254000 2.035000 1.908000
37.945000 39.533000 2.708000 1.459000
35.798000 44.453000 0.459000 1.387000
38.796000 41.741000 3.090000 1.459000
36.697000 39.051000 0.710000 1.459000
34.604000 42.879000 -1.583000 0.600000
36.315000 40.788000 -0.881000 1.459000
38.400000 43.450000 1.490000 1.459000
37.912000 43.912000 -0.914000 1.487000
36.889000 42.931000 -1.726000 1.487000
35.926000 45.750000 -2.459000 1.824000
36.136000 47.003000 -3.167000 1.908000
35.178000 48.097000 -2.701000 1.908000
35.576000 49.252000 -2.582000 1.661200
36.016000 46.796000 -4.680000 1.908000
37.173000 46.017000 -5.278000 1.908000
37.718000 46.725000 -6.513000 1.908000
37.035000 46.322000 -7.733000 1.824000
36.928000 47.074000 -8.821000 1.908000
37.456000 48.292000 -8.855000 1.824000
36.289000 46.600000 -9.878000 1.824000
36.862000 45.115000 -5.553000 1.487000
37.084000 47.317000 -3.002000 1.387000
36.611000 45.404000 -7.754000 0.600000
37.908000 45.946000 -4.614000 1.487000
36.185000 47.165000 -10.700000 0.600000
35.907000 45.674000 -9.863000 0.600000
35.582000 44.885000 -2.903000 0.600000
38.690000 46.505000 -6.587000 1.387000
37.605000 47.708000 -6.378000 1.387000
37.350000 48.857000 -9.682000 0.600000
37.956000 48.647000 -8.069000 0.600000
35.986000 47.689000 -5.114000 1.487000
35.178000 46.294000 -4.859000 1.487000
33.926000 47.744000 -2.429000 1.824000
32.964000 48.746000 -1.972000 1.908000
33.287000 49.170000 -0.543000 1.908000
33.115000 50.338000 -0.166000 1.661200
31.536000 48.202000 -2.068000 1.908000
31.107000 47.905000 -3.508000 1.908000
29.649000 47.480000 -3.632000 1.908000
29.271000 47.002000 -4.720000 1.661200
28.883000 47.629000 -2.655000 1.661200
31.223000 48.727000 -4.036000 1.487000
32.998000 49.547000 -2.575000 1.387000
31.661000 47.166000 -3.847000 1.487000
33.703000 46.750000 -2.562000 0.600000
30.929000 48.883000 -1.715000 1.487000
31.500000 47.360000 -1.572000 1.487000
33.765000 48.218000 0.251000 1.824000
34.144000 48.509000 1.625000 1.908000
35.313000 49.484000 1.543000 1.908000
35.451000 50.394000 2.362000 1.661200
34.570000 47.229000 2.336000 1.908000
33.841000 47.282000 -0.182000 0.600000
33.390000 48.954000 2.084000 1.387000
34.031000 47.116000 3.170000 1.487000
34.418000 46.447000 1.733000 1.487000
35.540000 47.286000 2.571000 1.487000
36.139000 49.298000 0.521000 1.824000
37.305000 50.149000 0.313000 1.908000
36.871000 51.563000 -0.091000 1.908000
37.305000 52.548000 0.506000 1.661200
38.200000 49.533000 -0.764000 1.908000
39.642000 50.012000 -0.762000 1.908000
39.767000 51.418000 -1.304000 1.908000
41.220000 51.746000 -1.619000 1.908000
41.825000 50.715000 -2.510000 1.824000
37.826000 50.208000 1.170000 1.387000
41.261000 52.637000 -2.072000 1.100000
41.737000 51.785000 -0.763000 1.100000
39.990000 49.992000 0.178000 1.487000
40.191000 49.393000 -1.327000 1.487000
41.430000 50.796000 -3.424000 0.600000
42.813000 50.858000 -2.557000 0.600000
41.634000 49.806000 -2.141000 0.600000
39.440000 52.061000 -0.623000 1.487000
39.239000 51.493000 -2.141000 1.487000
35.888000 48.509000 -0.106000 0.600000
37.799000 49.745000 -1.660000 1.487000
38.200000 48.538000 -0.637000 1.487000
36.008000 51.654000 -1.097000 1.824000
35.528000 52.946000 -1.563000 1.908000
34.770000 53.647000 -0.448000 1.908000
34.600000 54.861000 -0.475000 1.661200
34.629000 52.768000 -2.775000 1.908000
35.716000 50.749000 -1.508000 0.600000
36.316000 53.512000 -1.822000 1.387000
35.133000 52.298000 -3.500000 1.487000
33.828000 52.225000 -2.522000 1.487000
34.331000 53.663000 -3.106000 1.487000
34.322000 52.877000 0.538000 1.824000
33.577000 53.437000 1.657000 1.908000
34.484000 54.029000 2.729000 1.908000
34.007000 54.677000 3.657000 1.661200
32.681000 52.377000 2.267000 1.908000
34.544000 51.869000 0.442000 0.600000
32.971000 54.172000 1.308000 1.387000
32.461000 51.685000 1.579000 1.487000
33.150000 51.940000 3.035000 1.487000
31.834000 52.799000 2.594000 1.487000
35.789000 53.799000 2.611000 1.824000
36.713000 54.344000 3.589000 1.908000
37.620000 53.333000 4.262000 1.908000
38.603000 53.710000 4.892000 1.661200
36.067000 53.228000 1.803000 0.600000
37.292000 55.062000 3.137000 1.387000
36.179000 54.845000 4.310000 1.387000
37.304000 52.049000 4.137000 1.824000
38.118000 51.010000 4.761000 1.908000
39.538000 50.972000 4.210000 1.908000
39.745000 50.985000 2.996000 1.661200
37.463000 49.660000 4.577000 1.908000
36.457000 51.856000 3.577000 0.600000
38.164000 51.190000 5.757000 1.387000
36.563000 49.774000 4.153000 1.487000
38.032000 49.084000 3.988000 1.487000
37.352000 49.212000 5.466000 1.487000
40.518000 50.929000 5.108000 1.824000
41.915000 50.871000 4.698000 1.908000
42.221000 49.431000 4.299000 1.908000
42.751000 48.643000 5.091000 1.661200
42.829000 51.319000 5.840000 1.908000
44.283000 51.410000 5.423000 1.908000
45.082000 52.011000 6.175000 1.661200
44.636000 50.879000 4.349000 1.661200
40.208000 50.940000 6.096000 0.600000
42.009000 51.427000 3.878000 1.387000
42.747000 50.658000 6.576000 1.487000
42.526000 52.216000 6.142000 1.487000
41.866000 49.104000 3.058000 1.824000
42.063000 47.772000 2.505000 1.908000
42.910000 47.807000 1.237000 1.908000
42.607000 48.534000 0.293000 1.661200
40.698000 47.116000 2.158000 1.908000
39.801000 47.097000 3.394000 1.908000
40.904000 45.692000 1.641000 1.908000
38.423000 46.534000 3.152000 1.908000
42.593000 47.256000 3.189000 1.387000
40.016000 45.306000 1.404000 1.487000
41.491000 45.725000 0.836000 1.487000
40.264000 47.676000 1.465000 1.487000
40.254000 46.556000 4.105000 1.487000
39.710000 48.038000 3.728000 1.487000
38.500000 45.590000 2.832000 1.487000
41.433000 49.889000 2.516000 0.600000
37.900000 46.555000 4.003000 1.487000
41.335000 45.150000 2.359000 1.487000
37.955000 47.083000 2.460000 1.487000
43.982000 47.029000 1.223000 1.824000
44.834000 46.937000 0.051000 1.908000
44.556000 45.555000 -0.527000 1.908000
44.726000 44.551000 0.166000 1.661200
46.338000 47.040000 0.412000 1.908000
46.598000 48.297000 1.051000 1.721000
47.187000 46.932000 -0.838000 1.908000
44.551000 47.613000 -0.607000 1.387000
47.559000 47.833000 -1.079000 1.487000
47.948000 46.296000 -0.682000 1.487000
44.154000 46.504000 2.102000 0.600000
46.566000 46.294000 1.069000 1.387000
46.631000 46.594000 -1.603000 1.487000
46.290000 48.273000 2.008000 0.600000
44.115000 45.509000 -1.784000 1.824000
43.797000 44.252000 -2.457000 1.908000
44.843000 43.889000 -3.502000 1.908000
45.105000 44.650000 -4.429000 1.661200
42.396000 44.322000 -3.132000 1.908000
41.323000 44.543000 -2.068000 1.908000
42.089000 43.026000 -3.883000 1.908000
39.962000 44.858000 -2.632000 1.908000
43.836000 43.536000 -1.749000 1.387000
41.193000 43.109000 -4.312000 1.487000
42.791000 42.884000 -4.577000 1.487000
42.398000 45.101000 -3.742000 1.487000
41.262000 43.718000 -1.506000 1.487000
41.614000 45.302000 -1.484000 1.487000
39.655000 44.101000 -3.209000 1.487000
44.018000 46.441000 -2.241000 0.600000
39.312000 44.990000 -1.884000 1.487000
42.091000 42.271000 -3.232000 1.487000
40.012000 45.693000 -3.180000 1.487000
45.441000 42.713000 -3.339000 1.824000
46.454000 42.224000 -4.263000 1.908000
45.871000 41.085000 -5.090000 1.908000
45.615000 40.004000 -4.568000 1.661200
47.696000 41.671000 -3.522000 1.908000
48.166000 42.653000 -2.442000 1.908000
48.801000 41.387000 -4.523000 1.908000
48.552000 44.018000 -2.964000 1.908000
46.642000 42.971000 -4.899000 1.387000
49.581000 40.989000 -4.043000 1.487000
48.462000 40.746000 -5.210000 1.487000
47.431000 40.824000 -3.075000 1.487000
47.431000 42.756000 -1.771000 1.487000
48.958000 42.249000 -1.979000 1.487000
47.765000 44.436000 -3.415000 1.487000
45.124000 42.179000 -2.502000 0.600000
48.845000 44.594000 -2.202000 1.487000
49.072000 42.243000 -4.961000 1.487000
49.301000 43.924000 -3.618000 1.487000
45.665000 41.334000 -6.378000 1.824000
45.121000 40.322000 -7.276000 1.908000
46.246000 39.727000 -8.108000 1.908000
46.750000 40.361000 -9.035000 1.661200
44.071000 40.936000 -8.205000 1.908000
42.813000 41.515000 -7.554000 1.908000
42.011000 42.275000 -8.592000 1.908000
41.979000 40.403000 -6.938000 1.908000
42.516000 39.927000 -6.241000 1.487000
41.160000 40.792000 -6.516000 1.487000
41.708000 39.753000 -7.649000 1.487000
45.920000 42.293000 -6.684000 0.600000
41.746000 41.656000 -9.334000 1.487000
41.187000 42.656000 -8.170000 1.487000
42.564000 43.021000 -8.966000 1.487000
44.711000 39.593000 -6.727000 1.387000
43.083000 42.133000 -6.822000 1.487000
43.775000 40.225000 -8.843000 1.487000
44.510000 41.678000 -8.713000 1.487000
46.647000 38.511000 -7.763000 1.824000
47.711000 37.828000 -8.482000 1.908000
47.284000 36.397000 -8.793000 1.908000
48.083000 35.468000 -8.535000 1.661200
48.990000 37.828000 -7.642000 1.908000
48.746000 37.325000 -6.338000 1.721000
46.149000 36.228000 -9.296000 1.661200
46.145000 38.099000 -6.952000 0.600000
47.857000 38.301000 -9.353000 1.387000
49.326000 38.763000 -7.570000 1.387000
49.668000 37.253000 -8.089000 1.387000
47.764000 37.195000 -6.210000 0.600000
