0 2.642026572906e+01
1 5.159133001373e-01
2 1.192938716901e+00
3 1.541353396299e+01
4 0.000000000000e+00
5 8.687355843748e-01
6 3.549501195566e+00
7 9.844352570187e+00
8 0.000000000000e+00
9 0.000000000000e+00
10 9.623443888000e+00
11 0.000000000000e+00
12 1.468251995783e+01
13 2.718188313911e+00
14 0.000000000000e+00
15 1.113750182459e+01
16 1.483933121844e+00
17 0.000000000000e+00
18 0.000000000000e+00
19 0.000000000000e+00
20 0.000000000000e+00
21 0.000000000000e+00
22 0.000000000000e+00
23 7.916297984920e-01
24 0.000000000000e+00
25 1.579958945026e+00
26 5.828678246636e+00
27 0.000000000000e+00
28 0.000000000000e+00
29 0.000000000000e+00
30 1.060432703115e+01
31 9.406650734559e+00
32 6.680161525176e+00
33 0.000000000000e+00
34 1.287231860076e+01
35 8.085170760941e+00
36 3.654466037009e+00
37 2.873455318075e+00
38 0.000000000000e+00
39 0.000000000000e+00
40 0.000000000000e+00
41 0.000000000000e+00
42 0.000000000000e+00
43 0.000000000000e+00
44 0.000000000000e+00
45 0.000000000000e+00
46 0.000000000000e+00
47 1.419340993299e+01
48 1.268088050238e+01
49 0.000000000000e+00
50 0.000000000000e+00
51 0.000000000000e+00
52 0.000000000000e+00
53 0.000000000000e+00
54 0.000000000000e+00
55 7.671219819501e-01
56 1.221637131804e+01
57 4.333699297335e+00
58 0.000000000000e+00
59 5.026117172850e+00
60 1.206838881089e+01
61 0.000000000000e+00
62 9.704509236212e+00
63 1.234947687576e+01
64 0.000000000000e+00
65 3.384294581613e+00
66 0.000000000000e+00
67 0.000000000000e+00
68 0.000000000000e+00
69 5.039381494492e-01
70 0.000000000000e+00
71 0.000000000000e+00
72 1.118475723266e+00
73 0.000000000000e+00
74 0.000000000000e+00
75 0.000000000000e+00
76 0.000000000000e+00
77 0.000000000000e+00
78 0.000000000000e+00
79 8.706203685296e+00
80 0.000000000000e+00
81 1.296966807950e+01
82 0.000000000000e+00
83 5.563745974899e+00
84 1.016258337149e+01
85 2.850853254661e+00
86 0.000000000000e+00
87 2.333834895970e+00
88 0.000000000000e+00
89 2.108526923732e+00
90 5.937146045537e+00
91 1.086498875444e+01
92 1.967088415819e+01
93 0.000000000000e+00
94 0.000000000000e+00
95 6.919215892131e+00
96 1.004819284301e+01
97 3.043614908661e+00
98 4.383473070817e+00
99 0.000000000000e+00
100 4.998317690752e+00
101 0.000000000000e+00
102 8.721279538308e+00
103 2.861815220739e+00
104 0.000000000000e+00
105 0.000000000000e+00
106 0.000000000000e+00
107 0.000000000000e+00
108 0.000000000000e+00
109 0.000000000000e+00
110 0.000000000000e+00
111 0.000000000000e+00
112 0.000000000000e+00
113 0.000000000000e+00
114 0.000000000000e+00
115 0.000000000000e+00
116 0.000000000000e+00
117 0.000000000000e+00
118 0.000000000000e+00
119 0.000000000000e+00
120 0.000000000000e+00
121 0.000000000000e+00
122 0.000000000000e+00
123 0.000000000000e+00
124 0.000000000000e+00
125 0.000000000000e+00
126 0.000000000000e+00
127 0.000000000000e+00
128 0.000000000000e+00
129 0.000000000000e+00
130 0.000000000000e+00
131 0.000000000000e+00
132 2.352426180973e+00
133 0.000000000000e+00
134 9.370893413639e-01
135 4.374418187352e+00
136 1.002872898691e+01
137 1.481759661710e+01
138 0.000000000000e+00
139 3.488213516396e+00
140 1.208723054112e+01
141 5.908378891416e+00
142 1.628195268099e+00
143 3.224132482708e-01
144 0.000000000000e+00
145 0.000000000000e+00
146 0.000000000000e+00
147 0.000000000000e+00
148 0.000000000000e+00
149 0.000000000000e+00
150 0.000000000000e+00
151 3.033319994157e+00
152 0.000000000000e+00
153 2.095937690934e+01
154 3.984948037475e+00
155 0.000000000000e+00
156 1.154934284699e+01
157 0.000000000000e+00
158 7.934951260024e+00
159 0.000000000000e+00
160 0.000000000000e+00
161 3.895152813591e+00
162 0.000000000000e+00
163 0.000000000000e+00
164 0.000000000000e+00
165 0.000000000000e+00
166 0.000000000000e+00
167 0.000000000000e+00
168 0.000000000000e+00
169 0.000000000000e+00
170 0.000000000000e+00
171 0.000000000000e+00
172 0.000000000000e+00
173 0.000000000000e+00
174 0.000000000000e+00
175 0.000000000000e+00
176 0.000000000000e+00
177 0.000000000000e+00
178 0.000000000000e+00
179 0.000000000000e+00
180 0.000000000000e+00
181 0.000000000000e+00
182 0.000000000000e+00
183 0.000000000000e+00
184 2.159319821134e+00
185 1.082714626575e+01
186 0.000000000000e+00
187 0.000000000000e+00
188 1.860616122182e+00
189 4.574690659917e+00
190 3.238188981055e+00
191 0.000000000000e+00
192 0.000000000000e+00
193 1.111773896986e+01
194 4.092342990061e+00
195 0.000000000000e+00
196 1.057628943072e+01
197 1.802420267307e+01
198 0.000000000000e+00
199 0.000000000000e+00
200 0.000000000000e+00
201 0.000000000000e+00
202 1.533249663727e+01
203 0.000000000000e+00
204 1.992802174188e+01
205 4.580703968046e+00
206 7.903539300684e+00
207 1.236775080408e+01
208 2.526869384749e+00
209 0.000000000000e+00
210 0.000000000000e+00
211 5.849100002718e+00
212 0.000000000000e+00
213 0.000000000000e+00
214 0.000000000000e+00
215 2.697458812488e+00
216 8.845051946817e+00
217 0.000000000000e+00
218 0.000000000000e+00
219 6.171078336053e+00
220 1.473356162258e+00
221 5.609695134363e+00
222 3.181055539813e+00
223 3.859093811605e+00
224 2.275688197497e+01
225 5.137377266460e+00
226 1.216916051436e+01
227 9.665357719507e+00
228 0.000000000000e+00
229 0.000000000000e+00
230 1.021438647206e+01
231 0.000000000000e+00
232 0.000000000000e+00
233 0.000000000000e+00
234 0.000000000000e+00
235 0.000000000000e+00
236 0.000000000000e+00
237 1.155398379216e+01
238 5.533817619530e-01
239 3.351724746901e+00
240 0.000000000000e+00
241 7.595763756361e+00
242 6.304624580257e+00
243 1.405090404221e+01
244 0.000000000000e+00
245 1.011394860587e+01
246 0.000000000000e+00
247 7.846350326698e+00
248 0.000000000000e+00
249 5.395652166182e+00
250 9.385240326344e+00
251 0.000000000000e+00
252 0.000000000000e+00
253 0.000000000000e+00
254 0.000000000000e+00
255 9.512148856684e-01
256 0.000000000000e+00
257 2.186758231811e+00
258 1.352670814690e+01
259 1.770231985603e+01
260 7.916322146469e+00
261 0.000000000000e+00
262 3.286839093811e+00
263 0.000000000000e+00
264 0.000000000000e+00
265 0.000000000000e+00
266 0.000000000000e+00
267 0.000000000000e+00
268 9.390032884699e+00
269 1.001508938442e+01
270 0.000000000000e+00
271 7.527521021030e+00
272 8.785498860278e+00
273 3.844265914305e+00
274 0.000000000000e+00
275 0.000000000000e+00
276 8.844615246967e+00
277 0.000000000000e+00
278 0.000000000000e+00
279 0.000000000000e+00
280 0.000000000000e+00
281 0.000000000000e+00
282 0.000000000000e+00
283 0.000000000000e+00
284 0.000000000000e+00
285 0.000000000000e+00
286 0.000000000000e+00
287 9.261901774472e+00
288 0.000000000000e+00
289 3.860745010294e+00
290 0.000000000000e+00
291 9.159912680487e+00
292 0.000000000000e+00
293 0.000000000000e+00
294 0.000000000000e+00
295 4.917320459480e+00
296 0.000000000000e+00
297 0.000000000000e+00
298 0.000000000000e+00
299 0.000000000000e+00
300 0.000000000000e+00
301 0.000000000000e+00
302 0.000000000000e+00
303 0.000000000000e+00
304 5.960812611043e+00
305 0.000000000000e+00
306 6.928067407339e+00
307 0.000000000000e+00
308 1.872913676129e+00
309 7.146014207014e+00
310 1.162140000270e+00
311 6.581105950217e+00
312 1.889218191269e+01
313 2.202150844797e+01
314 0.000000000000e+00
315 7.212033819009e+00
316 1.123616823304e+01
317 1.095435418866e+01
318 2.508338038562e+00
319 0.000000000000e+00
320 0.000000000000e+00
321 0.000000000000e+00
322 0.000000000000e+00
323 0.000000000000e+00
324 3.376583700092e+00
325 0.000000000000e+00
326 9.230373219794e+00
327 0.000000000000e+00
328 6.910490207074e+00
329 0.000000000000e+00
330 0.000000000000e+00
331 0.000000000000e+00
332 0.000000000000e+00
333 0.000000000000e+00
334 0.000000000000e+00
335 1.680537631586e+01
336 0.000000000000e+00
337 0.000000000000e+00
338 0.000000000000e+00
339 0.000000000000e+00
340 0.000000000000e+00
341 0.000000000000e+00
342 0.000000000000e+00
343 0.000000000000e+00
344 0.000000000000e+00
345 0.000000000000e+00
346 0.000000000000e+00
347 0.000000000000e+00
348 0.000000000000e+00
349 0.000000000000e+00
350 0.000000000000e+00
351 1.738131541281e+00
352 0.000000000000e+00
353 0.000000000000e+00
354 0.000000000000e+00
355 0.000000000000e+00
356 0.000000000000e+00
357 0.000000000000e+00
358 0.000000000000e+00
359 1.465513948116e+00
360 0.000000000000e+00
361 3.693847162870e+00
362 7.818496708901e+00
363 1.117750689011e+01
364 0.000000000000e+00
365 0.000000000000e+00
366 0.000000000000e+00
367 0.000000000000e+00
368 0.000000000000e+00
369 0.000000000000e+00
370 0.000000000000e+00
371 0.000000000000e+00
372 0.000000000000e+00
373 0.000000000000e+00
374 0.000000000000e+00
375 0.000000000000e+00
376 1.880182674166e+00
377 3.078753647624e+00
378 3.545254526333e+00
379 0.000000000000e+00
380 6.035877413547e+00
381 5.864731990481e+00
382 0.000000000000e+00
383 1.524125050541e+00
384 1.083073938575e+01
385 0.000000000000e+00
386 0.000000000000e+00
387 0.000000000000e+00
388 1.972377695680e+00
389 0.000000000000e+00
390 0.000000000000e+00
391 0.000000000000e+00
392 7.980234745371e-01
393 7.628682575711e+00
394 2.742969441451e+01
395 0.000000000000e+00
396 4.000440204197e+00
397 2.847426622583e+00
398 0.000000000000e+00
399 0.000000000000e+00
400 0.000000000000e+00
401 0.000000000000e+00
402 0.000000000000e+00
403 1.163165273923e+01
404 6.710509061848e+00
405 0.000000000000e+00
406 8.127058294096e+00
407 8.002240009477e+00
408 2.148111147357e+00
409 5.285296159321e-01
410 1.854153384907e+00
411 6.186341236457e+00
412 4.683022071653e+00
413 1.727325636154e+01
414 0.000000000000e+00
415 7.234746155941e+00
416 1.065863046641e+01
417 9.532662490391e+00
418 0.000000000000e+00
419 0.000000000000e+00
420 0.000000000000e+00
421 0.000000000000e+00
422 1.779501829112e+00
423 0.000000000000e+00
424 1.187505093269e+00
425 5.152932635204e+00
426 7.073348250984e+00
427 1.993206835110e+01
428 1.144343551760e+01
429 7.057487088241e+00
430 2.630515614759e+00
431 0.000000000000e+00
432 1.071813491921e+01
433 0.000000000000e+00
434 0.000000000000e+00
435 0.000000000000e+00
436 0.000000000000e+00
437 0.000000000000e+00
438 0.000000000000e+00
439 0.000000000000e+00
440 0.000000000000e+00
441 0.000000000000e+00
442 0.000000000000e+00
443 0.000000000000e+00
444 0.000000000000e+00
445 0.000000000000e+00
446 5.152367417454e-01
447 1.140086176636e+01
448 0.000000000000e+00
449 1.128600807938e+00
450 4.871761411293e+00
451 8.924066136674e+00
452 0.000000000000e+00
453 4.299826883736e+00
454 0.000000000000e+00
455 8.295209558465e+00
456 0.000000000000e+00
457 0.000000000000e+00
458 1.944323780218e+01
459 2.630427909157e+01
460 0.000000000000e+00
461 6.939949543899e-01
462 6.145363085185e-01
463 0.000000000000e+00
464 1.767345334895e+01
465 4.210081708923e+00
466 0.000000000000e+00
467 9.463088593988e+00
468 5.744859856480e+00
469 1.237731515253e+01
470 9.872389644094e+00
471 0.000000000000e+00
472 0.000000000000e+00
473 3.485950392612e+00
474 1.148721293524e+01
475 0.000000000000e+00
476 0.000000000000e+00
477 5.970626021766e-01
478 3.863798484335e+00
479 7.523979238634e+00
480 1.214799696159e+01
481 9.701737730455e+00
482 0.000000000000e+00
483 5.908963129635e+00
484 1.362092403918e+01
485 0.000000000000e+00
486 4.651626232924e+00
487 3.440659137288e+00
488 2.121398426539e+00
489 0.000000000000e+00
490 3.306044840206e+00
491 2.271139403424e+00
492 3.099085991843e+00
493 8.931161253825e+00
494 0.000000000000e+00
495 1.002047471676e+01
496 7.255784914819e+00
497 0.000000000000e+00
498 0.000000000000e+00
499 0.000000000000e+00
500 7.497975170126e+00
501 0.000000000000e+00
502 0.000000000000e+00
503 0.000000000000e+00
504 0.000000000000e+00
505 0.000000000000e+00
506 0.000000000000e+00
507 3.478030499574e+00
508 0.000000000000e+00
509 5.730521371974e+00
510 1.937492360758e+00
511 8.698886750353e+00
512 0.000000000000e+00
513 0.000000000000e+00
514 0.000000000000e+00
515 3.516188154917e+00
516 5.830643263323e+00
517 0.000000000000e+00
518 0.000000000000e+00
519 0.000000000000e+00
520 0.000000000000e+00
521 0.000000000000e+00
522 0.000000000000e+00
523 0.000000000000e+00
524 0.000000000000e+00
525 0.000000000000e+00
526 1.168985984712e+00
527 2.707244208590e+00
528 6.117817303030e+00
529 9.302494806706e+00
530 1.037136925599e+01
531 0.000000000000e+00
532 0.000000000000e+00
533 5.675855104951e+00
534 0.000000000000e+00
535 3.259543721551e+00
536 6.832749074529e+00
537 6.117756732718e+00
538 0.000000000000e+00
539 8.975524094846e-01
540 7.376175496825e+00
541 5.094481718355e+00
542 0.000000000000e+00
543 3.507084728207e+00
544 5.678182662749e+00
545 1.234391021257e+01
546 1.100897367155e+01
547 4.307342475200e+00
548 6.047026408158e-01
549 1.620750149791e+00
550 1.318652694795e+01
551 5.016243104438e+00
552 1.692884400513e+01
553 0.000000000000e+00
554 8.770331145565e+00
555 8.732356947044e+00
556 8.414234127133e+00
557 0.000000000000e+00
558 0.000000000000e+00
559 0.000000000000e+00
560 0.000000000000e+00
561 1.496816352683e+01
562 0.000000000000e+00
563 7.291798255183e-01
564 8.223397693694e-01
565 1.169991857946e+01
566 1.868175109967e+01
567 6.628683433205e+00
568 3.118048563260e+00
569 3.609108273725e+00
570 1.079746937292e+01
571 3.047855427810e+00
572 0.000000000000e+00
573 0.000000000000e+00
574 0.000000000000e+00
575 9.678941031582e+00
576 1.065301471933e+00
577 0.000000000000e+00
578 5.635446577979e+00
579 0.000000000000e+00
580 0.000000000000e+00
581 0.000000000000e+00
582 0.000000000000e+00
583 1.229481803433e+01
584 0.000000000000e+00
585 5.751437779080e+00
586 2.658058908636e+00
587 0.000000000000e+00
588 0.000000000000e+00
589 0.000000000000e+00
590 0.000000000000e+00
591 4.552523669201e-01
592 0.000000000000e+00
593 1.886254489898e+00
594 0.000000000000e+00
595 8.828680694154e+00
596 5.188464581032e+00
597 0.000000000000e+00
598 1.178467835851e+01
599 0.000000000000e+00
600 0.000000000000e+00
601 0.000000000000e+00
602 0.000000000000e+00
603 0.000000000000e+00
604 0.000000000000e+00
605 0.000000000000e+00
606 0.000000000000e+00
607 0.000000000000e+00
608 0.000000000000e+00
609 0.000000000000e+00
610 0.000000000000e+00
611 0.000000000000e+00
612 0.000000000000e+00
613 0.000000000000e+00
614 0.000000000000e+00
615 0.000000000000e+00
616 0.000000000000e+00
617 0.000000000000e+00
618 0.000000000000e+00
619 0.000000000000e+00
620 0.000000000000e+00
621 0.000000000000e+00
622 0.000000000000e+00
623 6.964140462297e+00
624 6.007070608682e-01
625 0.000000000000e+00
626 0.000000000000e+00
627 5.805611960792e+00
628 1.248733569764e+01
629 2.932987165658e+00
630 0.000000000000e+00
631 0.000000000000e+00
632 1.602956117171e+00
633 1.613968852536e+01
634 1.995844181679e+00
635 5.896585285085e+00
636 2.030838503807e+01
637 1.727071286376e+01
638 0.000000000000e+00
639 5.443242438322e+00
640 1.114053667317e+01
641 2.161143484826e+00
642 0.000000000000e+00
643 0.000000000000e+00
644 0.000000000000e+00
645 1.430043358249e+01
646 0.000000000000e+00
647 2.137080449272e+00
648 0.000000000000e+00
649 7.397729197190e+00
650 0.000000000000e+00
651 0.000000000000e+00
652 0.000000000000e+00
653 8.267097477529e-01
654 1.282366711823e+01
655 0.000000000000e+00
656 0.000000000000e+00
657 0.000000000000e+00
658 0.000000000000e+00
659 0.000000000000e+00
660 1.523371568260e+00
661 0.000000000000e+00
662 0.000000000000e+00
663 0.000000000000e+00
664 6.334110963772e+00
665 0.000000000000e+00
666 7.099120051734e+00
667 0.000000000000e+00
668 0.000000000000e+00
669 0.000000000000e+00
670 1.721137372965e+00
671 1.187617232802e+01
672 2.031623963612e+00
673 1.605237108583e+00
674 2.710057192738e+00
675 1.319214824797e+01
676 3.483632428915e+00
677 1.864862481522e+00
678 1.059487296029e+01
679 6.466989292464e+00
680 1.147201611055e+01
681 9.842650000738e+00
682 1.052689088481e+01
683 2.000336533865e+00
684 5.935608357120e+00
685 6.817270185740e+00
686 0.000000000000e+00
687 9.652550454902e+00
688 7.772454488397e+00
689 0.000000000000e+00
690 0.000000000000e+00
691 0.000000000000e+00
692 4.531634363821e+00
693 0.000000000000e+00
694 0.000000000000e+00
695 0.000000000000e+00
696 1.194245562843e+01
697 2.093863945476e+01
698 0.000000000000e+00
699 3.052040014667e+00
700 4.151018635227e+00
701 2.302915825932e+00
702 0.000000000000e+00
703 0.000000000000e+00
704 0.000000000000e+00
705 0.000000000000e+00
706 3.652006501811e+00
707 0.000000000000e+00
708 0.000000000000e+00
709 0.000000000000e+00
710 0.000000000000e+00
711 0.000000000000e+00
712 0.000000000000e+00
713 0.000000000000e+00
714 0.000000000000e+00
715 0.000000000000e+00
716 6.461459851489e+00
717 0.000000000000e+00
718 0.000000000000e+00
719 0.000000000000e+00
720 0.000000000000e+00
721 0.000000000000e+00
722 0.000000000000e+00
723 0.000000000000e+00
724 0.000000000000e+00
725 0.000000000000e+00
726 0.000000000000e+00
727 0.000000000000e+00
728 0.000000000000e+00
729 0.000000000000e+00
730 0.000000000000e+00
731 0.000000000000e+00
732 8.061654691431e+00
733 0.000000000000e+00
734 0.000000000000e+00
735 0.000000000000e+00
736 0.000000000000e+00
737 0.000000000000e+00
738 0.000000000000e+00
739 0.000000000000e+00
740 0.000000000000e+00
741 0.000000000000e+00
742 0.000000000000e+00
743 0.000000000000e+00
744 4.874865859553e+00
745 0.000000000000e+00
746 0.000000000000e+00
747 0.000000000000e+00
748 0.000000000000e+00
749 1.693117120212e+00
750 0.000000000000e+00
751 8.423897350843e+00
752 0.000000000000e+00
753 2.092721033721e+00
754 5.774398645411e+00
755 0.000000000000e+00
756 0.000000000000e+00
757 0.000000000000e+00
758 0.000000000000e+00
759 0.000000000000e+00
760 7.083421557646e-01
761 1.715602975802e+01
762 0.000000000000e+00
763 0.000000000000e+00
764 4.603002571632e+00
765 8.782521565531e+00
766 0.000000000000e+00
767 2.812117901889e+00
768 0.000000000000e+00
769 0.000000000000e+00
770 1.427305811103e+01
771 0.000000000000e+00
772 0.000000000000e+00
773 2.192901595452e+00
774 3.592832074086e+00
775 0.000000000000e+00
776 1.256378868714e+01
777 3.245318244599e+00
778 8.774762307324e+00
779 1.243454298548e+01
780 0.000000000000e+00
781 1.202384063047e+01
782 0.000000000000e+00
783 6.988523934269e+00
784 5.720708153816e+00
785 7.628520922703e-01
786 0.000000000000e+00
787 0.000000000000e+00
788 0.000000000000e+00
789 7.544362682884e+00
790 0.000000000000e+00
791 0.000000000000e+00
792 2.509208285357e+00
793 0.000000000000e+00
794 5.912596531880e+00
795 0.000000000000e+00
796 1.944117029406e+00
797 9.164496527626e+00
798 3.509252035772e+00
799 7.207889395114e+00
800 0.000000000000e+00
801 0.000000000000e+00
802 0.000000000000e+00
803 1.971981632347e+00
804 0.000000000000e+00
805 0.000000000000e+00
806 8.696936066556e+00
807 0.000000000000e+00
808 1.540584705585e+00
809 1.225994809412e+01
810 6.589447618970e-01
811 1.850649323800e+01
812 0.000000000000e+00
813 7.585889695852e+00
814 8.226722298831e+00
815 0.000000000000e+00
816 0.000000000000e+00
817 1.825497703484e+00
818 0.000000000000e+00
819 0.000000000000e+00
820 9.561945881694e+00
821 0.000000000000e+00
822 0.000000000000e+00
823 3.479263226432e+00
824 0.000000000000e+00
825 8.738209707997e+00
826 0.000000000000e+00
827 4.736098574219e+00
828 1.069339988683e+01
829 0.000000000000e+00
830 0.000000000000e+00
831 7.214816454850e+00
832 0.000000000000e+00
833 0.000000000000e+00
834 1.908966357843e+01
835 1.891835157508e-01
836 0.000000000000e+00
837 4.046395588179e+00
838 1.237411379460e+01
839 2.840806544431e+00
840 2.136356964384e+01
841 2.416409813073e+01
842 3.546917655936e+00
843 6.954058711411e+00
844 0.000000000000e+00
845 8.301651580278e+00
846 0.000000000000e+00
847 0.000000000000e+00
848 0.000000000000e+00
849 7.772325342998e+00
850 7.965044588198e+00
851 0.000000000000e+00
852 0.000000000000e+00
853 1.123661601796e+01
854 8.610084755627e+00
855 3.260008646642e+00
856 0.000000000000e+00
857 3.717675284999e+00
858 1.531348991938e+01
859 0.000000000000e+00
860 3.704041799732e+00
861 7.182852614720e+00
862 1.703469713614e+01
863 2.122203096394e+01
864 7.776241705078e+00
865 3.904105189641e+00
866 4.895017052418e+00
867 0.000000000000e+00
868 3.128254089001e+00
869 6.686745637582e+00
870 2.998344956993e+00
871 3.702894696047e+00
872 0.000000000000e+00
873 1.812998154875e+01
874 0.000000000000e+00
875 6.139239020230e+00
876 9.672871910483e+00
877 0.000000000000e+00
878 0.000000000000e+00
879 0.000000000000e+00
880 1.871149895122e+01
881 0.000000000000e+00
882 3.034236089068e-01
883 0.000000000000e+00
884 8.785267108010e+00
885 1.325513595459e+01
886 7.308109369541e+00
887 3.699212617970e+00
888 0.000000000000e+00
889 1.160271748945e+01
890 2.885330327277e+00
891 0.000000000000e+00
892 0.000000000000e+00
893 0.000000000000e+00
894 2.790452771445e+00
895 3.712112760620e+00
896 0.000000000000e+00
897 6.184416076491e+00
898 4.242156663300e+00
899 0.000000000000e+00
900 0.000000000000e+00
901 2.461583589760e+00
902 7.639430039687e+00
903 0.000000000000e+00
904 0.000000000000e+00
905 0.000000000000e+00
906 0.000000000000e+00
907 0.000000000000e+00
908 0.000000000000e+00
909 0.000000000000e+00
910 0.000000000000e+00
911 0.000000000000e+00
912 0.000000000000e+00
913 0.000000000000e+00
914 0.000000000000e+00
915 0.000000000000e+00
916 0.000000000000e+00
917 0.000000000000e+00
918 2.386863560975e+00
919 1.038589626716e+00
920 0.000000000000e+00
921 0.000000000000e+00
922 2.842855837893e+00
923 0.000000000000e+00
924 0.000000000000e+00
925 0.000000000000e+00
926 8.582544970663e+00
927 7.201231793244e+00
928 0.000000000000e+00
929 3.595654163172e+00
930 1.138841152779e+01
931 8.025797501967e+00
932 8.354295475121e+00
933 2.938658903590e+00
934 3.039484019940e+00
935 1.716687338991e+01
936 0.000000000000e+00
937 6.044947751890e+00
938 1.087953981811e+01
939 6.001220334461e+00
940 7.394159568947e-01
941 3.361982980616e+00
942 5.506951984257e+00
943 0.000000000000e+00
944 7.320534267475e-01
945 2.945014987607e+00
946 1.292828676450e+01
947 2.145064757906e+01
948 7.101033372704e+00
949 4.255817819170e+00
950 2.348922828056e+00
951 1.570601497588e+00
952 9.894577960931e+00
953 0.000000000000e+00
954 0.000000000000e+00
955 0.000000000000e+00
956 1.358781011102e+01
957 1.566903328943e+00
958 0.000000000000e+00
959 0.000000000000e+00
960 1.493258972529e+00
961 4.904175570905e+00
962 0.000000000000e+00
963 1.843283621241e+00
964 1.372121264659e+01
965 4.781764756005e+00
966 2.298053270862e+01
967 0.000000000000e+00
968 8.239604746083e+00
969 9.626703446884e+00
970 8.775376244518e+00
971 0.000000000000e+00
972 1.051293025085e+01
973 5.055181015205e+00
974 6.993230116044e+00
975 1.565969124663e+01
976 0.000000000000e+00
977 8.667071061493e+00
978 8.392444452760e+00
979 1.312307978272e+00
980 0.000000000000e+00
981 9.073772059946e-01
982 1.643405249391e+01
983 0.000000000000e+00
984 0.000000000000e+00
985 0.000000000000e+00
986 0.000000000000e+00
987 0.000000000000e+00
988 6.143435031732e+00
989 1.188082213989e+01
990 0.000000000000e+00
991 1.531758597976e+00
992 0.000000000000e+00
993 0.000000000000e+00
994 0.000000000000e+00
995 0.000000000000e+00
996 0.000000000000e+00
997 0.000000000000e+00
998 0.000000000000e+00
999 0.000000000000e+00
1000 0.000000000000e+00
1001 0.000000000000e+00
1002 7.815319412341e+00
1003 0.000000000000e+00
1004 0.000000000000e+00
1005 0.000000000000e+00
1006 4.456860937675e+00
1007 8.974840778466e-01
1008 9.184797191493e+00
1009 3.569829911661e+00
1010 5.828386592571e+00
1011 8.062009882627e+00
1012 6.771911920208e+00
1013 0.000000000000e+00
1014 1.119767692102e+01
1015 1.232154106105e+01
1016 0.000000000000e+00
1017 4.832207723382e+00
1018 0.000000000000e+00
1019 0.000000000000e+00
1020 0.000000000000e+00
1021 0.000000000000e+00
1022 0.000000000000e+00
1023 0.000000000000e+00
1024 0.000000000000e+00
1025 0.000000000000e+00
1026 0.000000000000e+00
1027 0.000000000000e+00
1028 0.000000000000e+00
1029 0.000000000000e+00
1030 0.000000000000e+00
1031 0.000000000000e+00
1032 0.000000000000e+00
1033 0.000000000000e+00
1034 0.000000000000e+00
1035 0.000000000000e+00
1036 0.000000000000e+00
1037 1.279780830608e+01
1038 0.000000000000e+00
1039 0.000000000000e+00
1040 0.000000000000e+00
1041 0.000000000000e+00
1042 0.000000000000e+00
1043 0.000000000000e+00
1044 0.000000000000e+00
1045 0.000000000000e+00
1046 0.000000000000e+00
1047 2.915957240426e+00
1048 1.086784210941e+01
1049 3.283700900047e+00
1050 9.580695034698e+00
1051 2.293952517201e+01
1052 4.756487523930e+00
1053 0.000000000000e+00
1054 0.000000000000e+00
1055 0.000000000000e+00
1056 0.000000000000e+00
1057 0.000000000000e+00
1058 0.000000000000e+00
1059 3.452852530499e+00
1060 6.619498491641e+00
1061 0.000000000000e+00
1062 0.000000000000e+00
1063 0.000000000000e+00
1064 0.000000000000e+00
1065 0.000000000000e+00
1066 0.000000000000e+00
1067 0.000000000000e+00
1068 0.000000000000e+00
1069 0.000000000000e+00
1070 0.000000000000e+00
1071 5.808897479653e+00
1072 0.000000000000e+00
1073 1.409442740104e+01
1074 0.000000000000e+00
1075 0.000000000000e+00
1076 9.010752930476e+00
1077 0.000000000000e+00
1078 0.000000000000e+00
1079 0.000000000000e+00
1080 0.000000000000e+00
1081 0.000000000000e+00
1082 0.000000000000e+00
1083 0.000000000000e+00
1084 0.000000000000e+00
1085 0.000000000000e+00
1086 0.000000000000e+00
1087 0.000000000000e+00
1088 0.000000000000e+00
1089 0.000000000000e+00
1090 0.000000000000e+00
1091 0.000000000000e+00
1092 0.000000000000e+00
1093 0.000000000000e+00
1094 0.000000000000e+00
1095 0.000000000000e+00
1096 6.084921005240e+00
1097 0.000000000000e+00
1098 0.000000000000e+00
1099 0.000000000000e+00
1100 0.000000000000e+00
1101 0.000000000000e+00
1102 0.000000000000e+00
1103 0.000000000000e+00
1104 0.000000000000e+00
1105 0.000000000000e+00
1106 0.000000000000e+00
1107 0.000000000000e+00
1108 0.000000000000e+00
1109 0.000000000000e+00
1110 0.000000000000e+00
1111 0.000000000000e+00
1112 0.000000000000e+00
1113 0.000000000000e+00
1114 0.000000000000e+00
1115 0.000000000000e+00
1116 0.000000000000e+00
1117 0.000000000000e+00
1118 0.000000000000e+00
1119 0.000000000000e+00
1120 0.000000000000e+00
1121 0.000000000000e+00
1122 0.000000000000e+00
1123 0.000000000000e+00
1124 1.180410013447e+01
1125 0.000000000000e+00
1126 3.155627145484e+00
1127 6.950201149478e+00
1128 0.000000000000e+00
1129 1.166638245577e+01
1130 8.487255049698e-01
1131 1.464995467623e+01
1132 1.439907797679e+01
1133 0.000000000000e+00
1134 0.000000000000e+00
1135 0.000000000000e+00
1136 0.000000000000e+00
1137 0.000000000000e+00
1138 6.106494670887e+00
1139 0.000000000000e+00
1140 0.000000000000e+00
1141 3.735297782269e+00
1142 0.000000000000e+00
1143 0.000000000000e+00
1144 0.000000000000e+00
1145 0.000000000000e+00
1146 0.000000000000e+00
1147 4.350649980159e+00
1148 0.000000000000e+00
1149 0.000000000000e+00
1150 0.000000000000e+00
1151 0.000000000000e+00
1152 3.409792899122e+00
1153 0.000000000000e+00
1154 0.000000000000e+00
1155 0.000000000000e+00
1156 3.805856158034e+00
1157 3.351084427691e-01
1158 1.576773560199e+00
1159 9.332395573235e+00
1160 9.352112617822e-01
1161 1.536660712934e+01
1162 2.596629194478e+00
1163 9.724263300111e+00
1164 1.511970744782e+01
1165 1.673099255981e+00
1166 0.000000000000e+00
1167 1.060096205354e+01
1168 1.356937026103e+01
1169 0.000000000000e+00
1170 0.000000000000e+00
1171 0.000000000000e+00
1172 5.842724526611e-01
1173 1.656054266513e+01
1174 2.135394016256e+00
1175 1.930622684906e+01
1176 0.000000000000e+00
1177 0.000000000000e+00
1178 5.036758082610e+00
1179 5.937230765159e+00
1180 0.000000000000e+00
1181 4.931120032841e+00
1182 3.616333917862e+00
1183 0.000000000000e+00
1184 0.000000000000e+00
1185 0.000000000000e+00
1186 7.614824875814e+00
1187 7.925783058133e+00
1188 5.072869948682e+00
1189 0.000000000000e+00
1190 0.000000000000e+00
1191 1.340369827605e+01
1192 9.647442145332e-01
1193 2.598887739057e+00
1194 4.607259707979e+00
1195 6.657976320618e+00
1196 5.565008140516e+00
1197 1.164100762752e+01
1198 4.836915291305e+00
1199 9.937683147972e+00
1200 2.987764805499e+00
1201 0.000000000000e+00
1202 1.230398290662e+01
1203 0.000000000000e+00
1204 1.062986642163e+01
1205 6.915482431411e+00
1206 9.199066203605e+00
1207 9.677377536383e+00
1208 5.353082171855e+00
1209 0.000000000000e+00
1210 0.000000000000e+00
1211 1.689327775876e+01
1212 0.000000000000e+00
1213 0.000000000000e+00
1214 0.000000000000e+00
1215 0.000000000000e+00
1216 0.000000000000e+00
1217 2.276268688484e+01
1218 1.401757834538e+01
1219 6.418290721549e+00
1220 0.000000000000e+00
1221 0.000000000000e+00
1222 0.000000000000e+00
1223 0.000000000000e+00
1224 0.000000000000e+00
1225 0.000000000000e+00
1226 5.574495476454e+00
1227 0.000000000000e+00
1228 0.000000000000e+00
1229 0.000000000000e+00
1230 0.000000000000e+00
1231 9.914454065616e+00
1232 0.000000000000e+00
1233 0.000000000000e+00
1234 3.560691876334e+00
1235 6.511994812397e+00
1236 1.267527569387e+00
1237 0.000000000000e+00
1238 8.673661168528e+00
1239 0.000000000000e+00
1240 1.189540676547e+01
1241 9.148048916008e+00
1242 0.000000000000e+00
1243 7.492371908028e+00
1244 0.000000000000e+00
1245 0.000000000000e+00
1246 3.206857266723e+00
1247 0.000000000000e+00
1248 0.000000000000e+00
1249 0.000000000000e+00
1250 3.129226593698e+00
1251 1.502585164618e+01
1252 0.000000000000e+00
1253 2.466769957900e+00
1254 1.150064352706e+01
1255 0.000000000000e+00
1256 0.000000000000e+00
1257 0.000000000000e+00
1258 0.000000000000e+00
1259 0.000000000000e+00
1260 0.000000000000e+00
1261 0.000000000000e+00
1262 0.000000000000e+00
1263 5.678657828339e+00
1264 1.411672449123e+01
1265 0.000000000000e+00
1266 0.000000000000e+00
1267 0.000000000000e+00
1268 0.000000000000e+00
1269 0.000000000000e+00
1270 0.000000000000e+00
1271 0.000000000000e+00
1272 0.000000000000e+00
1273 0.000000000000e+00
1274 0.000000000000e+00
1275 0.000000000000e+00
1276 0.000000000000e+00
1277 0.000000000000e+00
1278 0.000000000000e+00
1279 1.082549338494e+01
1280 0.000000000000e+00
1281 0.000000000000e+00
1282 0.000000000000e+00
1283 0.000000000000e+00
1284 0.000000000000e+00
1285 0.000000000000e+00
1286 0.000000000000e+00
1287 0.000000000000e+00
1288 0.000000000000e+00
1289 0.000000000000e+00
1290 0.000000000000e+00
1291 0.000000000000e+00
1292 0.000000000000e+00
1293 0.000000000000e+00
1294 0.000000000000e+00
1295 0.000000000000e+00
1296 0.000000000000e+00
1297 0.000000000000e+00
1298 0.000000000000e+00
1299 0.000000000000e+00
1300 0.000000000000e+00
1301 0.000000000000e+00
1302 0.000000000000e+00
1303 0.000000000000e+00
1304 0.000000000000e+00
1305 0.000000000000e+00
1306 0.000000000000e+00
1307 0.000000000000e+00
1308 0.000000000000e+00
1309 0.000000000000e+00
1310 0.000000000000e+00
1311 0.000000000000e+00
1312 0.000000000000e+00
1313 0.000000000000e+00
1314 0.000000000000e+00
1315 0.000000000000e+00
1316 0.000000000000e+00
1317 0.000000000000e+00
1318 0.000000000000e+00
1319 0.000000000000e+00
1320 0.000000000000e+00
1321 0.000000000000e+00
1322 0.000000000000e+00
1323 0.000000000000e+00
1324 0.000000000000e+00
1325 0.000000000000e+00
1326 0.000000000000e+00
1327 0.000000000000e+00
1328 0.000000000000e+00
1329 0.000000000000e+00
1330 0.000000000000e+00
1331 0.000000000000e+00
1332 0.000000000000e+00
1333 0.000000000000e+00
1334 3.359103887599e+00
1335 0.000000000000e+00
1336 0.000000000000e+00
1337 0.000000000000e+00
1338 3.100653597215e+00
1339 0.000000000000e+00
1340 4.036919164285e-01
1341 0.000000000000e+00
1342 6.343493114434e+00
1343 0.000000000000e+00
1344 0.000000000000e+00
1345 9.653425770556e+00
1346 0.000000000000e+00
1347 4.568454611200e+00
1348 0.000000000000e+00
1349 0.000000000000e+00
1350 0.000000000000e+00
1351 0.000000000000e+00
1352 0.000000000000e+00
1353 0.000000000000e+00
1354 5.008315852424e+00
1355 0.000000000000e+00
1356 0.000000000000e+00
1357 0.000000000000e+00
1358 0.000000000000e+00
1359 0.000000000000e+00
1360 0.000000000000e+00
1361 0.000000000000e+00
1362 0.000000000000e+00
1363 1.523728602455e+00
1364 8.229082752459e-01
1365 1.960721674666e+00
1366 1.071859774559e+01
1367 5.310151482086e+00
1368 5.993123974746e+00
1369 0.000000000000e+00
1370 1.032226143963e+01
1371 5.061193257203e+00
1372 1.036544138954e+01
1373 0.000000000000e+00
1374 0.000000000000e+00
1375 0.000000000000e+00
1376 0.000000000000e+00
1377 1.282484570349e+01
1378 1.164701710839e+00
1379 0.000000000000e+00
1380 0.000000000000e+00
1381 1.300818627506e+01
1382 0.000000000000e+00
1383 6.886442868245e+00
1384 1.377870512780e+01
1385 1.027330231596e+01
1386 0.000000000000e+00
1387 0.000000000000e+00
1388 0.000000000000e+00
1389 1.162075682900e+01
1390 2.091803721216e+00
1391 0.000000000000e+00
1392 2.119470082482e+00
1393 0.000000000000e+00
1394 8.676755236452e+00
1395 0.000000000000e+00
1396 0.000000000000e+00
1397 3.243619969946e+00
1398 0.000000000000e+00
1399 5.831701504660e+00
1400 7.252150666988e+00
1401 0.000000000000e+00
1402 0.000000000000e+00
1403 0.000000000000e+00
1404 0.000000000000e+00
1405 9.179153671219e+00
1406 1.131514362309e+01
1407 0.000000000000e+00
1408 3.174941813197e+00
1409 7.023345556465e+00
1410 0.000000000000e+00
1411 0.000000000000e+00
1412 0.000000000000e+00
1413 0.000000000000e+00
1414 0.000000000000e+00
1415 0.000000000000e+00
1416 7.230881615152e-01
1417 4.064525574079e+00
1418 8.998335369242e+00
1419 1.285893041165e+01
1420 3.186162939649e+00
1421 0.000000000000e+00
1422 5.733876407281e+00
1423 5.280749068762e+00
1424 0.000000000000e+00
1425 0.000000000000e+00
1426 0.000000000000e+00
1427 0.000000000000e+00
1428 0.000000000000e+00
1429 0.000000000000e+00
1430 0.000000000000e+00
1431 0.000000000000e+00
1432 0.000000000000e+00
1433 0.000000000000e+00
1434 0.000000000000e+00
1435 0.000000000000e+00
1436 0.000000000000e+00
1437 0.000000000000e+00
1438 0.000000000000e+00
1439 0.000000000000e+00
1440 0.000000000000e+00
1441 0.000000000000e+00
1442 0.000000000000e+00
1443 0.000000000000e+00
1444 0.000000000000e+00
1445 0.000000000000e+00
1446 0.000000000000e+00
1447 0.000000000000e+00
1448 0.000000000000e+00
1449 0.000000000000e+00
1450 0.000000000000e+00
1451 0.000000000000e+00
1452 0.000000000000e+00
1453 0.000000000000e+00
1454 0.000000000000e+00
1455 0.000000000000e+00
1456 0.000000000000e+00
1457 0.000000000000e+00
1458 0.000000000000e+00
1459 1.389962815877e+01
1460 0.000000000000e+00
1461 0.000000000000e+00
1462 1.451084140043e+01
1463 0.000000000000e+00
1464 0.000000000000e+00
1465 0.000000000000e+00
1466 0.000000000000e+00
1467 0.000000000000e+00
1468 0.000000000000e+00
1469 0.000000000000e+00
1470 0.000000000000e+00
1471 0.000000000000e+00
1472 0.000000000000e+00
1473 0.000000000000e+00
1474 0.000000000000e+00
1475 0.000000000000e+00
1476 7.684570092775e+00
1477 2.780751233646e+01
1478 0.000000000000e+00
1479 0.000000000000e+00
1480 4.889362594165e+00
1481 0.000000000000e+00
1482 5.167872104881e+00
1483 0.000000000000e+00
1484 0.000000000000e+00
1485 0.000000000000e+00
1486 0.000000000000e+00
1487 0.000000000000e+00
1488 0.000000000000e+00
1489 0.000000000000e+00
1490 0.000000000000e+00
1491 0.000000000000e+00
1492 0.000000000000e+00
1493 0.000000000000e+00
1494 0.000000000000e+00
1495 0.000000000000e+00
1496 0.000000000000e+00
1497 0.000000000000e+00
1498 7.090808341840e+00
1499 0.000000000000e+00
1500 0.000000000000e+00
1501 0.000000000000e+00
1502 0.000000000000e+00
1503 0.000000000000e+00
1504 0.000000000000e+00
1505 5.308021538814e+00
1506 0.000000000000e+00
1507 0.000000000000e+00
1508 9.723576724941e+00
1509 2.252503413003e-01
1510 2.178085267225e+01
1511 1.497740844618e+00
1512 0.000000000000e+00
1513 1.971515035016e+00
1514 1.252067285447e+01
1515 0.000000000000e+00
1516 7.424444404444e+00
1517 2.281186944693e+00
1518 0.000000000000e+00
1519 0.000000000000e+00
1520 0.000000000000e+00
1521 2.856851732103e+00
1522 0.000000000000e+00
1523 1.437390093578e+00
1524 2.315184491671e+00
1525 0.000000000000e+00
1526 1.053169266512e+01
1527 0.000000000000e+00
1528 7.297640914314e+00
1529 1.109231647639e+01
1530 5.641294690154e+00
1531 0.000000000000e+00
1532 0.000000000000e+00
1533 0.000000000000e+00
1534 8.745658599993e+00
1535 3.943876484042e-01
1536 2.124274483754e+00
1537 0.000000000000e+00
1538 0.000000000000e+00
1539 7.630048896000e+00
1540 8.218205577486e+00
1541 3.216585549958e+00
1542 0.000000000000e+00
1543 7.955379344143e+00
1544 1.497503303504e+01
1545 1.417374923559e+01
1546 1.265958902959e+01
1547 0.000000000000e+00
1548 0.000000000000e+00
1549 0.000000000000e+00
1550 1.724122739372e+00
1551 1.510584421487e+00
1552 1.231465841599e+00
1553 3.249005041748e+00
1554 5.042726327943e+00
1555 0.000000000000e+00
1556 5.248148709210e+00
1557 0.000000000000e+00
1558 3.147475084638e+00
1559 8.780365416044e+00
1560 0.000000000000e+00
1561 5.579883593010e+00
1562 0.000000000000e+00
1563 0.000000000000e+00
1564 0.000000000000e+00
1565 3.860917351952e+00
1566 6.487129834327e+00
1567 8.093698285051e+00
1568 0.000000000000e+00
1569 0.000000000000e+00
1570 0.000000000000e+00
1571 0.000000000000e+00
1572 9.539471030393e+00
1573 1.144973989661e+00
1574 1.518406349613e+00
1575 5.400087306940e+00
1576 1.211126828140e+01
1577 6.962794059483e+00
1578 0.000000000000e+00
1579 0.000000000000e+00
1580 9.784938314159e+00
1581 1.643010668436e+00
1582 0.000000000000e+00
1583 1.898653948614e+01
1584 2.188945684093e+01
1585 0.000000000000e+00
1586 0.000000000000e+00
1587 0.000000000000e+00
1588 0.000000000000e+00
1589 2.321108117564e+00
1590 1.211875499193e+00
1591 1.627681027814e+01
1592 4.624162593081e+00
1593 5.374372539698e+00
1594 1.244257895132e+01
1595 7.135343875008e+00
1596 0.000000000000e+00
1597 9.185639345659e+00
1598 7.966494693293e+00
1599 0.000000000000e+00
1600 4.278292317398e+00
1601 0.000000000000e+00
1602 2.207709683255e+00
1603 1.902511981313e+01
1604 0.000000000000e+00
1605 0.000000000000e+00
1606 0.000000000000e+00
1607 0.000000000000e+00
1608 0.000000000000e+00
1609 0.000000000000e+00
1610 0.000000000000e+00
1611 4.317399503006e+00
1612 3.358441525745e+00
1613 0.000000000000e+00
1614 0.000000000000e+00
1615 0.000000000000e+00
1616 3.880788880366e+00
1617 0.000000000000e+00
1618 0.000000000000e+00
1619 8.576753021821e+00
1620 0.000000000000e+00
1621 0.000000000000e+00
1622 0.000000000000e+00
1623 0.000000000000e+00
1624 0.000000000000e+00
1625 2.280860959165e+01
1626 4.402940558345e+00
1627 6.998032772428e+00
1628 1.169541504784e+01
1629 6.604321017685e+00
1630 0.000000000000e+00
1631 0.000000000000e+00
1632 4.612159516335e+00
1633 0.000000000000e+00
1634 5.143160918290e+00
1635 0.000000000000e+00
1636 0.000000000000e+00
1637 1.245549362798e+01
1638 4.490900213365e-01
1639 0.000000000000e+00
1640 6.114147669719e-01
1641 1.408389167340e+01
1642 1.003597203565e+01
1643 0.000000000000e+00
1644 2.585761013264e+00
1645 3.316676875058e+00
1646 6.603309150610e+00
1647 0.000000000000e+00
1648 0.000000000000e+00
1649 0.000000000000e+00
1650 0.000000000000e+00
1651 1.136265979284e+01
1652 4.462533035886e+00
1653 0.000000000000e+00
1654 9.476628005633e+00
1655 4.428875546185e+00
1656 0.000000000000e+00
1657 0.000000000000e+00
1658 3.859218295869e+00
1659 8.989619844718e+00
1660 0.000000000000e+00
1661 0.000000000000e+00
1662 1.627226414064e+00
1663 0.000000000000e+00
1664 4.615326274370e+00
1665 6.463802468513e+00
1666 1.077998675854e+01
1667 3.910673054717e+00
1668 0.000000000000e+00
1669 0.000000000000e+00
1670 0.000000000000e+00
1671 0.000000000000e+00
1672 0.000000000000e+00
1673 0.000000000000e+00
1674 0.000000000000e+00
1675 9.554451879911e-01
1676 8.190578482894e-01
1677 3.161212803535e+00
1678 0.000000000000e+00
1679 0.000000000000e+00
1680 0.000000000000e+00
1681 2.981777410795e+00
1682 6.844161904512e+00
1683 3.284293835586e+00
1684 6.836867864823e+00
1685 7.162609234086e+00
1686 2.240702988472e+01
1687 6.165734264736e+00
1688 0.000000000000e+00
1689 0.000000000000e+00
1690 0.000000000000e+00
1691 0.000000000000e+00
1692 0.000000000000e+00
1693 0.000000000000e+00
1694 4.361204575282e+00
1695 4.367942047261e+00
1696 0.000000000000e+00
1697 0.000000000000e+00
1698 1.373972924066e+00
1699 0.000000000000e+00
