17.043000 53.542000 26.771000 1.824000
17.618000 52.685000 25.691000 1.908000
16.636000 51.637000 25.159000 1.908000
16.245000 50.712000 25.872000 1.661200
18.891000 51.956000 26.178000 1.908000
19.290000 50.870000 25.191000 1.908000
20.024000 52.948000 26.330000 1.908000
19.651000 53.857000 26.520000 1.487000
16.431000 54.212000 26.358000 0.600000
16.539000 52.963000 27.407000 0.600000
18.669000 51.505000 27.036000 1.487000
19.552000 51.288000 24.321000 1.487000
20.064000 50.353000 25.557000 1.487000
18.518000 50.252000 25.043000 1.487000
17.788000 54.005000 27.245000 0.600000
20.616000 52.668000 27.086000 1.487000
20.559000 52.979000 25.485000 1.487000
17.872000 53.297000 24.926000 1.100000
16.245000 51.793000 23.901000 1.824000
15.336000 50.856000 23.248000 1.908000
16.162000 50.087000 22.229000 1.908000
16.570000 50.648000 21.209000 1.661200
14.211000 51.594000 22.491000 1.908000
13.413000 52.471000 23.457000 1.908000
13.304000 50.586000 21.799000 1.908000
12.381000 53.354000 22.773000 1.908000
15.060000 50.205000 23.941000 1.387000
12.603000 51.079000 21.288000 1.487000
13.853000 50.031000 21.177000 1.487000
14.635000 52.185000 21.815000 1.487000
12.947000 51.880000 24.112000 1.487000
14.053000 53.056000 23.952000 1.487000
11.730000 52.778000 22.284000 1.487000
16.638000 52.632000 23.424000 0.600000
11.903000 53.894000 23.463000 1.487000
12.878000 50.006000 22.491000 1.487000
12.844000 53.961000 22.130000 1.487000
16.408000 48.806000 22.496000 1.824000
17.211000 47.997000 21.582000 1.908000
16.718000 46.567000 21.361000 1.908000
17.512000 45.682000 21.038000 1.661200
18.668000 47.967000 22.054000 1.908000
18.874000 47.102000 23.289000 1.908000
17.183000 48.462000 20.671000 1.387000
15.997000 48.450000 23.371000 0.600000
18.948000 48.899000 22.270000 1.487000
19.231000 47.604000 21.316000 1.487000
17.942000 46.863000 24.053000 1.661200
20.109000 46.646000 23.496000 1.824000
20.304000 46.071000 24.285000 0.600000
20.841000 46.885000 22.856000 0.600000
15.417000 46.343000 21.540000 1.824000
14.821000 45.023000 21.325000 1.908000
14.101000 45.020000 19.969000 1.908000
13.764000 46.083000 19.440000 1.661200
13.804000 44.675000 22.437000 1.908000
12.808000 45.701000 22.516000 1.721000
14.503000 44.545000 23.785000 1.908000
15.550000 44.344000 21.293000 1.387000
15.451000 44.864000 23.708000 1.487000
14.024000 45.099000 24.470000 1.487000
14.870000 47.173000 21.841000 0.600000
13.343000 43.799000 22.194000 1.387000
14.501000 43.586000 24.077000 1.487000
12.645000 46.101000 21.608000 0.600000
13.856000 43.838000 19.406000 1.824000
13.187000 43.743000 18.100000 1.908000
11.848000 44.468000 17.999000 1.908000
11.638000 45.252000 17.075000 1.661200
12.991000 42.276000 17.691000 1.908000
14.242000 41.620000 17.179000 1.908000
14.861000 42.081000 16.017000 1.908000
14.816000 40.558000 17.866000 1.908000
16.037000 41.495000 15.551000 1.908000
15.991000 39.965000 17.407000 1.908000
16.604000 40.435000 16.248000 1.908000
17.446000 40.015000 15.919000 1.459000
13.811000 44.184000 17.423000 1.387000
16.466000 41.844000 14.712000 1.459000
16.394000 39.191000 17.920000 1.459000
14.167000 43.017000 19.948000 0.600000
14.384000 40.214000 18.699000 1.459000
14.462000 42.839000 15.511000 1.459000
12.315000 42.253000 16.971000 1.487000
12.688000 41.780000 18.489000 1.487000
10.942000 44.213000 18.938000 1.824000
9.638000 44.854000 18.887000 1.908000
9.645000 46.297000 19.375000 1.908000
8.802000 47.102000 18.958000 1.661200
8.613000 44.030000 19.669000 1.908000
8.259000 42.727000 18.966000 1.908000
7.720000 42.784000 17.844000 1.661200
8.528000 41.646000 19.527000 1.661200
11.235000 43.552000 19.669000 0.600000
9.351000 44.874000 17.911000 1.387000
7.790000 44.573000 19.766000 1.487000
9.001000 43.816000 20.556000 1.487000
10.587000 46.628000 20.256000 1.824000
10.667000 47.994000 20.751000 1.908000
11.095000 48.928000 19.635000 1.908000
10.513000 49.994000 19.434000 1.661200
11.218000 45.870000 20.538000 0.600000
9.769000 48.278000 21.100000 1.387000
11.333000 48.041000 21.501000 1.387000
12.129000 48.525000 18.908000 1.824000
12.638000 49.310000 17.795000 1.908000
11.667000 49.261000 16.599000 1.908000
11.448000 50.266000 15.926000 1.661200
14.022000 48.788000 17.363000 1.908000
14.561000 49.606000 16.209000 1.908000
14.963000 48.823000 18.544000 1.908000
12.709000 50.270000 18.086000 1.387000
14.206000 49.247000 15.345000 1.487000
15.507000 49.664000 18.515000 1.487000
13.902000 47.856000 17.034000 1.487000
14.277000 50.561000 16.310000 1.487000
15.561000 49.559000 16.199000 1.487000
12.537000 47.613000 19.200000 0.600000
14.435000 48.798000 19.395000 1.487000
15.574000 48.030000 18.510000 1.487000
11.086000 48.090000 16.352000 1.824000
10.146000 47.920000 15.250000 1.908000
8.935000 48.841000 15.405000 1.908000
8.570000 49.549000 14.463000 1.661200
9.694000 46.467000 15.163000 1.908000
11.355000 47.324000 16.999000 0.600000
10.612000 48.149000 14.386000 1.387000
8.706000 46.417000 15.302000 1.487000
9.923000 46.100000 14.262000 1.487000
10.157000 45.931000 15.868000 1.487000
8.310000 48.824000 16.585000 1.824000
7.151000 49.674000 16.842000 1.908000
7.555000 51.141000 16.756000 1.908000
6.802000 51.982000 16.255000 1.661200
6.556000 49.427000 18.244000 1.908000
5.969000 48.030000 18.412000 1.908000
5.388000 47.495000 17.446000 1.661200
6.072000 47.476000 19.528000 1.661200
8.711000 48.172000 17.281000 0.600000
6.490000 49.507000 16.107000 1.387000
5.837000 50.096000 18.390000 1.487000
7.285000 49.549000 18.908000 1.487000
8.743000 51.451000 17.264000 1.824000
9.224000 52.822000 17.249000 1.908000
9.426000 53.304000 15.813000 1.908000
9.070000 54.434000 15.488000 1.661200
10.526000 52.936000 18.052000 1.908000
10.927000 54.361000 18.396000 1.908000
11.511000 55.200000 17.440000 1.908000
10.745000 54.862000 19.684000 1.908000
11.914000 56.504000 17.768000 1.908000
11.142000 56.164000 20.019000 1.908000
11.728000 56.971000 19.056000 1.908000
12.166000 58.227000 19.395000 1.721000
8.530000 53.410000 17.678000 1.387000
12.330000 57.084000 17.070000 1.459000
11.002000 56.503000 20.946000 1.459000
9.274000 50.656000 17.657000 0.600000
10.325000 54.289000 20.382000 1.459000
11.646000 54.870000 16.508000 1.459000
11.262000 52.530000 17.514000 1.487000
10.412000 52.432000 18.905000 1.487000
13.123000 58.326000 19.126000 0.600000
9.987000 52.449000 14.958000 1.824000
10.202000 52.808000 13.554000 1.908000
8.870000 53.094000 12.843000 1.908000
8.761000 54.040000 12.062000 1.661200
10.938000 51.685000 12.812000 1.908000
12.447000 51.568000 13.020000 1.908000
12.944000 50.231000 12.485000 1.908000
13.142000 52.735000 12.321000 1.908000
12.815000 53.596000 12.708000 1.487000
14.129000 52.662000 12.455000 1.487000
12.934000 52.708000 11.344000 1.487000
10.250000 51.534000 15.361000 0.600000
12.741000 50.166000 11.508000 1.487000
13.932000 50.162000 12.625000 1.487000
12.486000 49.486000 12.971000 1.487000
10.762000 53.642000 13.518000 1.387000
12.647000 51.629000 13.995000 1.487000
10.781000 51.816000 11.831000 1.487000
10.529000 50.815000 13.098000 1.487000
7.864000 52.275000 13.124000 1.824000
6.548000 52.438000 12.510000 1.908000
5.809000 53.682000 12.987000 1.908000
5.114000 54.334000 12.212000 1.661200
5.663000 51.235000 12.815000 1.908000
6.112000 49.917000 12.243000 1.908000
5.112000 48.829000 12.564000 1.908000
6.186000 49.998000 11.256000 1.487000
6.683000 52.525000 11.507000 1.387000
6.988000 49.670000 12.640000 1.487000
8.088000 51.523000 13.804000 0.600000
4.730000 51.429000 12.467000 1.487000
5.595000 51.136000 13.821000 1.487000
4.966000 48.382000 10.597000 0.600000
4.756000 48.613000 13.732000 1.661200
4.645000 48.139000 11.532000 1.824000
3.976000 47.379000 11.670000 0.600000
5.950000 53.985000 14.274000 1.824000
5.281000 55.121000 14.893000 1.908000
5.960000 56.472000 14.682000 1.908000
5.287000 57.492000 14.553000 1.661200
5.154000 54.903000 16.404000 1.908000
4.495000 53.656000 16.649000 1.721000
4.364000 56.031000 17.041000 1.908000
4.333000 55.182000 14.509000 1.387000
3.441000 55.713000 17.274000 1.487000
4.824000 56.341000 17.878000 1.487000
6.581000 53.338000 14.801000 0.600000
6.088000 54.854000 16.812000 1.387000
4.292000 56.802000 16.402000 1.487000
5.135000 52.891000 16.523000 0.600000
7.285000 56.490000 14.636000 1.824000
7.987000 57.756000 14.485000 1.908000
8.851000 57.881000 13.237000 1.908000
9.543000 58.887000 13.044000 1.661200
8.822000 57.989000 15.740000 1.908000
7.995000 57.839000 16.990000 1.908000
7.015000 58.775000 17.316000 1.908000
8.163000 56.741000 17.833000 1.908000
6.225000 58.620000 18.458000 1.908000
7.381000 56.576000 18.965000 1.908000
6.417000 57.518000 19.277000 1.908000
5.662000 57.364000 20.419000 1.721000
7.286000 58.505000 14.456000 1.387000
5.527000 59.300000 18.679000 1.459000
7.513000 55.778000 19.556000 1.459000
7.748000 55.577000 14.713000 0.600000
8.861000 56.060000 17.614000 1.459000
6.872000 59.570000 16.728000 1.459000
9.181000 58.909000 15.711000 1.487000
9.548000 57.319000 15.762000 1.487000
4.999000 56.632000 20.276000 0.600000
8.801000 56.860000 12.387000 1.824000
9.567000 56.844000 11.149000 1.908000
11.036000 57.190000 11.331000 1.908000
11.622000 57.914000 10.529000 1.661200
8.923000 57.782000 10.125000 1.908000
7.680000 57.222000 9.501000 1.908000
7.167000 55.986000 9.835000 1.824000
6.827000 57.749000 8.589000 1.908000
6.050000 55.778000 9.159000 1.908000
5.821000 56.833000 8.397000 1.824000
7.577000 55.349000 10.487000 0.600000
6.912000 58.635000 8.142000 1.409000
8.173000 56.082000 12.682000 0.600000
5.479000 54.965000 9.213000 1.359000
9.509000 55.907000 10.751000 1.387000
9.585000 57.971000 9.393000 1.487000
8.687000 58.648000 10.577000 1.487000
11.627000 56.651000 12.392000 1.824000
13.037000 56.869000 12.690000 1.908000
13.486000 55.922000 13.804000 1.908000
12.659000 55.324000 14.481000 1.661200
13.267000 58.327000 13.094000 1.908000
12.426000 58.806000 14.266000 1.908000
12.758000 60.247000 14.611000 1.908000
12.063000 60.687000 15.887000 1.908000
10.570000 60.649000 15.775000 1.824000
13.580000 56.677000 11.869000 1.387000
12.347000 60.083000 16.641000 1.100000
12.348000 61.627000 16.109000 1.100000
11.461000 58.745000 14.021000 1.487000
12.612000 58.231000 15.059000 1.487000
10.243000 61.537000 15.456000 0.600000
10.309000 59.939000 15.124000 0.600000
10.180000 60.447000 16.671000 0.600000
12.457000 60.835000 13.867000 1.487000
13.741000 60.329000 14.740000 1.487000
11.002000 56.065000 12.986000 0.600000
13.061000 58.905000 12.302000 1.487000
14.233000 58.434000 13.336000 1.487000
14.793000 55.762000 13.973000 1.824000
15.317000 54.889000 15.026000 1.908000
15.320000 55.638000 16.344000 1.908000
15.312000 56.870000 16.355000 1.661200
16.762000 54.475000 14.725000 1.908000
17.061000 53.478000 13.609000 1.908000
18.568000 53.393000 13.376000 1.908000
16.497000 52.120000 13.992000 1.908000
15.507000 52.191000 14.122000 1.487000
16.689000 51.459000 13.265000 1.487000
16.921000 51.808000 14.843000 1.487000
15.392000 56.290000 13.318000 0.600000
19.017000 53.092000 14.216000 1.487000
18.754000 52.738000 12.644000 1.487000
18.915000 54.293000 13.116000 1.487000
14.714000 54.095000 15.108000 1.387000
16.615000 53.781000 12.771000 1.487000
17.150000 54.091000 15.579000 1.487000
17.280000 55.322000 14.514000 1.487000
15.323000 54.906000 17.474000 1.824000
15.342000 55.520000 18.808000 1.908000
16.640000 56.326000 18.919000 1.908000
17.536000 56.152000 18.098000 1.661200
15.333000 54.310000 19.748000 1.908000
14.577000 53.290000 18.964000 1.908000
15.131000 53.449000 17.573000 1.908000
14.752000 52.374000 19.315000 1.487000
14.552000 56.098000 18.948000 1.387000
14.484000 53.132000 16.883000 1.387000
16.000000 52.973000 17.469000 1.387000
13.600000 53.483000 18.983000 1.487000
14.866000 54.529000 20.599000 1.487000
16.262000 54.003000 19.936000 1.487000
16.756000 57.183000 19.929000 1.824000
17.961000 58.006000 20.070000 1.908000
19.248000 57.271000 20.430000 1.908000
20.339000 57.819000 20.268000 1.661200
17.739000 59.120000 21.094000 1.908000
16.699000 60.124000 20.649000 1.908000
16.475000 60.261000 19.424000 1.661200
16.113000 60.792000 21.530000 1.661200
15.959000 57.218000 20.578000 0.600000
18.120000 58.454000 19.159000 1.387000
18.604000 59.590000 21.228000 1.487000
17.438000 58.700000 21.943000 1.487000
19.141000 56.045000 20.921000 1.824000
20.337000 55.300000 21.295000 1.908000
21.078000 54.680000 20.102000 1.908000
21.929000 53.812000 20.281000 1.661200
19.971000 54.213000 22.311000 1.908000
18.782000 53.379000 21.868000 1.908000
20.980000 55.959000 21.725000 1.387000
18.183000 55.682000 21.011000 0.600000
19.746000 54.654000 23.175000 1.487000
20.756000 53.612000 22.424000 1.487000
17.634000 53.823000 21.933000 1.661200
19.054000 52.168000 21.401000 1.824000
18.314000 51.571000 21.088000 0.600000
20.002000 51.847000 21.361000 0.600000
20.760000 55.131000 18.891000 1.824000
21.404000 54.609000 17.677000 1.908000
22.250000 55.625000 16.920000 1.908000
21.835000 56.760000 16.722000 1.661200
20.354000 54.059000 16.709000 1.908000
19.805000 52.716000 17.108000 1.908000
20.507000 51.544000 16.822000 1.908000
18.600000 52.616000 17.801000 1.908000
20.025000 50.299000 17.216000 1.908000
18.108000 51.377000 18.207000 1.908000
18.823000 50.225000 17.910000 1.908000
18.334000 49.005000 18.301000 1.721000
22.011000 53.837000 17.955000 1.387000
20.537000 49.470000 17.004000 1.459000
17.247000 51.319000 18.708000 1.459000
20.032000 55.869000 18.875000 0.600000
18.083000 53.441000 18.011000 1.459000
21.374000 51.598000 16.323000 1.459000
20.776000 53.972000 15.810000 1.487000
19.599000 54.709000 16.668000 1.487000
18.968000 48.288000 18.014000 0.600000
23.435000 55.197000 16.489000 1.824000
24.332000 56.052000 15.720000 1.908000
24.933000 55.227000 14.580000 1.908000
25.135000 54.019000 14.719000 1.661200
25.467000 56.660000 16.617000 1.908000
26.516000 55.605000 16.999000 1.908000
24.849000 57.295000 17.853000 1.908000
25.998000 54.432000 17.780000 1.908000
23.763000 56.749000 15.294000 1.387000
25.569000 57.735000 18.386000 1.487000
24.175000 57.973000 17.566000 1.487000
25.917000 57.370000 16.083000 1.487000
26.946000 55.274000 16.151000 1.487000
27.232000 56.066000 17.538000 1.487000
25.300000 53.953000 17.246000 1.487000
23.661000 54.214000 16.745000 0.600000
26.750000 53.803000 17.981000 1.487000
24.408000 56.584000 18.397000 1.487000
25.595000 54.750000 18.639000 1.487000
25.199000 55.872000 13.450000 1.824000
25.761000 55.185000 12.287000 1.908000
27.214000 54.790000 12.517000 1.908000
27.820000 55.192000 13.507000 1.661200
25.690000 56.066000 11.033000 1.908000
26.575000 57.184000 11.181000 1.721000
24.269000 56.568000 10.817000 1.908000
25.225000 54.345000 12.124000 1.387000
23.824000 56.030000 10.097000 1.487000
23.744000 56.478000 11.667000 1.487000
24.978000 56.886000 13.462000 0.600000
26.000000 55.521000 10.227000 1.387000
24.287000 57.532000 10.542000 1.487000
26.157000 57.885000 11.768000 0.600000
27.761000 53.991000 11.605000 1.824000
29.147000 53.536000 11.708000 1.908000
30.124000 54.707000 11.633000 1.908000
31.126000 54.732000 12.348000 1.661200
29.472000 52.535000 10.595000 1.908000
28.740000 51.200000 10.701000 1.908000
28.797000 50.443000 9.384000 1.908000
27.943000 49.182000 9.404000 1.908000
27.773000 48.628000 8.022000 1.824000
29.271000 53.069000 12.593000 1.387000
28.387000 48.496000 9.977000 1.100000
27.044000 49.402000 9.779000 1.100000
29.173000 50.649000 11.411000 1.487000
27.786000 51.371000 10.937000 1.487000
27.616000 49.381000 7.386000 0.600000
28.601000 48.133000 7.765000 0.600000
26.991000 48.008000 8.013000 0.600000
29.743000 50.181000 9.202000 1.487000
28.464000 51.038000 8.655000 1.487000
27.129000 53.722000 10.825000 0.600000
30.456000 52.354000 10.616000 1.487000
29.232000 52.954000 9.719000 1.487000
29.834000 55.678000 10.774000 1.824000
30.719000 56.831000 10.639000 1.908000
30.662000 57.726000 11.882000 1.908000
31.679000 58.279000 12.300000 1.661200
30.368000 57.639000 9.384000 1.908000
29.120000 58.293000 9.527000 1.721000
28.967000 55.551000 10.235000 0.600000
31.663000 56.493000 10.549000 1.387000
30.322000 57.017000 8.607000 1.387000
31.078000 58.321000 9.235000 1.387000
28.556000 57.795000 10.185000 0.600000
29.477000 57.863000 12.474000 1.824000
29.318000 58.682000 13.677000 1.908000
30.066000 58.038000 14.835000 1.908000
30.742000 58.717000 15.609000 1.661200
27.840000 58.828000 14.039000 1.908000
27.001000 59.455000 12.933000 1.908000
25.527000 59.535000 13.282000 1.908000
24.958000 58.509000 13.712000 1.661200
24.936000 60.621000 13.114000 1.661200
27.323000 60.372000 12.786000 1.487000
29.681000 59.600000 13.509000 1.387000
27.086000 58.898000 12.127000 1.487000
28.699000 57.354000 12.022000 0.600000
27.779000 59.412000 14.825000 1.487000
27.482000 57.929000 14.210000 1.487000
29.944000 56.720000 14.952000 1.824000
30.624000 55.999000 16.011000 1.908000
32.131000 56.183000 15.848000 1.908000
32.852000 56.398000 16.822000 1.661200
30.264000 54.526000 15.956000 1.908000
29.340000 56.271000 14.242000 0.600000
30.352000 56.379000 16.895000 1.387000
29.364000 54.384000 16.370000 1.487000
30.241000 54.220000 15.004000 1.487000
30.947000 53.994000 16.458000 1.487000
32.597000 56.112000 14.607000 1.824000
34.017000 56.266000 14.318000 1.908000
34.521000 57.651000 14.700000 1.908000
35.596000 57.792000 15.285000 1.661200
34.289000 56.012000 12.840000 1.908000
35.398000 55.009000 12.622000 1.908000
35.623000 54.679000 11.165000 1.908000
36.250000 55.382000 12.999000 1.487000
34.523000 55.591000 14.873000 1.387000
35.169000 54.162000 13.110000 1.487000
31.879000 55.941000 13.878000 0.600000
34.553000 56.872000 12.409000 1.487000
33.459000 55.660000 12.416000 1.487000
34.879000 52.823000 11.466000 0.600000
36.111000 55.508000 10.400000 1.661200
35.265000 53.460000 10.772000 1.824000
35.375000 53.171000 9.801000 0.600000
33.744000 58.671000 14.363000 1.824000
34.114000 60.039000 14.690000 1.908000
34.252000 60.177000 16.208000 1.908000
34.891000 61.109000 16.704000 1.661200
33.056000 61.011000 14.161000 1.908000
32.875000 58.415000 13.861000 0.600000
34.998000 60.249000 14.271000 1.387000
32.183000 60.824000 14.608000 1.487000
33.341000 61.947000 14.358000 1.487000
32.960000 60.890000 13.175000 1.487000
33.659000 59.242000 16.946000 1.824000
33.725000 59.277000 18.401000 1.908000
34.856000 58.420000 18.966000 1.908000
35.013000 58.309000 20.184000 1.661200
32.381000 58.843000 18.999000 1.908000
31.194000 59.764000 18.683000 1.908000
29.912000 59.191000 19.272000 1.908000
31.466000 61.153000 19.240000 1.908000
32.295000 61.525000 18.823000 1.487000
30.693000 61.754000 19.035000 1.487000
31.589000 61.099000 20.231000 1.487000
33.162000 58.510000 16.410000 0.600000
30.007000 59.110000 20.264000 1.487000
29.146000 59.799000 19.060000 1.487000
29.738000 58.288000 18.879000 1.487000
33.879000 60.236000 18.694000 1.387000
31.100000 59.841000 17.693000 1.487000
32.480000 58.815000 19.984000 1.487000
32.162000 57.945000 18.639000 1.487000
35.644000 57.814000 18.083000 1.824000
36.753000 56.994000 18.540000 1.908000
36.551000 55.495000 18.440000 1.908000
37.436000 54.730000 18.802000 1.661200
35.407000 57.972000 17.095000 0.600000
37.598000 57.252000 18.012000 1.387000
36.967000 57.237000 19.517000 1.387000
35.398000 55.063000 17.940000 1.824000
35.108000 53.634000 17.815000 1.908000
36.041000 52.892000 16.862000 1.908000
36.309000 53.346000 15.750000 1.661200
33.651000 53.427000 17.365000 1.908000
33.254000 51.977000 17.179000 1.908000
33.376000 50.969000 18.094000 1.908000
32.649000 51.390000 16.015000 1.908000
32.885000 49.794000 17.574000 1.824000
32.433000 50.022000 16.301000 1.908000
32.268000 51.888000 14.758000 1.908000
31.851000 49.143000 15.375000 1.908000
31.690000 51.015000 13.836000 1.908000
31.488000 49.658000 14.151000 1.908000
31.071000 49.064000 13.465000 1.459000
35.221000 53.218000 18.737000 1.387000
32.861000 48.914000 18.048000 0.600000
32.404000 52.845000 14.523000 1.459000
31.420000 51.361000 12.946000 1.459000
31.713000 48.180000 15.612000 1.459000
33.765000 51.068000 19.008000 1.409000
34.737000 55.807000 17.653000 0.600000
33.516000 53.880000 16.491000 1.487000
33.044000 53.808000 18.053000 1.487000
36.539000 51.748000 17.320000 1.824000
37.416000 50.893000 16.525000 1.908000
36.834000 49.491000 16.646000 1.908000
37.107000 48.786000 17.616000 1.661200
38.863000 50.864000 17.075000 1.908000
39.715000 49.905000 16.245000 1.908000
39.464000 52.259000 17.052000 1.908000
37.352000 51.173000 15.581000 1.387000
40.472000 50.409000 15.830000 1.487000
39.982000 52.383000 16.205000 1.487000
38.827000 50.498000 17.995000 1.487000
40.076000 49.186000 16.837000 1.487000
39.151000 49.497000 15.528000 1.487000
36.250000 51.513000 18.297000 0.600000
38.730000 52.937000 17.098000 1.487000
40.074000 52.370000 17.837000 1.487000
36.027000 49.099000 15.665000 1.824000
35.379000 47.790000 15.663000 1.908000
36.238000 46.669000 16.257000 1.908000
35.782000 45.926000 17.131000 1.661200
34.955000 47.427000 14.240000 1.908000
35.898000 49.800000 14.904000 0.600000
34.519000 47.853000 16.206000 1.387000
34.000000 47.685000 14.103000 1.487000
35.531000 47.917000 13.588000 1.487000
35.059000 46.443000 14.105000 1.487000
37.480000 46.557000 15.790000 1.824000
38.395000 45.519000 16.265000 1.908000
38.730000 45.640000 17.758000 1.908000
39.294000 44.722000 18.350000 1.661200
39.683000 45.544000 15.435000 1.908000
40.252000 46.841000 15.416000 1.721000
37.739000 47.260000 15.070000 0.600000
37.948000 44.619000 16.124000 1.387000
39.467000 45.270000 14.503000 1.387000
40.335000 44.908000 15.837000 1.387000
39.826000 47.403000 16.124000 0.600000
38.392000 46.776000 18.357000 1.824000
38.631000 46.982000 19.781000 1.908000
37.369000 46.643000 20.579000 1.908000
37.447000 46.285000 21.752000 1.661200
39.012000 48.437000 20.071000 1.908000
40.408000 48.861000 19.646000 1.908000
40.640000 50.320000 20.033000 1.908000
42.048000 50.785000 19.713000 1.908000
42.371000 50.672000 18.261000 1.824000
39.371000 46.375000 20.081000 1.387000
42.148000 51.746000 19.996000 1.100000
42.704000 50.230000 20.238000 1.100000
41.078000 48.296000 20.111000 1.487000
40.494000 48.773000 18.662000 1.487000
41.963000 51.442000 17.772000 0.600000
43.363000 50.685000 18.142000 0.600000
42.001000 49.814000 17.907000 0.600000
40.486000 50.418000 21.014000 1.487000
39.992000 50.889000 19.530000 1.487000
37.955000 47.485000 17.740000 0.600000
38.926000 48.588000 21.064000 1.487000
38.347000 49.031000 19.603000 1.487000
36.207000 46.765000 19.943000 1.824000
34.961000 46.482000 20.635000 1.908000
34.744000 47.494000 21.740000 1.908000
34.235000 47.166000 22.816000 1.661200
36.270000 47.065000 18.960000 0.600000
34.197000 46.526000 19.985000 1.387000
34.996000 45.559000 21.028000 1.387000
35.112000 48.739000 21.452000 1.824000
35.010000 49.835000 22.409000 1.908000
33.817000 50.776000 22.242000 1.908000
33.791000 51.837000 22.863000 1.661200
36.300000 50.659000 22.358000 1.908000
36.517000 51.314000 21.003000 1.908000
34.921000 49.410000 23.340000 1.387000
35.481000 48.864000 20.481000 0.600000
37.067000 50.054000 22.544000 1.487000
36.246000 51.372000 23.049000 1.487000
35.913000 50.916000 20.003000 1.661200
37.392000 52.313000 20.960000 1.824000
37.573000 52.786000 20.100000 0.600000
37.872000 52.592000 21.794000 0.600000
32.833000 50.402000 21.424000 1.824000
31.664000 51.264000 21.205000 1.908000
31.047000 51.797000 22.500000 1.908000
30.777000 52.996000 22.621000 1.661200
30.575000 50.527000 20.409000 1.908000
29.295000 51.338000 20.130000 1.908000
29.649000 52.541000 19.267000 1.908000
28.234000 50.476000 19.431000 1.908000
28.002000 49.702000 20.017000 1.487000
27.420000 51.028000 19.265000 1.487000
28.600000 50.145000 18.564000 1.487000
32.959000 49.484000 20.972000 0.600000
30.045000 52.228000 18.403000 1.487000
28.823000 53.074000 19.081000 1.487000
30.313000 53.114000 19.748000 1.487000
31.956000 52.057000 20.642000 1.387000
28.917000 51.646000 20.994000 1.487000
30.309000 49.725000 20.926000 1.487000
30.959000 50.272000 19.531000 1.487000
30.819000 50.901000 23.459000 1.824000
30.215000 51.277000 24.735000 1.908000
31.122000 52.215000 25.522000 1.908000
30.650000 53.028000 26.315000 1.661200
29.906000 50.036000 25.555000 1.908000
31.103000 49.930000 23.224000 0.600000
29.343000 51.750000 24.553000 1.387000
30.588000 49.330000 25.365000 1.487000
29.928000 50.263000 26.529000 1.487000
28.998000 49.693000 25.315000 1.487000
32.425000 52.103000 25.300000 1.824000
33.364000 52.968000 25.995000 1.908000
33.343000 54.364000 25.371000 1.908000
33.339000 55.360000 26.086000 1.661200
34.777000 52.370000 25.954000 1.908000
34.860000 51.018000 26.657000 1.908000
34.418000 50.914000 27.821000 1.661200
35.368000 50.054000 26.050000 1.661200
32.699000 51.379000 24.620000 0.600000
33.041000 53.067000 26.939000 1.387000
35.391000 53.001000 26.407000 1.487000
35.032000 52.249000 25.004000 1.487000
33.300000 54.434000 24.042000 1.824000
33.277000 55.718000 23.349000 1.908000
31.897000 56.375000 23.277000 1.908000
31.802000 57.596000 23.163000 1.661200
33.824000 55.601000 21.904000 1.908000
35.303000 55.247000 21.936000 1.908000
33.040000 54.556000 21.124000 1.908000
33.896000 56.356000 23.849000 1.387000
35.408000 54.255000 22.008000 1.487000
33.551000 54.306000 20.302000 1.487000
33.745000 56.495000 21.482000 1.487000
35.742000 55.567000 21.096000 1.487000
35.735000 55.685000 22.724000 1.487000
33.285000 53.519000 23.556000 0.600000
32.907000 53.747000 21.697000 1.487000
32.151000 54.935000 20.866000 1.487000
30.833000 55.579000 23.323000 1.824000
29.481000 56.133000 23.274000 1.908000
28.525000 55.272000 24.090000 1.908000
27.764000 54.468000 23.542000 1.661200
28.995000 56.240000 21.825000 1.908000
31.038000 54.570000 23.394000 0.600000
29.496000 57.058000 23.667000 1.387000
28.719000 55.337000 21.503000 1.487000
28.217000 56.864000 21.784000 1.487000
29.736000 56.588000 21.254000 1.487000
28.550000 55.440000 25.425000 1.824000
27.700000 54.693000 26.356000 1.908000
26.238000 54.616000 25.923000 1.908000
25.653000 55.617000 25.507000 1.661200
27.874000 55.465000 27.662000 1.908000
29.287000 55.929000 27.573000 1.908000
29.362000 56.433000 26.156000 1.908000
29.461000 56.661000 28.220000 1.487000
28.075000 53.758000 26.508000 1.387000
30.299000 56.436000 25.818000 1.387000
28.964000 57.341000 26.069000 1.387000
29.916000 55.176000 27.716000 1.487000
27.740000 54.868000 28.447000 1.487000
27.245000 56.235000 27.704000 1.487000
25.668000 53.416000 26.019000 1.824000
24.273000 53.211000 25.672000 1.908000
23.942000 53.271000 24.193000 1.908000
22.785000 53.104000 23.804000 1.661200
26.296000 52.662000 26.356000 0.600000
23.967000 52.301000 26.045000 1.387000
23.700000 53.907000 26.170000 1.387000
24.945000 53.506000 23.359000 1.824000
24.709000 53.577000 21.929000 1.908000
24.902000 52.223000 21.253000 1.908000
25.608000 51.355000 21.765000 1.661200
25.655000 54.599000 21.292000 1.908000
25.521000 56.001000 21.848000 1.908000
24.137000 56.570000 21.606000 1.908000
24.068000 58.019000 22.056000 1.908000
22.727000 58.621000 21.863000 1.824000
23.758000 53.883000 21.766000 1.387000
24.315000 58.067000 23.033000 1.100000
24.749000 58.553000 21.536000 1.100000
25.695000 55.981000 22.835000 1.487000
26.197000 56.595000 21.408000 1.487000
22.758000 59.269000 21.101000 0.600000
22.063000 57.901000 21.660000 0.600000
22.453000 59.101000 22.697000 0.600000
23.475000 56.045000 22.126000 1.487000
23.936000 56.530000 20.635000 1.487000
25.869000 53.629000 23.800000 0.600000
25.464000 54.627000 20.311000 1.487000
26.593000 54.287000 21.441000 1.487000
24.252000 52.056000 20.103000 1.824000
24.358000 50.843000 19.287000 1.908000
24.459000 51.303000 17.828000 1.908000
23.911000 52.345000 17.461000 1.661200
23.112000 49.962000 19.428000 1.908000
22.886000 49.567000 20.763000 1.721000
23.653000 52.871000 19.827000 0.600000
25.202000 50.384000 19.520000 1.387000
23.234000 49.146000 18.861000 1.387000
22.319000 50.477000 19.100000 1.387000
23.580000 49.975000 21.357000 0.600000
25.161000 50.537000 17.003000 1.824000
25.285000 50.881000 15.594000 1.908000
23.919000 50.650000 14.916000 1.908000
23.232000 49.673000 15.208000 1.661200
26.352000 50.002000 14.917000 1.908000
27.707000 50.221000 15.602000 1.908000
26.439000 50.326000 13.423000 1.908000
28.225000 51.653000 15.485000 1.908000
25.453000 51.860000 15.551000 1.387000
27.118000 49.727000 13.006000 1.487000
25.545000 50.173000 13.011000 1.487000
26.095000 49.054000 15.043000 1.487000
27.616000 49.992000 16.566000 1.487000
28.373000 49.609000 15.183000 1.487000
27.568000 52.271000 15.909000 1.487000
25.596000 49.705000 17.434000 0.600000
29.104000 51.719000 15.951000 1.487000
26.709000 51.280000 13.319000 1.487000
28.333000 51.881000 14.521000 1.487000
23.529000 51.553000 14.026000 1.824000
22.259000 51.420000 13.336000 1.908000
21.953000 52.645000 12.498000 1.908000
22.455000 53.739000 12.772000 1.661200
24.190000 52.334000 13.874000 0.600000
22.283000 50.605000 12.740000 1.387000
21.521000 51.285000 14.012000 1.387000
21.142000 52.470000 11.463000 1.824000
20.791000 53.596000 10.620000 1.908000
21.433000 53.613000 9.247000 1.908000
20.995000 54.354000 8.377000 1.661200
20.803000 51.510000 11.322000 0.600000
19.769000 53.626000 10.509000 1.387000
21.030000 54.468000 11.110000 1.387000
22.467000 52.803000 9.045000 1.824000
23.154000 52.742000 7.757000 1.908000
22.358000 52.006000 6.689000 1.908000
21.572000 51.116000 6.996000 1.661200
24.508000 52.051000 7.907000 1.908000
25.534000 52.923000 8.607000 1.908000
25.933000 53.951000 8.020000 1.661200
25.933000 52.583000 9.736000 1.661200
22.739000 52.228000 9.866000 0.600000
23.269000 53.698000 7.436000 1.387000
24.844000 51.829000 7.000000 1.487000
24.375000 51.224000 8.441000 1.487000
22.590000 52.385000 5.433000 1.824000
21.928000 51.771000 4.294000 1.908000
22.271000 50.281000 4.214000 1.908000
23.429000 49.880000 4.388000 1.661200
22.354000 52.456000 2.958000 1.908000
21.548000 53.737000 2.736000 1.908000
22.137000 51.521000 1.778000 1.908000
21.963000 54.884000 3.614000 1.908000
20.943000 51.825000 4.472000 1.387000
22.444000 51.975000 0.944000 1.487000
22.664000 50.686000 1.925000 1.487000
23.312000 52.699000 3.041000 1.487000
21.644000 54.005000 1.776000 1.487000
20.583000 53.529000 2.907000 1.487000
22.923000 55.109000 3.442000 1.487000
23.287000 53.159000 5.341000 0.600000
21.395000 55.683000 3.414000 1.487000
21.165000 51.304000 1.711000 1.487000
21.850000 54.630000 4.575000 1.487000
21.253000 49.466000 3.969000 1.824000
21.436000 48.029000 3.828000 1.908000
21.315000 47.724000 2.343000 1.908000
20.268000 47.952000 1.746000 1.661200
20.359000 47.270000 4.591000 1.908000
20.524000 45.780000 4.532000 1.908000
21.600000 45.164000 5.164000 1.908000
19.616000 44.994000 3.835000 1.908000
21.772000 43.778000 5.105000 1.908000
19.777000 43.609000 3.768000 1.908000
20.862000 42.999000 4.408000 1.908000
20.977000 42.011000 4.362000 1.459000
22.370000 47.826000 4.088000 1.387000
22.558000 43.359000 5.570000 1.459000
19.109000 43.051000 3.256000 1.459000
20.328000 49.936000 3.888000 0.600000
18.838000 45.421000 3.376000 1.459000
22.260000 45.712000 5.669000 1.459000
19.484000 47.497000 4.191000 1.487000
20.405000 47.545000 5.539000 1.487000
22.376000 47.206000 1.744000 1.824000
22.356000 46.915000 0.314000 1.908000
21.637000 45.639000 -0.145000 1.908000
21.509000 45.393000 -1.349000 1.661200
23.785000 46.934000 -0.222000 1.908000
24.323000 48.234000 -0.093000 1.721000
23.190000 47.032000 2.354000 0.600000
21.897000 47.710000 -0.160000 1.387000
23.771000 46.681000 -1.180000 1.387000
24.334000 46.300000 0.305000 1.387000
23.580000 48.901000 -0.042000 0.600000
21.175000 44.829000 0.802000 1.824000
20.447000 43.621000 0.455000 1.908000
21.206000 42.903000 -0.666000 1.908000
20.668000 42.659000 -1.742000 1.661200
19.045000 44.043000 0.008000 1.908000
18.090000 42.885000 -0.110000 1.908000
20.467000 43.018000 1.248000 1.387000
21.374000 45.127000 1.771000 0.600000
19.124000 44.490000 -0.882000 1.487000
18.686000 44.691000 0.678000 1.487000
18.292000 41.829000 0.498000 1.661200
17.019000 43.084000 -0.880000 1.824000
16.342000 42.355000 -0.996000 0.600000
16.893000 43.961000 -1.342000 0.600000
22.457000 42.556000 -0.382000 1.824000
23.362000 41.925000 -1.350000 1.908000
23.043000 40.513000 -1.834000 1.908000
23.480000 40.117000 -2.915000 1.661200
24.793000 41.962000 -0.800000 1.908000
25.354000 43.375000 -0.633000 1.908000
26.534000 43.410000 0.327000 1.908000
26.795000 44.770000 0.796000 1.824000
27.328000 45.730000 0.045000 1.908000
27.667000 45.481000 -1.211000 1.824000
27.501000 46.946000 0.541000 1.824000
24.640000 43.971000 -0.272000 1.487000
23.418000 42.544000 -2.182000 1.387000
26.556000 44.994000 1.747000 0.600000
25.662000 43.714000 -1.519000 1.487000
27.916000 47.663000 -0.011000 0.600000
27.210000 47.149000 1.481000 0.600000
22.749000 42.772000 0.603000 0.600000
27.333000 43.068000 -0.154000 1.387000
26.319000 42.830000 1.103000 1.387000
28.088000 46.213000 -1.766000 0.600000
27.510000 44.583000 -1.611000 0.600000
25.383000 41.472000 -1.431000 1.487000
24.796000 41.524000 0.092000 1.487000
22.298000 39.758000 -1.036000 1.824000
21.928000 38.398000 -1.394000 1.908000
20.527000 38.411000 -2.000000 1.908000
20.005000 37.370000 -2.397000 1.661200
21.945000 37.503000 -0.149000 1.908000
23.329000 37.280000 0.474000 1.908000
24.216000 36.374000 -0.370000 1.908000
23.707000 35.830000 -1.368000 1.661200
25.411000 36.195000 -0.036000 1.661200
23.774000 38.151000 0.544000 1.487000
22.575000 38.031000 -2.060000 1.387000
23.205000 36.847000 1.345000 1.487000
22.008000 40.217000 -0.149000 0.600000
21.594000 36.618000 -0.408000 1.487000
21.380000 37.931000 0.538000 1.487000
19.922000 39.594000 -2.055000 1.824000
18.589000 39.726000 -2.615000 1.908000
17.520000 38.978000 -1.839000 1.908000
16.492000 38.579000 -2.400000 1.661200
20.471000 40.385000 -1.675000 0.600000
18.339000 40.714000 -2.658000 1.387000
18.595000 39.392000 -3.579000 1.387000
17.746000 38.797000 -0.541000 1.824000
16.791000 38.076000 0.294000 1.908000
15.578000 38.912000 0.667000 1.908000
14.488000 38.374000 0.824000 1.661200
17.488000 37.540000 1.553000 1.908000
18.497000 36.421000 1.257000 1.908000
19.510000 36.239000 2.387000 1.908000
20.644000 35.294000 1.987000 1.908000
21.825000 35.398000 2.900000 1.824000
16.475000 37.253000 -0.212000 1.387000
20.299000 34.351000 2.003000 1.100000
20.934000 35.515000 1.050000 1.100000
17.997000 35.563000 1.130000 1.487000
18.989000 36.645000 0.414000 1.487000
22.102000 36.354000 2.969000 0.600000
21.573000 35.053000 3.802000 0.600000
22.575000 34.854000 2.528000 0.600000
19.044000 35.855000 3.177000 1.487000
19.902000 37.125000 2.611000 1.487000
18.630000 39.199000 -0.188000 0.600000
16.794000 37.177000 2.164000 1.487000
17.976000 38.289000 1.984000 1.487000
15.751000 40.224000 0.800000 1.824000
14.622000 41.077000 1.141000 1.908000
13.953000 41.593000 -0.138000 1.908000
14.596000 41.755000 -1.178000 1.661200
15.069000 42.254000 2.022000 1.908000
15.825000 41.915000 3.313000 1.908000
16.238000 43.196000 4.021000 1.908000
14.955000 41.069000 4.214000 1.908000
14.708000 40.218000 3.747000 1.487000
15.451000 40.849000 5.056000 1.487000
14.119000 41.569000 4.447000 1.487000
16.709000 40.563000 0.647000 0.600000
15.424000 43.732000 4.247000 1.487000
16.731000 42.970000 4.862000 1.487000
16.833000 43.733000 3.422000 1.487000
13.949000 40.537000 1.650000 1.387000
16.636000 41.385000 3.082000 1.487000
14.252000 42.766000 2.282000 1.487000
15.668000 42.835000 1.471000 1.487000
12.642000 41.838000 -0.074000 1.824000
11.842000 42.333000 -1.201000 1.908000
12.327000 43.680000 -1.760000 1.908000
12.233000 44.719000 -1.095000 1.661200
10.434000 42.412000 -0.609000 1.908000
10.696000 42.690000 0.846000 1.908000
11.827000 41.744000 1.149000 1.908000
10.972000 43.633000 0.975000 1.487000
11.804000 41.638000 -1.943000 1.387000
11.499000 40.813000 1.282000 1.387000
12.349000 42.041000 1.942000 1.387000
9.895000 42.477000 1.389000 1.487000
9.951000 41.550000 -0.723000 1.487000
9.915000 43.154000 -1.023000 1.487000
12.846000 43.646000 -2.983000 1.824000
13.336000 44.851000 -3.621000 1.908000
12.293000 45.477000 -4.525000 1.908000
11.528000 44.778000 -5.188000 1.661200
12.867000 42.708000 -3.423000 0.600000
13.609000 45.521000 -2.913000 1.387000
14.162000 44.633000 -4.165000 1.387000
12.261000 46.803000 -4.551000 1.824000
11.309000 47.533000 -5.380000 1.908000
11.912000 48.879000 -5.765000 1.908000
12.598000 49.520000 -4.966000 1.661200
9.995000 47.732000 -4.608000 1.908000
9.009000 48.674000 -5.271000 1.908000
7.750000 48.880000 -4.427000 1.908000
6.651000 47.875000 -4.761000 1.908000
7.018000 46.462000 -4.449000 1.824000
11.132000 47.009000 -6.213000 1.387000
5.820000 48.120000 -4.242000 1.100000
6.434000 47.948000 -5.745000 1.100000
9.447000 49.565000 -5.412000 1.487000
8.738000 48.298000 -6.160000 1.487000
7.905000 46.254000 -4.859000 0.600000
7.070000 46.346000 -3.458000 0.600000
6.322000 45.851000 -4.823000 0.600000
7.400000 49.799000 -4.593000 1.487000
7.991000 48.778000 -3.464000 1.487000
12.961000 47.269000 -3.940000 0.600000
10.223000 48.095000 -3.703000 1.487000
9.560000 46.837000 -4.506000 1.487000
11.669000 49.307000 -6.996000 1.824000
12.200000 50.580000 -7.461000 1.908000
11.778000 51.678000 -6.492000 1.908000
10.586000 51.840000 -6.211000 1.661200
11.661000 50.889000 -8.855000 1.908000
11.810000 49.769000 -9.712000 1.721000
11.089000 48.678000 -7.576000 0.600000
13.198000 50.527000 -7.450000 1.387000
12.169000 51.656000 -9.234000 1.387000
10.695000 51.116000 -8.785000 1.387000
11.784000 48.930000 -9.171000 0.600000
12.756000 52.420000 -5.975000 1.824000
12.465000 53.497000 -5.045000 1.908000
12.533000 53.127000 -3.573000 1.908000
12.463000 53.998000 -2.705000 1.661200
13.709000 52.166000 -6.287000 0.600000
13.112000 54.276000 -5.222000 1.387000
11.531000 53.873000 -5.250000 1.387000
12.671000 51.839000 -3.278000 1.824000
12.733000 51.397000 -1.892000 1.908000
14.166000 51.202000 -1.429000 1.908000
14.928000 50.481000 -2.057000 1.661200
11.966000 50.081000 -1.721000 1.908000
12.209000 49.357000 -0.392000 1.908000
11.550000 47.964000 -0.392000 1.908000
10.093000 48.063000 -0.432000 1.824000
9.285000 47.133000 -0.935000 1.908000
9.776000 46.019000 -1.454000 1.824000
7.977000 47.322000 -0.916000 1.824000
11.811000 49.881000 0.349000 1.487000
12.297000 52.097000 -1.308000 1.387000
9.668000 48.896000 -0.051000 0.600000
13.183000 49.233000 -0.254000 1.487000
7.362000 46.637000 -1.308000 0.600000
7.594000 48.154000 -0.506000 0.600000
12.728000 51.204000 -4.089000 0.600000
11.831000 47.500000 0.439000 1.387000
11.874000 47.478000 -1.194000 1.387000
9.151000 45.334000 -1.847000 0.600000
10.760000 45.853000 -1.457000 0.600000
12.235000 49.463000 -2.457000 1.487000
10.989000 50.277000 -1.787000 1.487000
14.542000 51.857000 -0.340000 1.824000
15.885000 51.662000 0.179000 1.908000
15.772000 50.981000 1.536000 1.908000
14.804000 51.173000 2.271000 1.661200
16.697000 52.990000 0.278000 1.908000
17.161000 53.184000 1.616000 1.721000
15.888000 54.146000 -0.132000 1.908000
16.384000 51.057000 -0.436000 1.387000
15.392000 53.959000 -0.995000 1.487000
15.200000 54.380000 0.573000 1.487000
13.841000 52.476000 0.077000 0.600000
17.507000 52.916000 -0.339000 1.387000
16.466000 54.963000 -0.281000 1.487000
17.591000 52.343000 1.964000 0.600000
16.747000 50.143000 1.847000 1.824000
16.736000 49.428000 3.101000 1.908000
17.829000 49.953000 4.006000 1.908000
18.860000 50.419000 3.524000 1.661200
16.984000 47.937000 2.877000 1.908000
15.868000 47.185000 2.249000 1.908000
15.724000 46.888000 0.930000 1.908000
14.745000 46.607000 2.922000 1.908000
14.578000 46.154000 0.735000 1.824000
13.955000 45.970000 1.940000 1.908000
14.328000 46.566000 4.258000 1.908000
12.766000 45.296000 2.250000 1.908000
13.142000 45.896000 4.569000 1.908000
12.377000 45.271000 3.564000 1.908000
11.535000 44.802000 3.828000 1.459000
15.856000 49.605000 3.553000 1.387000
14.252000 45.810000 -0.145000 0.600000
14.858000 47.000000 4.978000 1.459000
12.839000 45.864000 5.512000 1.459000
12.233000 44.855000 1.524000 1.459000
16.354000 47.160000 0.204000 1.409000
17.492000 50.051000 1.133000 0.600000
17.174000 47.508000 3.764000 1.487000
17.787000 47.832000 2.285000 1.487000
17.589000 49.865000 5.313000 1.824000
18.561000 50.278000 6.319000 1.908000
18.579000 49.204000 7.400000 1.908000
17.630000 48.423000 7.518000 1.661200
18.179000 51.635000 6.923000 1.908000
18.328000 52.782000 5.950000 1.908000
17.884000 54.121000 6.519000 1.908000
17.982000 55.135000 5.474000 1.824000
19.115000 55.725000 5.103000 1.908000
20.265000 55.426000 5.705000 1.824000
19.103000 56.591000 4.095000 1.824000
17.777000 52.600000 5.128000 1.487000
19.460000 50.327000 5.901000 1.387000
17.134000 55.407000 5.001000 0.600000
19.292000 52.868000 5.676000 1.487000
19.945000 57.053000 3.821000 0.600000
18.249000 56.780000 3.608000 0.600000
16.650000 49.477000 5.553000 0.600000
18.485000 54.354000 7.263000 1.387000
16.948000 54.037000 6.811000 1.387000
21.107000 55.895000 5.424000 0.600000
20.289000 54.741000 6.427000 0.600000
18.772000 51.804000 7.700000 1.487000
17.230000 51.588000 7.210000 1.487000
19.651000 49.159000 8.184000 1.824000
19.763000 48.167000 9.245000 1.908000
20.176000 48.791000 10.574000 1.908000
20.647000 49.924000 10.617000 1.661200
20.773000 47.082000 8.853000 1.908000
22.206000 47.566000 8.670000 1.908000
23.183000 46.417000 8.528000 1.908000
23.193000 45.549000 9.423000 1.661200
23.938000 46.372000 7.531000 1.661200
22.247000 48.097000 7.847000 1.487000
18.877000 47.692000 9.360000 1.387000
22.462000 48.079000 9.465000 1.487000
20.375000 49.868000 7.980000 0.600000
20.477000 46.694000 7.994000 1.487000
20.777000 46.404000 9.572000 1.487000
19.985000 48.040000 11.655000 1.824000
20.342000 48.497000 12.992000 1.908000
20.607000 47.293000 13.900000 1.908000
19.953000 46.252000 13.759000 1.661200
19.218000 49.368000 13.575000 1.908000
19.562000 47.106000 11.464000 0.600000
21.180000 49.044000 12.938000 1.387000
18.337000 49.008000 13.277000 1.487000
19.272000 49.347000 14.571000 1.487000
19.328000 50.304000 13.250000 1.487000
21.570000 47.440000 14.811000 1.824000
21.930000 46.383000 15.752000 1.908000
20.860000 46.218000 16.817000 1.908000
20.301000 47.192000 17.322000 1.661200
23.265000 46.694000 16.437000 1.908000
24.456000 46.440000 15.540000 1.908000
24.283000 46.482000 14.306000 1.661200
25.571000 46.215000 16.066000 1.661200
22.041000 48.371000 14.792000 0.600000
21.967000 45.522000 15.231000 1.387000
23.338000 46.115000 17.241000 1.487000
23.257000 47.653000 16.699000 1.487000
20.593000 44.969000 17.163000 1.824000
19.597000 44.639000 18.166000 1.908000
20.245000 43.826000 19.285000 1.908000
21.117000 42.990000 19.030000 1.661200
18.441000 43.828000 17.523000 1.908000
17.671000 44.731000 16.559000 1.908000
17.502000 43.285000 18.585000 1.908000
17.023000 45.916000 17.241000 1.908000
19.307000 45.504000 18.576000 1.387000
16.779000 42.758000 18.142000 1.487000
18.018000 42.698000 19.207000 1.487000
18.844000 43.090000 17.004000 1.487000
18.302000 45.062000 15.863000 1.487000
16.961000 44.186000 16.120000 1.487000
17.728000 46.472000 17.679000 1.487000
21.156000 44.249000 16.657000 0.600000
16.538000 46.465000 16.562000 1.487000
17.105000 44.050000 19.090000 1.487000
16.378000 45.590000 17.930000 1.487000
19.813000 44.081000 20.519000 1.824000
20.331000 43.385000 21.702000 1.908000
21.799000 43.686000 22.020000 1.908000
22.446000 42.906000 22.724000 1.661200
20.179000 41.858000 21.569000 1.908000
18.738000 41.415000 21.426000 1.908000
19.786000 43.708000 22.498000 1.387000
19.075000 44.818000 20.574000 0.600000
20.566000 41.437000 22.386000 1.487000
20.687000 41.566000 20.762000 1.487000
17.826000 42.012000 21.995000 1.661200
18.529000 40.340000 20.679000 1.824000
17.596000 39.997000 20.539000 0.600000
19.300000 39.866000 20.252000 0.600000
22.329000 44.792000 21.504000 1.824000
23.718000 45.138000 21.785000 1.908000
23.781000 46.034000 23.009000 1.908000
22.968000 46.943000 23.166000 1.661200
24.379000 45.876000 20.609000 1.908000
25.789000 46.350000 20.926000 1.908000
26.880000 45.495000 20.807000 1.908000
26.020000 47.639000 21.407000 1.908000
28.172000 45.910000 21.163000 1.908000
27.306000 48.062000 21.767000 1.908000
28.374000 47.192000 21.642000 1.908000
29.642000 47.605000 22.000000 1.721000
24.219000 44.294000 21.986000 1.387000
28.940000 45.276000 21.067000 1.459000
27.445000 48.989000 22.112000 1.459000
21.701000 45.354000 20.917000 0.600000
25.257000 48.275000 21.497000 1.459000
26.750000 44.565000 20.463000 1.459000
23.828000 46.670000 20.391000 1.487000
24.426000 45.255000 19.839000 1.487000
30.290000 46.872000 21.804000 0.600000
24.757000 45.769000 23.871000 1.824000
24.957000 46.554000 25.078000 1.908000
26.391000 47.075000 25.077000 1.908000
26.615000 48.287000 25.077000 1.661200
24.706000 45.709000 26.346000 1.908000
25.957000 45.402000 26.971000 1.721000
23.998000 44.410000 25.991000 1.908000
24.339000 47.336000 25.061000 1.387000
23.113000 44.365000 26.462000 1.487000
23.846000 44.364000 25.001000 1.487000
25.358000 44.959000 23.608000 0.600000
24.148000 46.258000 26.999000 1.387000
24.559000 43.628000 26.274000 1.487000
26.008000 44.422000 27.190000 0.600000
27.362000 46.166000 25.046000 1.824000
28.772000 46.569000 25.025000 1.908000
29.687000 45.465000 24.507000 1.908000
29.289000 44.303000 24.411000 1.661200
29.221000 46.971000 26.427000 1.908000
29.066000 45.888000 27.320000 1.721000
27.048000 45.183000 25.038000 0.600000
28.858000 47.362000 24.402000 1.387000
28.662000 47.731000 26.737000 1.387000
30.178000 47.233000 26.395000 1.387000
28.102000 45.627000 27.366000 0.600000
30.919000 45.838000 24.179000 1.824000
31.874000 44.867000 23.683000 1.908000
31.792000 44.695000 22.178000 1.908000
31.519000 45.648000 21.452000 1.661200
31.124000 46.842000 24.305000 0.600000
32.813000 45.158000 23.934000 1.387000
31.709000 43.972000 24.130000 1.387000
32.032000 43.480000 21.703000 1.824000
31.971000 43.217000 20.271000 1.908000
30.525000 43.052000 19.835000 1.908000
29.671000 42.634000 20.622000 1.661200
32.788000 41.973000 19.937000 1.908000
34.254000 42.149000 20.186000 1.908000
35.004000 43.004000 19.387000 1.908000
34.875000 41.521000 21.261000 1.908000
36.351000 43.238000 19.653000 1.908000
36.228000 41.749000 21.541000 1.908000
36.965000 42.609000 20.737000 1.908000
37.928000 42.781000 20.928000 1.459000
32.324000 44.034000 19.807000 1.387000
36.875000 43.858000 19.062000 1.459000
36.658000 41.283000 22.327000 1.459000
32.257000 42.764000 22.411000 0.600000
34.353000 40.900000 21.843000 1.459000
34.576000 43.461000 18.611000 1.459000
32.660000 41.775000 18.979000 1.487000
32.465000 41.236000 20.508000 1.487000
30.251000 43.399000 18.583000 1.824000
28.898000 43.304000 18.046000 1.908000
28.408000 41.874000 17.893000 1.908000
29.193000 40.950000 17.667000 1.661200
28.829000 44.038000 16.709000 1.908000
29.014000 45.543000 16.870000 1.908000
29.214000 46.244000 15.534000 1.908000
28.019000 46.192000 14.700000 1.824000
27.999000 45.754000 13.446000 1.908000
29.117000 45.319000 12.866000 1.824000
26.857000 45.754000 12.770000 1.824000
29.818000 45.719000 17.436000 1.487000
28.266000 43.797000 18.673000 1.387000
27.150000 46.509000 15.101000 0.600000
28.204000 45.931000 17.307000 1.487000
26.835000 45.444000 11.820000 0.600000
26.013000 46.064000 13.212000 0.600000
31.063000 43.735000 18.033000 0.600000
29.968000 45.794000 15.061000 1.387000
29.448000 47.196000 15.717000 1.387000
29.088000 45.008000 11.910000 0.600000
29.972000 45.300000 13.374000 0.600000
27.940000 43.880000 16.309000 1.487000
29.553000 43.701000 16.128000 1.487000
27.100000 41.704000 18.019000 1.824000
26.469000 40.395000 17.905000 1.908000
25.966000 40.084000 16.493000 1.908000
26.319000 40.756000 15.528000 1.661200
25.297000 40.288000 18.892000 1.908000
24.244000 41.369000 18.677000 1.908000
27.177000 39.701000 18.122000 1.387000
26.564000 42.580000 18.205000 0.600000
25.656000 40.376000 19.816000 1.487000
24.866000 39.399000 18.772000 1.487000
24.018000 41.819000 17.551000 1.661200
23.579000 41.774000 19.759000 1.824000
22.876000 42.474000 19.679000 0.600000
23.790000 41.372000 20.651000 0.600000
25.125000 39.061000 16.386000 1.824000
24.584000 38.649000 15.096000 1.908000
23.124000 39.034000 14.883000 1.908000
22.464000 38.461000 14.007000 1.661200
24.703000 37.135000 14.949000 1.908000
23.841000 36.492000 15.872000 1.721000
24.892000 38.591000 17.282000 0.600000
25.133000 39.103000 14.368000 1.387000
25.638000 36.866000 15.138000 1.387000
24.441000 36.879000 14.028000 1.387000
23.026000 36.166000 15.395000 0.600000
22.613000 39.979000 15.675000 1.824000
21.215000 40.393000 15.547000 1.908000
21.034000 41.754000 14.892000 1.908000
21.687000 42.736000 15.271000 1.661200
20.526000 40.408000 16.915000 1.908000
20.608000 39.068000 17.626000 1.908000
20.513000 38.024000 16.941000 1.661200
20.757000 39.068000 18.872000 1.661200
23.270000 40.378000 16.363000 0.600000
20.758000 39.710000 14.947000 1.387000
19.571000 40.638000 16.775000 1.487000
20.973000 41.095000 17.476000 1.487000
20.117000 41.814000 13.927000 1.824000
19.851000 43.055000 13.209000 1.908000
18.375000 43.190000 12.836000 1.908000
17.699000 42.202000 12.561000 1.661200
20.670000 43.111000 11.903000 1.908000
22.142000 42.727000 12.008000 1.908000
22.990000 43.848000 12.570000 1.908000
24.410000 43.527000 12.456000 1.824000
25.138000 43.003000 13.438000 1.908000
24.581000 42.748000 14.618000 1.824000
26.420000 42.723000 13.236000 1.824000
22.488000 42.498000 11.098000 1.487000
20.104000 43.834000 13.800000 1.387000
24.867000 43.714000 11.579000 0.600000
22.233000 41.932000 12.608000 1.487000
26.976000 42.348000 13.973000 0.600000
26.832000 42.889000 12.336000 0.600000
19.623000 40.923000 13.738000 0.600000
22.756000 43.966000 13.527000 1.387000
22.798000 44.673000 12.055000 1.387000
25.149000 42.368000 15.360000 0.600000
23.615000 42.928000 14.770000 0.600000
20.620000 44.049000 11.549000 1.487000
20.235000 42.493000 11.242000 1.487000
17.891000 44.423000 12.822000 1.824000
16.526000 44.712000 12.420000 1.908000
16.709000 45.432000 11.070000 1.908000
17.618000 46.256000 10.918000 1.661200
15.808000 45.603000 13.486000 1.908000
14.315000 45.736000 13.163000 1.908000
16.480000 46.962000 13.584000 1.908000
14.012000 46.582000 11.961000 1.908000
16.103000 43.856000 12.214000 1.387000
16.041000 47.490000 14.309000 1.487000
17.447000 46.832000 13.795000 1.487000
15.899000 45.148000 14.363000 1.487000
13.944000 44.815000 13.022000 1.487000
13.861000 46.133000 13.965000 1.487000
14.449000 46.187000 11.152000 1.487000
18.568000 45.159000 13.121000 0.600000
13.022000 46.620000 11.816000 1.487000
16.383000 47.437000 12.711000 1.487000
14.360000 47.509000 12.105000 1.487000
15.897000 45.073000 10.080000 1.824000
15.985000 45.682000 8.751000 1.908000
14.678000 46.387000 8.415000 1.908000
13.606000 45.784000 8.494000 1.661200
16.262000 44.626000 7.673000 1.908000
17.511000 43.746000 7.707000 1.908000
18.749000 44.609000 7.729000 1.908000
17.466000 42.832000 8.906000 1.908000
16.655000 42.245000 8.858000 1.487000
18.286000 42.255000 8.927000 1.487000
17.427000 43.375000 9.748000 1.487000
15.207000 44.337000 10.325000 0.600000
18.741000 45.196000 8.542000 1.487000
19.568000 44.031000 7.751000 1.487000
18.778000 45.185000 6.909000 1.487000
16.721000 46.362000 8.760000 1.387000
17.519000 43.166000 6.894000 1.487000
16.264000 45.108000 6.773000 1.487000
15.457000 43.996000 7.656000 1.487000
14.772000 47.657000 8.034000 1.824000
13.596000 48.440000 7.704000 1.908000
13.768000 49.176000 6.375000 1.908000
14.866000 49.621000 6.017000 1.661200
13.266000 49.418000 8.840000 1.908000
14.364000 50.392000 9.187000 1.908000
15.532000 49.965000 9.827000 1.908000
14.248000 51.743000 8.857000 1.908000
16.566000 50.863000 10.132000 1.908000
15.278000 52.653000 9.153000 1.908000
16.428000 52.205000 9.787000 1.908000
17.449000 53.092000 10.051000 1.721000
12.809000 47.814000 7.611000 1.387000
17.389000 50.540000 10.589000 1.459000
15.176000 53.613000 8.907000 1.459000
15.742000 48.028000 7.995000 0.600000
13.426000 52.073000 8.404000 1.459000
15.637000 49.002000 10.075000 1.459000
13.053000 48.880000 9.659000 1.487000
12.454000 49.941000 8.572000 1.487000
18.093000 52.670000 10.686000 0.600000
12.668000 49.283000 5.639000 1.824000
12.677000 49.909000 4.333000 1.908000
12.049000 51.286000 4.357000 1.908000
11.443000 51.684000 5.338000 1.661200
11.934000 49.022000 3.332000 1.908000
10.587000 48.848000 3.725000 1.721000
11.812000 48.882000 6.080000 0.600000
13.641000 50.012000 4.040000 1.387000
12.381000 48.134000 3.299000 1.387000
11.960000 49.457000 2.439000 1.387000
9.983000 49.250000 3.037000 0.600000
12.203000 52.006000 3.251000 1.824000
11.669000 53.353000 3.124000 1.908000
10.144000 53.378000 3.233000 1.908000
9.579000 54.355000 3.717000 1.661200
12.133000 53.957000 1.796000 1.908000
11.999000 53.018000 0.745000 1.721000
12.733000 51.526000 2.493000 0.600000
12.039000 53.912000 3.880000 1.387000
13.089000 54.217000 1.880000 1.387000
11.574000 54.754000 1.594000 1.387000
11.513000 52.211000 1.078000 0.600000
9.487000 52.305000 2.789000 1.824000
8.032000 52.216000 2.864000 1.908000
7.607000 51.403000 4.087000 1.908000
6.500000 50.881000 4.155000 1.661200
7.440000 51.630000 1.570000 1.908000
8.127000 50.355000 1.127000 1.908000
9.162000 49.983000 1.722000 1.661200
7.633000 49.724000 0.168000 1.661200
10.089000 51.558000 2.395000 0.600000
7.682000 53.148000 2.996000 1.387000
7.537000 52.314000 0.856000 1.487000
6.479000 51.437000 1.737000 1.487000
8.528000 51.294000 5.040000 1.824000
8.305000 50.641000 6.327000 1.908000
8.009000 49.156000 6.475000 1.908000
7.211000 48.758000 7.320000 1.661200
7.271000 51.459000 7.104000 1.908000
7.626000 52.911000 7.048000 1.908000
6.994000 53.886000 6.327000 1.908000
8.791000 53.527000 7.618000 1.908000
7.699000 55.066000 6.408000 1.824000
8.805000 54.870000 7.193000 1.908000
9.826000 53.068000 8.442000 1.908000
9.817000 55.760000 7.566000 1.908000
10.827000 53.950000 8.810000 1.908000
10.815000 55.280000 8.373000 1.908000
11.557000 55.888000 8.662000 1.459000
9.166000 50.836000 6.912000 1.387000
7.446000 55.925000 5.967000 0.600000
9.845000 52.123000 8.761000 1.459000
11.566000 53.629000 9.395000 1.459000
9.798000 56.710000 7.245000 1.459000
6.146000 53.764000 5.816000 1.409000
9.455000 51.729000 4.783000 0.600000
7.286000 51.185000 8.042000 1.487000
6.395000 51.350000 6.683000 1.487000
8.652000 48.335000 5.660000 1.824000
8.504000 46.901000 5.797000 1.908000
9.575000 46.590000 6.852000 1.908000
10.663000 47.164000 6.812000 1.661200
8.835000 46.198000 4.481000 1.908000
7.916000 46.483000 3.291000 1.908000
8.361000 45.664000 2.094000 1.908000
6.475000 46.138000 3.658000 1.908000
6.188000 46.693000 4.438000 1.487000
5.879000 46.326000 2.878000 1.487000
6.416000 45.170000 3.898000 1.487000
9.244000 48.792000 4.948000 0.600000
8.319000 44.689000 2.318000 1.487000
7.760000 45.851000 1.316000 1.487000
9.301000 45.906000 1.851000 1.487000
7.635000 46.698000 6.178000 1.387000
7.965000 47.453000 3.069000 1.487000
8.811000 45.213000 4.645000 1.487000
9.759000 46.470000 4.213000 1.487000
9.281000 45.709000 7.800000 1.824000
10.256000 45.390000 8.846000 1.908000
10.602000 43.904000 8.902000 1.908000
9.716000 43.050000 8.961000 1.661200
9.743000 45.779000 10.253000 1.908000
9.117000 47.172000 10.237000 1.908000
10.899000 45.719000 11.258000 1.908000
10.091000 48.292000 10.039000 1.908000
11.106000 45.875000 8.594000 1.387000
10.544000 45.932000 12.164000 1.487000
11.285000 44.800000 11.245000 1.487000
9.039000 45.124000 10.510000 1.487000
8.430000 47.198000 9.505000 1.487000
8.638000 47.306000 11.111000 1.487000
10.563000 48.180000 9.163000 1.487000
8.345000 45.285000 7.740000 0.600000
9.605000 49.168000 10.040000 1.487000
11.588000 46.387000 10.991000 1.487000
10.766000 48.289000 10.779000 1.487000
11.895000 43.609000 8.899000 1.824000
12.382000 42.236000 8.975000 1.908000
13.474000 42.153000 10.033000 1.908000
14.043000 43.170000 10.442000 1.661200
13.000000 41.777000 7.648000 1.908000
12.037000 41.462000 6.531000 1.908000
11.315000 42.470000 5.900000 1.908000
11.901000 40.153000 6.062000 1.908000
10.488000 42.188000 4.825000 1.908000
11.072000 39.852000 4.985000 1.908000
10.370000 40.871000 4.370000 1.908000
9.552000 40.585000 3.308000 1.721000
11.625000 41.647000 9.259000 1.387000
9.976000 42.917000 4.371000 1.459000
10.988000 38.913000 4.664000 1.459000
12.529000 44.435000 8.838000 0.600000
12.410000 39.419000 6.508000 1.459000
11.393000 43.413000 6.227000 1.459000
13.548000 40.951000 7.832000 1.487000
13.624000 42.503000 7.330000 1.487000
9.739000 41.226000 2.565000 0.600000
13.784000 40.932000 10.453000 1.824000
14.829000 40.734000 11.441000 1.908000
15.669000 39.535000 11.057000 1.908000
15.248000 38.691000 10.258000 1.661200
14.231000 40.503000 12.833000 1.908000
13.541000 39.148000 13.016000 1.908000
13.167000 38.938000 14.474000 1.908000
12.473000 37.600000 14.701000 1.908000
12.119000 37.400000 16.133000 1.824000
15.416000 41.548000 11.465000 1.387000
11.638000 37.571000 14.147000 1.100000
13.086000 36.863000 14.407000 1.100000
12.715000 39.130000 12.462000 1.487000
14.165000 38.428000 12.732000 1.487000
11.895000 38.283000 16.545000 0.600000
11.330000 36.790000 16.197000 0.600000
12.896000 36.994000 16.613000 0.600000
12.548000 39.666000 14.758000 1.487000
13.996000 38.961000 15.027000 1.487000
13.235000 40.167000 10.029000 0.600000
13.556000 41.221000 13.007000 1.487000
14.968000 40.568000 13.505000 1.487000
16.874000 39.488000 11.602000 1.824000
17.771000 38.367000 11.397000 1.908000
18.481000 38.192000 12.722000 1.908000
18.739000 39.173000 13.413000 1.661200
18.824000 38.614000 10.271000 1.908000
19.696000 37.477000 10.190000 1.721000
19.663000 39.878000 10.537000 1.908000
17.238000 37.558000 11.215000 1.387000
19.638000 40.468000 9.730000 1.487000
19.284000 40.367000 11.322000 1.487000
17.119000 40.319000 12.185000 0.600000
18.332000 38.706000 9.388000 1.387000
20.608000 39.613000 10.730000 1.487000
19.260000 36.741000 9.662000 0.600000
18.760000 36.945000 13.090000 1.824000
19.470000 36.656000 14.332000 1.908000
20.658000 35.753000 14.030000 1.908000
21.397000 35.362000 14.935000 1.661200
18.567000 35.952000 15.379000 1.908000
17.931000 34.814000 14.786000 1.721000
17.526000 36.904000 15.921000 1.908000
19.814000 37.515000 14.711000 1.387000
17.030000 37.341000 15.164000 1.487000
16.868000 36.406000 16.495000 1.487000
18.436000 36.212000 12.431000 0.600000
19.155000 35.628000 16.147000 1.387000
17.966000 37.617000 16.476000 1.487000
17.852000 34.936000 13.791000 0.600000
20.847000 35.452000 12.745000 1.824000
21.919000 34.573000 12.299000 1.908000
22.850000 35.239000 11.293000 1.908000
23.255000 34.629000 10.300000 1.661200
21.326000 33.302000 11.675000 1.908000
20.350000 33.603000 10.547000 1.908000
20.376000 34.741000 10.019000 1.661200
19.563000 32.701000 10.182000 1.661200
20.165000 35.898000 12.094000 0.600000
22.479000 34.346000 13.114000 1.387000
20.847000 32.806000 12.387000 1.487000
22.075000 32.761000 11.313000 1.487000
23.188000 36.491000 11.563000 1.824000
24.078000 37.270000 10.712000 1.908000
23.685000 37.285000 9.229000 1.908000
24.497000 36.976000 8.351000 1.661200
25.530000 36.790000 10.863000 1.908000
26.546000 37.881000 10.680000 1.908000
22.762000 36.874000 12.440000 0.600000
24.076000 38.235000 11.043000 1.387000
25.708000 36.075000 10.180000 1.487000
25.649000 36.398000 11.780000 1.487000
26.520000 39.193000 11.024000 1.908000
28.099000 36.788000 9.741000 0.600000
29.384000 38.915000 9.729000 1.359000
28.465000 38.795000 10.091000 1.908000
27.777000 37.665000 10.100000 1.824000
27.724000 39.737000 10.647000 1.824000
25.769000 39.673000 11.468000 1.409000
22.434000 37.656000 8.968000 1.824000
21.901000 37.782000 7.611000 1.908000
21.731000 36.503000 6.793000 1.908000
21.493000 36.572000 5.592000 1.661200
22.748000 38.771000 6.793000 1.908000
23.182000 40.017000 7.535000 1.908000
24.427000 40.074000 8.168000 1.908000
22.356000 41.142000 7.608000 1.908000
24.840000 41.217000 8.848000 1.908000
22.766000 42.301000 8.296000 1.908000
24.011000 42.326000 8.907000 1.908000
24.458000 43.467000 9.550000 1.721000
20.973000 38.233000 7.681000 1.387000
25.739000 41.236000 9.294000 1.459000
22.162000 43.090000 8.339000 1.459000
21.858000 37.852000 9.822000 0.600000
21.465000 41.131000 7.169000 1.459000
25.034000 39.279000 8.133000 1.459000
22.210000 39.054000 5.997000 1.487000
23.569000 38.290000 6.481000 1.487000
23.798000 44.200000 9.404000 0.600000
21.849000 35.335000 7.410000 1.824000
21.664000 34.110000 6.642000 1.908000
20.198000 34.018000 6.221000 1.908000
19.897000 33.807000 5.047000 1.661200
22.059000 32.891000 7.465000 1.908000
23.515000 32.909000 7.898000 1.908000
23.915000 31.670000 8.673000 1.908000
24.092000 32.975000 7.082000 1.487000
22.215000 34.175000 5.813000 1.387000
23.668000 33.711000 8.477000 1.487000
22.067000 35.369000 8.406000 0.600000
21.908000 32.068000 6.918000 1.487000
21.491000 32.857000 8.286000 1.487000
24.189000 32.790000 10.336000 0.600000
23.944000 30.566000 8.121000 1.661200
24.226000 31.844000 9.962000 1.824000
24.490000 31.055000 10.545000 0.600000
19.296000 34.187000 7.186000 1.824000
17.854000 34.143000 6.930000 1.908000
17.191000 35.340000 7.611000 1.908000
17.753000 35.932000 8.549000 1.661200
17.198000 32.868000 7.495000 1.908000
17.219000 32.928000 8.923000 1.721000
17.939000 31.611000 7.022000 1.908000
17.703000 34.217000 5.946000 1.387000
17.274000 30.901000 6.783000 1.487000
18.493000 31.832000 6.218000 1.487000
19.700000 34.352000 8.132000 0.600000
16.227000 32.837000 7.190000 1.387000
18.533000 31.278000 7.755000 1.487000
18.155000 32.796000 9.266000 0.600000
15.994000 35.681000 7.142000 1.824000
15.243000 36.815000 7.668000 1.908000
13.805000 36.427000 7.956000 1.908000
13.265000 35.520000 7.326000 1.661200
15.232000 37.956000 6.648000 1.908000
16.595000 38.457000 6.270000 1.908000
17.185000 39.503000 6.970000 1.908000
17.292000 37.882000 5.209000 1.908000
18.445000 39.969000 6.621000 1.908000
18.554000 38.339000 4.852000 1.908000
19.132000 39.388000 5.562000 1.908000
20.039000 39.724000 5.313000 1.459000
15.663000 37.060000 8.550000 1.387000
18.856000 40.729000 7.138000 1.459000
19.045000 37.911000 4.081000 1.459000
15.642000 35.072000 6.372000 0.600000
16.876000 37.128000 4.699000 1.459000
16.702000 39.924000 7.732000 1.459000
14.726000 38.710000 7.044000 1.487000
14.789000 37.623000 5.827000 1.487000
13.187000 37.125000 8.903000 1.824000
11.789000 36.893000 9.260000 1.908000
11.076000 38.238000 9.216000 1.908000
11.561000 39.215000 9.775000 1.661200
11.627000 36.329000 10.689000 1.908000
12.248000 35.044000 10.783000 1.721000
10.146000 36.202000 11.037000 1.908000
11.381000 36.296000 8.578000 1.387000
9.907000 35.235000 11.147000 1.487000
9.957000 36.689000 11.893000 1.487000
13.780000 37.847000 9.366000 0.600000
12.094000 36.959000 11.343000 1.387000
9.591000 36.598000 10.302000 1.487000
13.179000 35.075000 10.403000 0.600000
9.928000 38.288000 8.551000 1.824000
9.152000 39.519000 8.453000 1.908000
8.387000 39.700000 9.761000 1.908000
7.678000 38.799000 10.199000 1.661200
8.185000 39.423000 7.262000 1.908000
7.330000 40.665000 6.986000 1.908000
6.600000 40.513000 5.633000 1.908000
5.549000 41.597000 5.373000 1.908000
6.111000 42.979000 5.281000 1.824000
9.773000 40.289000 8.335000 1.387000
5.070000 41.379000 4.510000 1.100000
4.867000 41.569000 6.119000 1.100000
6.652000 40.760000 7.701000 1.487000
7.915000 41.462000 6.941000 1.487000
7.079000 42.925000 5.041000 0.600000
5.617000 43.488000 4.578000 0.600000
6.008000 43.435000 6.163000 0.600000
6.147000 39.621000 5.618000 1.487000
7.283000 40.550000 4.902000 1.487000
9.636000 37.391000 8.115000 0.600000
7.564000 38.649000 7.427000 1.487000
8.725000 39.230000 6.437000 1.487000
8.538000 40.850000 10.406000 1.824000
7.831000 41.060000 11.662000 1.908000
6.795000 42.170000 11.622000 1.908000
6.039000 42.354000 12.568000 1.661200
8.815000 41.276000 12.840000 1.908000
9.861000 42.344000 12.492000 1.908000
9.493000 39.951000 13.171000 1.908000
10.843000 42.627000 13.632000 1.908000
7.325000 40.197000 11.849000 1.387000
10.099000 40.085000 13.952000 1.487000
8.792000 39.277000 13.393000 1.487000
8.289000 41.601000 13.619000 1.487000
10.375000 42.039000 11.698000 1.487000
9.385000 43.190000 12.270000 1.487000
11.328000 41.787000 13.855000 1.487000
9.158000 41.534000 9.967000 0.600000
11.488000 43.326000 13.336000 1.487000
10.018000 39.651000 12.378000 1.487000
10.333000 42.948000 14.425000 1.487000
6.758000 42.905000 10.519000 1.824000
5.770000 43.958000 10.336000 1.908000
5.535000 44.094000 8.832000 1.908000
6.466000 43.759000 8.058000 1.661200
6.264000 45.289000 10.906000 1.908000
6.526000 45.299000 12.415000 1.908000
5.247000 45.254000 13.248000 1.908000
5.538000 45.464000 14.665000 1.824000
6.244000 44.620000 15.416000 1.908000
6.718000 43.507000 14.884000 1.824000
6.501000 44.894000 16.690000 1.824000
4.433000 44.544000 8.450000 1.661200
4.919000 43.688000 10.767000 1.387000
5.183000 46.298000 15.101000 0.600000
7.083000 44.502000 12.658000 1.487000
7.024000 46.134000 12.657000 1.487000
7.010000 44.258000 17.252000 0.600000
6.175000 45.760000 17.087000 0.600000
7.481000 42.668000 9.811000 0.600000
4.833000 44.362000 13.124000 1.387000
4.645000 45.972000 12.924000 1.387000
7.238000 42.861000 15.468000 0.600000
6.572000 43.298000 13.923000 0.600000
5.576000 45.988000 10.713000 1.487000
7.120000 45.529000 10.447000 1.487000
