0 2.342164383517e+01
1 4.939552145841e+00
2 3.296336687369e+00
3 1.699828972970e+01
4 7.344216865828e+00
5 0.000000000000e+00
6 0.000000000000e+00
7 0.000000000000e+00
8 3.213782828790e+00
9 1.089614160572e+01
10 1.290638330899e+01
11 9.265208795306e+00
12 9.387669882410e+00
13 9.014430560094e-01
14 0.000000000000e+00
15 1.155073783954e+01
16 1.537300220961e-01
17 1.612690747140e+00
18 5.338944192692e+00
19 4.418765640918e+00
20 8.952462345707e+00
21 1.173464271013e+01
22 0.000000000000e+00
23 8.677932106385e+00
24 1.107040647923e+01
25 0.000000000000e+00
26 1.992975496581e+01
27 2.188290761060e+01
28 0.000000000000e+00
29 2.819978685322e+00
30 0.000000000000e+00
31 0.000000000000e+00
32 8.063734504696e+00
33 0.000000000000e+00
34 9.656067443056e-01
35 2.113793343014e+00
36 0.000000000000e+00
37 0.000000000000e+00
38 0.000000000000e+00
39 8.621593324451e+00
40 7.918756213242e+00
41 7.938609910919e+00
42 0.000000000000e+00
43 1.076823421100e+01
44 1.190020896769e+01
45 0.000000000000e+00
46 0.000000000000e+00
47 0.000000000000e+00
48 0.000000000000e+00
49 0.000000000000e+00
50 0.000000000000e+00
51 0.000000000000e+00
52 3.878989180114e-01
53 7.432955703933e+00
54 0.000000000000e+00
55 0.000000000000e+00
56 0.000000000000e+00
57 1.057580570797e+01
58 0.000000000000e+00
59 8.042461258684e+00
60 0.000000000000e+00
61 1.526963481842e+01
62 8.537395988097e+00
63 5.250433080251e+00
64 0.000000000000e+00
65 0.000000000000e+00
66 0.000000000000e+00
67 0.000000000000e+00
68 0.000000000000e+00
69 0.000000000000e+00
70 0.000000000000e+00
71 0.000000000000e+00
72 0.000000000000e+00
73 0.000000000000e+00
74 1.389570155047e+01
75 1.226549762042e+01
76 0.000000000000e+00
77 0.000000000000e+00
78 0.000000000000e+00
79 0.000000000000e+00
80 0.000000000000e+00
81 0.000000000000e+00
82 1.315744580633e+00
83 1.134124441050e+01
84 3.793622835966e+00
85 0.000000000000e+00
86 7.765803719574e+00
87 1.169149013525e+01
88 0.000000000000e+00
89 7.769603021261e+00
90 1.195135262438e+01
91 0.000000000000e+00
92 3.998565188260e+00
93 0.000000000000e+00
94 0.000000000000e+00
95 0.000000000000e+00
96 1.275785894352e+00
97 0.000000000000e+00
98 0.000000000000e+00
99 9.220355905782e-01
100 0.000000000000e+00
101 1.806554084009e+00
102 0.000000000000e+00
103 0.000000000000e+00
104 0.000000000000e+00
105 0.000000000000e+00
106 7.244147942971e+00
107 0.000000000000e+00
108 1.232206041316e+01
109 0.000000000000e+00
110 5.299657787599e+00
111 9.320125781596e+00
112 2.134811431788e+00
113 0.000000000000e+00
114 0.000000000000e+00
115 0.000000000000e+00
116 3.177097929300e+00
117 7.685471105450e+00
118 1.311608482139e+01
119 1.952544939332e+01
120 0.000000000000e+00
121 0.000000000000e+00
122 8.243745285151e+00
123 8.990041263227e+00
124 3.645675267175e+00
125 5.120552440578e+00
126 0.000000000000e+00
127 3.490011698031e+00
128 0.000000000000e+00
129 6.546826230541e+00
130 4.023917043941e+00
131 0.000000000000e+00
132 0.000000000000e+00
133 0.000000000000e+00
134 0.000000000000e+00
135 0.000000000000e+00
136 0.000000000000e+00
137 0.000000000000e+00
138 0.000000000000e+00
139 0.000000000000e+00
140 0.000000000000e+00
141 0.000000000000e+00
142 0.000000000000e+00
143 0.000000000000e+00
144 0.000000000000e+00
145 0.000000000000e+00
146 0.000000000000e+00
147 0.000000000000e+00
148 0.000000000000e+00
149 0.000000000000e+00
150 0.000000000000e+00
151 0.000000000000e+00
152 0.000000000000e+00
153 0.000000000000e+00
154 0.000000000000e+00
155 0.000000000000e+00
156 0.000000000000e+00
157 0.000000000000e+00
158 0.000000000000e+00
159 0.000000000000e+00
160 0.000000000000e+00
161 8.792549838400e-01
162 4.527534594740e+00
163 9.591714521102e+00
164 1.739717394085e+01
165 0.000000000000e+00
166 0.000000000000e+00
167 1.160326229292e+01
168 5.321138074458e+00
169 1.890748888234e+00
170 1.074869319036e-01
171 0.000000000000e+00
172 0.000000000000e+00
173 0.000000000000e+00
174 0.000000000000e+00
175 0.000000000000e+00
176 0.000000000000e+00
177 0.000000000000e+00
178 3.168497761567e+00
179 0.000000000000e+00
180 2.145622640192e+01
181 4.572627994487e+00
182 0.000000000000e+00
183 1.172706613409e+01
184 0.000000000000e+00
185 6.921513483176e+00
186 0.000000000000e+00
187 0.000000000000e+00
188 3.158414547344e+00
189 0.000000000000e+00
190 0.000000000000e+00
191 0.000000000000e+00
192 0.000000000000e+00
193 0.000000000000e+00
194 0.000000000000e+00
195 0.000000000000e+00
196 0.000000000000e+00
197 0.000000000000e+00
198 0.000000000000e+00
199 0.000000000000e+00
200 0.000000000000e+00
201 0.000000000000e+00
202 0.000000000000e+00
203 0.000000000000e+00
204 0.000000000000e+00
205 0.000000000000e+00
206 0.000000000000e+00
207 0.000000000000e+00
208 0.000000000000e+00
209 0.000000000000e+00
210 0.000000000000e+00
211 0.000000000000e+00
212 1.024124200746e+01
213 0.000000000000e+00
214 8.689731943811e-01
215 3.382554783694e+00
216 1.804004342026e+01
217 1.158709721787e+01
218 7.073182025957e+00
219 0.000000000000e+00
220 1.341404394284e+01
221 0.000000000000e+00
222 0.000000000000e+00
223 0.000000000000e+00
224 0.000000000000e+00
225 0.000000000000e+00
226 0.000000000000e+00
227 0.000000000000e+00
228 0.000000000000e+00
229 1.637781211545e+01
230 2.978793967768e-01
231 1.609839007989e+01
232 5.755225938781e+00
233 5.768241864291e+00
234 8.456354987348e+00
235 1.159366362747e+01
236 0.000000000000e+00
237 0.000000000000e+00
238 6.990505291231e-01
239 0.000000000000e+00
240 0.000000000000e+00
241 0.000000000000e+00
242 2.937942885242e+00
243 1.223383113773e+01
244 0.000000000000e+00
245 3.554149527707e+00
246 5.965300696974e+00
247 6.585002344953e-01
248 4.487186188877e+00
249 5.166355822030e+00
250 3.663741779854e+00
251 2.183513437650e+01
252 5.050345938334e+00
253 1.136284112757e+01
254 9.536539495230e+00
255 0.000000000000e+00
256 0.000000000000e+00
257 8.996454228769e+00
258 4.520161862507e+00
259 0.000000000000e+00
260 0.000000000000e+00
261 0.000000000000e+00
262 0.000000000000e+00
263 0.000000000000e+00
264 1.081183779928e+01
265 5.305908800044e-01
266 0.000000000000e+00
267 0.000000000000e+00
268 1.106042650822e+01
269 4.433072238428e+00
270 1.499957220764e+01
271 0.000000000000e+00
272 1.004349557720e+01
273 0.000000000000e+00
274 6.316150115725e+00
275 0.000000000000e+00
276 5.540362094633e+00
277 8.647168305176e+00
278 0.000000000000e+00
279 0.000000000000e+00
280 0.000000000000e+00
281 0.000000000000e+00
282 1.445956641628e+00
283 0.000000000000e+00
284 4.107901854304e-01
285 9.722931770799e+00
286 2.859186675820e+01
287 7.923136554527e+00
288 2.304017567448e+00
289 0.000000000000e+00
290 0.000000000000e+00
291 0.000000000000e+00
292 0.000000000000e+00
293 0.000000000000e+00
294 0.000000000000e+00
295 1.071852873085e+01
296 7.268128296741e+00
297 0.000000000000e+00
298 8.779582009185e+00
299 8.873789572892e+00
300 4.093313169391e+00
301 0.000000000000e+00
302 0.000000000000e+00
303 7.735904680700e+00
304 0.000000000000e+00
305 0.000000000000e+00
306 0.000000000000e+00
307 0.000000000000e+00
308 0.000000000000e+00
309 0.000000000000e+00
310 0.000000000000e+00
311 0.000000000000e+00
312 0.000000000000e+00
313 0.000000000000e+00
314 9.993017369853e+00
315 0.000000000000e+00
316 3.056345356286e+00
317 0.000000000000e+00
318 8.998409363141e+00
319 0.000000000000e+00
320 0.000000000000e+00
321 0.000000000000e+00
322 4.150033230778e+00
323 0.000000000000e+00
324 0.000000000000e+00
325 0.000000000000e+00
326 0.000000000000e+00
327 0.000000000000e+00
328 0.000000000000e+00
329 0.000000000000e+00
330 0.000000000000e+00
331 6.441090938549e+00
332 0.000000000000e+00
333 8.032058866463e+00
334 0.000000000000e+00
335 2.116392016018e+00
336 7.970176752711e+00
337 2.575862872228e+00
338 4.910776758260e+00
339 1.470754983514e+01
340 2.314968667428e+01
341 0.000000000000e+00
342 7.115733233732e+00
343 1.009323452054e+01
344 1.099893766175e+01
345 3.254500012553e+00
346 0.000000000000e+00
347 0.000000000000e+00
348 0.000000000000e+00
349 0.000000000000e+00
350 0.000000000000e+00
351 3.555236463991e+00
352 0.000000000000e+00
353 1.051665203605e+01
354 0.000000000000e+00
355 4.960843712014e+00
356 0.000000000000e+00
357 0.000000000000e+00
358 0.000000000000e+00
359 0.000000000000e+00
360 0.000000000000e+00
361 0.000000000000e+00
362 1.635345471410e+01
363 0.000000000000e+00
364 0.000000000000e+00
365 0.000000000000e+00
366 0.000000000000e+00
367 0.000000000000e+00
368 0.000000000000e+00
369 0.000000000000e+00
370 0.000000000000e+00
371 0.000000000000e+00
372 0.000000000000e+00
373 0.000000000000e+00
374 0.000000000000e+00
375 0.000000000000e+00
376 0.000000000000e+00
377 2.603779309810e+00
378 3.471399728990e+00
379 0.000000000000e+00
380 0.000000000000e+00
381 0.000000000000e+00
382 0.000000000000e+00
383 0.000000000000e+00
384 0.000000000000e+00
385 0.000000000000e+00
386 2.183649306920e+00
387 0.000000000000e+00
388 5.270504088221e+00
389 6.652204517331e+00
390 1.237917343293e+01
391 0.000000000000e+00
392 0.000000000000e+00
393 0.000000000000e+00
394 0.000000000000e+00
395 0.000000000000e+00
396 0.000000000000e+00
397 0.000000000000e+00
398 0.000000000000e+00
399 1.656070782879e+00
400 0.000000000000e+00
401 0.000000000000e+00
402 0.000000000000e+00
403 3.965760173615e-01
404 7.411932479264e+00
405 4.404132401621e+00
406 0.000000000000e+00
407 7.575514981996e+00
408 1.287123171917e+01
409 0.000000000000e+00
410 3.843040728145e+00
411 2.778391558649e+00
412 0.000000000000e+00
413 0.000000000000e+00
414 0.000000000000e+00
415 0.000000000000e+00
416 0.000000000000e+00
417 2.642639697407e+00
418 0.000000000000e+00
419 0.000000000000e+00
420 6.295789971782e+00
421 7.950470840544e+00
422 8.253847593217e+00
423 6.612728822006e+00
424 7.020178795472e-01
425 0.000000000000e+00
426 6.141969932605e+00
427 6.068721838700e+00
428 2.148958244196e+01
429 0.000000000000e+00
430 1.994285478815e+00
431 9.096979377108e+00
432 9.360818892697e+00
433 0.000000000000e+00
434 0.000000000000e+00
435 0.000000000000e+00
436 0.000000000000e+00
437 2.619805025481e+00
438 0.000000000000e+00
439 2.045293777342e+00
440 5.140912788028e+00
441 4.472839682197e+00
442 2.048973133206e+01
443 1.219827898189e+01
444 7.220379788224e+00
445 9.328126180820e+00
446 0.000000000000e+00
447 6.268393087580e+00
448 0.000000000000e+00
449 0.000000000000e+00
450 0.000000000000e+00
451 0.000000000000e+00
452 0.000000000000e+00
453 0.000000000000e+00
454 0.000000000000e+00
455 0.000000000000e+00
456 0.000000000000e+00
457 0.000000000000e+00
458 0.000000000000e+00
459 0.000000000000e+00
460 0.000000000000e+00
461 1.255292204817e+00
462 1.187561413210e+01
463 0.000000000000e+00
464 1.684243770769e+00
465 3.965592058052e+00
466 1.198476251424e+01
467 0.000000000000e+00
468 0.000000000000e+00
469 0.000000000000e+00
470 1.139338350675e+01
471 1.203736928548e+00
472 0.000000000000e+00
473 1.697301037168e+01
474 2.421215908823e+01
475 0.000000000000e+00
476 2.320130272816e+00
477 7.501856045095e-01
478 0.000000000000e+00
479 1.781309946928e+01
480 5.648564592851e+00
481 0.000000000000e+00
482 8.993406765062e+00
483 1.112100956448e+01
484 3.664004231689e+00
485 1.019119160646e+01
486 0.000000000000e+00
487 0.000000000000e+00
488 2.803875913914e+00
489 1.001320680888e+01
490 0.000000000000e+00
491 0.000000000000e+00
492 1.732482057816e+00
493 2.806700925679e+00
494 9.207235251922e+00
495 1.151521392970e+01
496 1.155160750716e+01
497 0.000000000000e+00
498 6.624721479526e+00
499 1.139717161932e+01
500 0.000000000000e+00
501 4.876909397983e+00
502 3.090943090106e+00
503 4.505415335332e+00
504 0.000000000000e+00
505 1.637264345803e+00
506 3.953646747448e+00
507 0.000000000000e+00
508 6.759203967379e+00
509 0.000000000000e+00
510 1.057744030388e+01
511 6.898983329281e+00
512 0.000000000000e+00
513 0.000000000000e+00
514 0.000000000000e+00
515 7.395010414395e+00
516 0.000000000000e+00
517 0.000000000000e+00
518 0.000000000000e+00
519 0.000000000000e+00
520 0.000000000000e+00
521 0.000000000000e+00
522 0.000000000000e+00
523 0.000000000000e+00
524 2.728812887745e+00
525 8.601992145006e-01
526 1.042347014478e+01
527 0.000000000000e+00
528 0.000000000000e+00
529 0.000000000000e+00
530 3.668859655275e+00
531 3.783146084575e+00
532 0.000000000000e+00
533 0.000000000000e+00
534 0.000000000000e+00
535 0.000000000000e+00
536 0.000000000000e+00
537 0.000000000000e+00
538 0.000000000000e+00
539 0.000000000000e+00
540 0.000000000000e+00
541 1.777348370645e+00
542 3.292926800328e+00
543 8.387718602519e+00
544 5.326830252619e+00
545 1.117563713835e+01
546 0.000000000000e+00
547 2.222770784839e+00
548 1.164009727052e+01
549 0.000000000000e+00
550 4.199052052508e+00
551 8.844748284913e+00
552 8.720908611197e+00
553 0.000000000000e+00
554 1.342618594387e+00
555 9.651833386810e+00
556 4.418673345681e+00
557 0.000000000000e+00
558 0.000000000000e+00
559 8.698708326889e+00
560 1.114726322944e+01
561 8.202464011439e+00
562 3.834270874353e+00
563 1.043602317455e+00
564 1.796440982062e+00
565 1.249383550757e+01
566 4.752300469899e+00
567 1.854531194076e+01
568 0.000000000000e+00
569 8.037361533258e+00
570 1.050258720644e+01
571 8.021428859292e+00
572 0.000000000000e+00
573 0.000000000000e+00
574 0.000000000000e+00
575 0.000000000000e+00
576 1.462342618446e+01
577 0.000000000000e+00
578 0.000000000000e+00
579 1.682123993473e+00
580 1.267426044623e+01
581 2.169819671054e+01
582 6.276353164635e+00
583 3.782450331832e+00
584 2.909841051581e+00
585 1.191874487242e+01
586 3.256096831449e+00
587 0.000000000000e+00
588 0.000000000000e+00
589 0.000000000000e+00
590 1.133445507024e+01
591 4.531370581477e+00
592 0.000000000000e+00
593 4.371024106110e+00
594 0.000000000000e+00
595 0.000000000000e+00
596 0.000000000000e+00
597 0.000000000000e+00
598 1.444217889863e+01
599 0.000000000000e+00
600 0.000000000000e+00
601 0.000000000000e+00
602 0.000000000000e+00
603 0.000000000000e+00
604 0.000000000000e+00
605 0.000000000000e+00
606 1.224575229415e+00
607 0.000000000000e+00
608 5.763789831026e+00
609 0.000000000000e+00
610 6.603957058265e+00
611 5.682242906129e+00
612 0.000000000000e+00
613 1.195722571657e+01
614 0.000000000000e+00
615 0.000000000000e+00
616 0.000000000000e+00
617 0.000000000000e+00
618 0.000000000000e+00
619 0.000000000000e+00
620 0.000000000000e+00
621 0.000000000000e+00
622 0.000000000000e+00
623 0.000000000000e+00
624 0.000000000000e+00
625 0.000000000000e+00
626 0.000000000000e+00
627 0.000000000000e+00
628 0.000000000000e+00
629 0.000000000000e+00
630 0.000000000000e+00
631 0.000000000000e+00
632 0.000000000000e+00
633 0.000000000000e+00
634 0.000000000000e+00
635 5.632450955768e+00
636 0.000000000000e+00
637 1.167696615486e+00
638 7.026167212345e+00
639 1.515063940064e+00
640 0.000000000000e+00
641 0.000000000000e+00
642 9.042699969833e+00
643 0.000000000000e+00
644 1.118449151046e+01
645 0.000000000000e+00
646 0.000000000000e+00
647 0.000000000000e+00
648 1.519274011917e+01
649 2.171600111915e+00
650 5.578304196722e+00
651 1.958978346323e+01
652 1.525147523778e+01
653 0.000000000000e+00
654 8.504437818072e+00
655 1.135323503818e+01
656 6.932476102987e-01
657 0.000000000000e+00
658 0.000000000000e+00
659 1.073162802124e+00
660 1.155006964755e+01
661 0.000000000000e+00
662 2.185263913736e+00
663 0.000000000000e+00
664 6.942838490491e+00
665 1.146573478245e+01
666 0.000000000000e+00
667 3.702321659500e+00
668 5.373294263373e+00
669 0.000000000000e+00
670 0.000000000000e+00
671 0.000000000000e+00
672 0.000000000000e+00
673 0.000000000000e+00
674 0.000000000000e+00
675 0.000000000000e+00
676 0.000000000000e+00
677 2.118522167639e+00
678 0.000000000000e+00
679 6.690324030909e+00
680 0.000000000000e+00
681 0.000000000000e+00
682 0.000000000000e+00
683 0.000000000000e+00
684 0.000000000000e+00
685 2.222991505904e+00
686 1.153509342708e+01
687 1.254997761598e+00
688 2.547821834788e+00
689 2.470660354663e+00
690 1.176749404286e+01
691 1.851384406152e+00
692 2.144752293331e+00
693 1.082870844771e+01
694 7.056929697154e+00
695 1.338488088602e+01
696 1.044345702202e+01
697 9.191240311548e+00
698 2.273294755351e+00
699 6.931387609741e+00
700 6.459205891484e+00
701 0.000000000000e+00
702 9.990863799782e+00
703 9.637178244796e+00
704 0.000000000000e+00
705 0.000000000000e+00
706 1.288381195470e+00
707 3.948359561794e+00
708 0.000000000000e+00
709 0.000000000000e+00
710 0.000000000000e+00
711 1.362778811275e+01
712 2.465431338120e+01
713 0.000000000000e+00
714 1.942649416464e+00
715 3.769119716731e+00
716 0.000000000000e+00
717 2.957577194280e+00
718 0.000000000000e+00
719 0.000000000000e+00
720 0.000000000000e+00
721 2.795014120294e+00
722 0.000000000000e+00
723 0.000000000000e+00
724 0.000000000000e+00
725 0.000000000000e+00
726 0.000000000000e+00
727 0.000000000000e+00
728 0.000000000000e+00
729 0.000000000000e+00
730 0.000000000000e+00
731 5.619820758390e+00
732 0.000000000000e+00
733 0.000000000000e+00
734 0.000000000000e+00
735 0.000000000000e+00
736 0.000000000000e+00
737 0.000000000000e+00
738 0.000000000000e+00
739 0.000000000000e+00
740 0.000000000000e+00
741 0.000000000000e+00
742 0.000000000000e+00
743 1.223188248226e+00
744 0.000000000000e+00
745 0.000000000000e+00
746 9.532471488446e+00
747 6.622274667966e+00
748 0.000000000000e+00
749 0.000000000000e+00
750 0.000000000000e+00
751 0.000000000000e+00
752 0.000000000000e+00
753 0.000000000000e+00
754 0.000000000000e+00
755 0.000000000000e+00
756 0.000000000000e+00
757 0.000000000000e+00
758 0.000000000000e+00
759 4.906847746847e+00
760 0.000000000000e+00
761 0.000000000000e+00
762 0.000000000000e+00
763 0.000000000000e+00
764 1.789064273720e+00
765 0.000000000000e+00
766 1.157651720023e+01
767 0.000000000000e+00
768 1.840391182096e+00
769 5.096132941457e+00
770 0.000000000000e+00
771 0.000000000000e+00
772 0.000000000000e+00
773 0.000000000000e+00
774 1.899668552301e+00
775 3.184587369212e+00
776 1.258206537862e+01
777 6.971685918285e+00
778 0.000000000000e+00
779 6.384159673820e+00
780 1.121216017977e+01
781 6.518004207183e+00
782 2.744192756393e+00
783 0.000000000000e+00
784 0.000000000000e+00
785 1.340541172547e+01
786 0.000000000000e+00
787 1.683942452509e+00
788 3.134830648102e+00
789 1.110466496696e+00
790 0.000000000000e+00
791 1.177841312204e+01
792 2.565032779485e+00
793 1.005132598416e+01
794 9.860830158181e+00
795 1.042920629754e+01
796 0.000000000000e+00
797 0.000000000000e+00
798 1.390627982708e+01
799 4.229411629466e+00
800 5.133788736820e+00
801 0.000000000000e+00
802 0.000000000000e+00
803 0.000000000000e+00
804 6.580283531085e+00
805 0.000000000000e+00
806 0.000000000000e+00
807 2.787041222810e+00
808 0.000000000000e+00
809 4.808609896970e+00
810 0.000000000000e+00
811 3.011141133878e+00
812 1.034212914911e+01
813 4.295215411755e+00
814 8.937798662339e+00
815 0.000000000000e+00
816 0.000000000000e+00
817 0.000000000000e+00
818 2.910058459261e+00
819 0.000000000000e+00
820 0.000000000000e+00
821 8.568733593981e+00
822 0.000000000000e+00
823 0.000000000000e+00
824 1.430604337299e+01
825 1.278671162317e+00
826 2.093496593408e+01
827 0.000000000000e+00
828 7.429820136556e+00
829 6.785090091658e+00
830 0.000000000000e+00
831 0.000000000000e+00
832 5.306378946615e+00
833 0.000000000000e+00
834 0.000000000000e+00
835 8.449755139493e+00
836 0.000000000000e+00
837 0.000000000000e+00
838 4.972231742418e+00
839 0.000000000000e+00
840 6.745127661476e+00
841 0.000000000000e+00
842 5.157545772391e+00
843 9.835272528943e+00
844 0.000000000000e+00
845 0.000000000000e+00
846 4.796677167606e+00
847 0.000000000000e+00
848 1.022260493865e+00
849 1.761629621883e+01
850 0.000000000000e+00
851 0.000000000000e+00
852 3.623416098691e+00
853 1.265899100486e+01
854 2.706525479443e+00
855 2.108561372895e+01
856 2.611532340166e+01
857 3.572873038422e+00
858 8.329365092644e+00
859 0.000000000000e+00
860 9.184057701418e+00
861 0.000000000000e+00
862 0.000000000000e+00
863 0.000000000000e+00
864 8.312173276630e+00
865 7.614274988272e+00
866 0.000000000000e+00
867 0.000000000000e+00
868 1.079619221746e+01
869 7.819637853397e+00
870 2.692049691540e+00
871 0.000000000000e+00
872 3.138987549180e+00
873 1.555051525651e+01
874 1.777353076199e+00
875 2.267854803353e+00
876 7.796786119335e+00
877 2.210512864397e+01
878 1.883780507298e+01
879 1.044352529612e+01
880 6.782683439867e+00
881 4.994314472157e+00
882 0.000000000000e+00
883 1.131312394797e+01
884 8.643108449748e+00
885 2.838313825373e+00
886 3.933354750901e+00
887 9.610586761878e-01
888 1.665707587040e+01
889 0.000000000000e+00
890 6.029012483829e+00
891 8.951518907258e+00
892 3.063918773347e+00
893 0.000000000000e+00
894 0.000000000000e+00
895 1.516955972371e+01
896 0.000000000000e+00
897 1.751254585045e+00
898 0.000000000000e+00
899 6.152025298437e+00
900 1.897961353391e+01
901 7.113395294467e+00
902 0.000000000000e+00
903 5.054105472721e+00
904 0.000000000000e+00
905 8.722507009197e+00
906 0.000000000000e+00
907 0.000000000000e+00
908 0.000000000000e+00
909 8.239814539512e+00
910 1.019885082566e+01
911 0.000000000000e+00
912 6.074357520048e+00
913 4.499265463393e+00
914 0.000000000000e+00
915 0.000000000000e+00
916 2.617015837325e+00
917 3.916462995899e+00
918 0.000000000000e+00
919 0.000000000000e+00
920 0.000000000000e+00
921 0.000000000000e+00
922 0.000000000000e+00
923 0.000000000000e+00
924 0.000000000000e+00
925 0.000000000000e+00
926 0.000000000000e+00
927 0.000000000000e+00
928 0.000000000000e+00
929 0.000000000000e+00
930 0.000000000000e+00
931 0.000000000000e+00
932 0.000000000000e+00
933 2.822214883117e+00
934 0.000000000000e+00
935 0.000000000000e+00
936 0.000000000000e+00
937 2.785861697812e+00
938 0.000000000000e+00
939 0.000000000000e+00
940 0.000000000000e+00
941 8.602579375030e+00
942 6.524971598502e+00
943 0.000000000000e+00
944 5.838002810229e+00
945 1.260488903236e+01
946 8.917028626146e+00
947 9.121069587328e+00
948 2.922333528899e+00
949 4.330736229051e+00
950 1.570570247540e+01
951 0.000000000000e+00
952 5.949229364563e+00
953 1.048503359545e+01
954 6.560517067131e+00
955 4.368359040591e-02
956 3.249463094221e+00
957 6.496925048095e+00
958 0.000000000000e+00
959 7.619646126386e-01
960 0.000000000000e+00
961 1.190742474848e+01
962 2.423990507405e+01
963 7.361925810920e+00
964 4.373772915094e+00
965 4.239910790153e+00
966 7.191970080910e+00
967 8.556445135715e+00
968 0.000000000000e+00
969 0.000000000000e+00
970 0.000000000000e+00
971 9.802139901194e+00
972 5.488425395348e+00
973 0.000000000000e+00
974 0.000000000000e+00
975 2.480378458972e+00
976 8.467574227508e+00
977 0.000000000000e+00
978 1.831280762053e+00
979 1.273923082457e+01
980 4.560666077213e+00
981 2.250622686080e+01
982 0.000000000000e+00
983 7.195871799503e+00
984 9.390685314478e+00
985 8.594055944489e+00
986 0.000000000000e+00
987 1.110074093134e+01
988 3.407857806785e+00
989 7.522098068703e+00
990 1.552292433525e+01
991 0.000000000000e+00
992 9.474914734512e+00
993 8.678035279562e+00
994 2.192912518668e+00
995 4.902907739609e-01
996 1.547942694661e+00
997 1.744930527834e+01
998 0.000000000000e+00
999 0.000000000000e+00
1000 0.000000000000e+00
1001 0.000000000000e+00
1002 0.000000000000e+00
1003 6.347487387081e+00
1004 1.105920510789e+01
1005 0.000000000000e+00
1006 3.042255842525e+00
1007 0.000000000000e+00
1008 0.000000000000e+00
1009 0.000000000000e+00
1010 0.000000000000e+00
1011 0.000000000000e+00
1012 0.000000000000e+00
1013 0.000000000000e+00
1014 0.000000000000e+00
1015 0.000000000000e+00
1016 0.000000000000e+00
1017 6.548958732378e+00
1018 0.000000000000e+00
1019 0.000000000000e+00
1020 0.000000000000e+00
1021 0.000000000000e+00
1022 0.000000000000e+00
1023 2.138057237625e+01
1024 6.507401526654e-01
1025 6.275498032626e+00
1026 7.589465963888e+00
1027 9.877016688873e+00
1028 0.000000000000e+00
1029 8.375480052450e-01
1030 0.000000000000e+00
1031 0.000000000000e+00
1032 3.018794404148e+00
1033 0.000000000000e+00
1034 0.000000000000e+00
1035 0.000000000000e+00
1036 0.000000000000e+00
1037 0.000000000000e+00
1038 0.000000000000e+00
1039 0.000000000000e+00
1040 0.000000000000e+00
1041 0.000000000000e+00
1042 0.000000000000e+00
1043 0.000000000000e+00
1044 0.000000000000e+00
1045 0.000000000000e+00
1046 0.000000000000e+00
1047 0.000000000000e+00
1048 0.000000000000e+00
1049 0.000000000000e+00
1050 0.000000000000e+00
1051 0.000000000000e+00
1052 1.168148095189e+01
1053 0.000000000000e+00
1054 0.000000000000e+00
1055 0.000000000000e+00
1056 0.000000000000e+00
1057 0.000000000000e+00
1058 0.000000000000e+00
1059 0.000000000000e+00
1060 0.000000000000e+00
1061 0.000000000000e+00
1062 1.964202460928e+00
1063 8.722458457298e+00
1064 7.945490038071e+00
1065 6.429427970565e+00
1066 2.800191939923e+01
1067 0.000000000000e+00
1068 0.000000000000e+00
1069 1.767201038949e-01
1070 0.000000000000e+00
1071 0.000000000000e+00
1072 0.000000000000e+00
1073 0.000000000000e+00
1074 8.802595124143e+00
1075 2.475197371102e+00
1076 0.000000000000e+00
1077 0.000000000000e+00
1078 0.000000000000e+00
1079 0.000000000000e+00
1080 0.000000000000e+00
1081 0.000000000000e+00
1082 0.000000000000e+00
1083 0.000000000000e+00
1084 0.000000000000e+00
1085 0.000000000000e+00
1086 5.194017547371e+00
1087 0.000000000000e+00
1088 1.689511624733e+01
1089 0.000000000000e+00
1090 0.000000000000e+00
1091 7.695775347563e+00
1092 0.000000000000e+00
1093 0.000000000000e+00
1094 0.000000000000e+00
1095 0.000000000000e+00
1096 0.000000000000e+00
1097 0.000000000000e+00
1098 0.000000000000e+00
1099 0.000000000000e+00
1100 0.000000000000e+00
1101 0.000000000000e+00
1102 0.000000000000e+00
1103 0.000000000000e+00
1104 0.000000000000e+00
1105 0.000000000000e+00
1106 0.000000000000e+00
1107 0.000000000000e+00
1108 0.000000000000e+00
1109 0.000000000000e+00
1110 0.000000000000e+00
1111 6.038892548120e+00
1112 0.000000000000e+00
1113 0.000000000000e+00
1114 0.000000000000e+00
1115 0.000000000000e+00
1116 0.000000000000e+00
1117 0.000000000000e+00
1118 0.000000000000e+00
1119 0.000000000000e+00
1120 0.000000000000e+00
1121 0.000000000000e+00
1122 0.000000000000e+00
1123 0.000000000000e+00
1124 0.000000000000e+00
1125 0.000000000000e+00
1126 0.000000000000e+00
1127 0.000000000000e+00
1128 0.000000000000e+00
1129 0.000000000000e+00
1130 0.000000000000e+00
1131 0.000000000000e+00
1132 0.000000000000e+00
1133 0.000000000000e+00
1134 0.000000000000e+00
1135 0.000000000000e+00
1136 0.000000000000e+00
1137 0.000000000000e+00
1138 7.937052591329e-01
1139 1.377812255142e+01
1140 3.368871282829e-01
1141 2.546413711674e+00
1142 5.343931213641e+00
1143 0.000000000000e+00
1144 1.013632666139e+01
1145 2.947041074704e+00
1146 1.218099038980e+01
1147 1.567525359607e+01
1148 0.000000000000e+00
1149 0.000000000000e+00
1150 0.000000000000e+00
1151 0.000000000000e+00
1152 0.000000000000e+00
1153 5.107281633019e+00
1154 0.000000000000e+00
1155 0.000000000000e+00
1156 1.984969359947e+00
1157 0.000000000000e+00
1158 0.000000000000e+00
1159 0.000000000000e+00
1160 0.000000000000e+00
1161 0.000000000000e+00
1162 5.021172762039e+00
1163 0.000000000000e+00
1164 0.000000000000e+00
1165 0.000000000000e+00
1166 2.950761140972e+00
1167 5.343776457532e+00
1168 0.000000000000e+00
1169 0.000000000000e+00
1170 0.000000000000e+00
1171 5.214202099663e+00
1172 0.000000000000e+00
1173 0.000000000000e+00
1174 1.168702432984e+01
1175 5.331767349817e-01
1176 2.046290334781e+01
1177 3.461569339726e+00
1178 7.942522060648e+00
1179 5.253595417424e+00
1180 1.209206997102e+01
1181 0.000000000000e+00
1182 9.384869399473e+00
1183 1.249995293600e+01
1184 0.000000000000e+00
1185 2.004983786526e+00
1186 0.000000000000e+00
1187 0.000000000000e+00
1188 1.627653004386e+01
1189 2.293833916927e+00
1190 1.856637985573e+01
1191 0.000000000000e+00
1192 0.000000000000e+00
1193 4.296612281476e+00
1194 4.631072441360e+00
1195 0.000000000000e+00
1196 7.572405314700e+00
1197 3.924489227599e+00
1198 0.000000000000e+00
1199 0.000000000000e+00
1200 0.000000000000e+00
1201 7.986097839983e+00
1202 7.511825198307e+00
1203 4.274831617415e+00
1204 0.000000000000e+00
1205 0.000000000000e+00
1206 1.239627869593e+01
1207 3.621493441319e+00
1208 2.383647697557e+00
1209 4.306199442429e+00
1210 6.481759787795e+00
1211 5.986094419144e+00
1212 1.092168198246e+01
1213 4.444178631663e+00
1214 1.105965553453e+01
1215 0.000000000000e+00
1216 5.463778979074e-01
1217 1.057220078060e+01
1218 0.000000000000e+00
1219 1.042380810589e+01
1220 1.067504180566e+01
1221 8.598051776161e+00
1222 8.496894241001e+00
1223 5.179249820702e+00
1224 0.000000000000e+00
1225 1.219182758730e+00
1226 1.655655688876e+01
1227 0.000000000000e+00
1228 0.000000000000e+00
1229 0.000000000000e+00
1230 0.000000000000e+00
1231 1.195237418585e+00
1232 2.169693910686e+01
1233 1.451119776921e+01
1234 6.454073623089e+00
1235 0.000000000000e+00
1236 0.000000000000e+00
1237 0.000000000000e+00
1238 0.000000000000e+00
1239 0.000000000000e+00
1240 0.000000000000e+00
1241 4.470910346827e+00
1242 0.000000000000e+00
1243 0.000000000000e+00
1244 0.000000000000e+00
1245 0.000000000000e+00
1246 1.044415412002e+01
1247 0.000000000000e+00
1248 0.000000000000e+00
1249 4.867410823233e+00
1250 4.835850808038e+00
1251 1.666974248399e+00
1252 0.000000000000e+00
1253 6.939494921836e+00
1254 0.000000000000e+00
1255 1.206248438736e+01
1256 1.113922502712e+01
1257 0.000000000000e+00
1258 8.248798354261e+00
1259 0.000000000000e+00
1260 0.000000000000e+00
1261 2.688830209331e+00
1262 0.000000000000e+00
1263 0.000000000000e+00
1264 0.000000000000e+00
1265 3.721850221784e+00
1266 1.621964111382e+01
1267 0.000000000000e+00
1268 2.517643241735e+00
1269 1.027416700439e+01
1270 0.000000000000e+00
1271 0.000000000000e+00
1272 0.000000000000e+00
1273 0.000000000000e+00
1274 0.000000000000e+00
1275 0.000000000000e+00
1276 0.000000000000e+00
1277 3.273670010880e+00
1278 7.165510122172e+00
1279 1.159253260060e+01
1280 0.000000000000e+00
1281 0.000000000000e+00
1282 0.000000000000e+00
1283 0.000000000000e+00
1284 0.000000000000e+00
1285 0.000000000000e+00
1286 0.000000000000e+00
1287 0.000000000000e+00
1288 0.000000000000e+00
1289 0.000000000000e+00
1290 0.000000000000e+00
1291 0.000000000000e+00
1292 0.000000000000e+00
1293 0.000000000000e+00
1294 1.126650259966e+01
1295 0.000000000000e+00
1296 0.000000000000e+00
1297 0.000000000000e+00
1298 0.000000000000e+00
1299 0.000000000000e+00
1300 0.000000000000e+00
1301 0.000000000000e+00
1302 0.000000000000e+00
1303 0.000000000000e+00
1304 0.000000000000e+00
1305 0.000000000000e+00
1306 0.000000000000e+00
1307 0.000000000000e+00
1308 0.000000000000e+00
1309 0.000000000000e+00
1310 0.000000000000e+00
1311 0.000000000000e+00
1312 0.000000000000e+00
1313 0.000000000000e+00
1314 0.000000000000e+00
1315 0.000000000000e+00
1316 0.000000000000e+00
1317 0.000000000000e+00
1318 0.000000000000e+00
1319 0.000000000000e+00
1320 0.000000000000e+00
1321 0.000000000000e+00
1322 0.000000000000e+00
1323 0.000000000000e+00
1324 0.000000000000e+00
1325 0.000000000000e+00
1326 0.000000000000e+00
1327 0.000000000000e+00
1328 0.000000000000e+00
1329 0.000000000000e+00
1330 0.000000000000e+00
1331 0.000000000000e+00
1332 0.000000000000e+00
1333 0.000000000000e+00
1334 0.000000000000e+00
1335 0.000000000000e+00
1336 0.000000000000e+00
1337 0.000000000000e+00
1338 0.000000000000e+00
1339 0.000000000000e+00
1340 0.000000000000e+00
1341 0.000000000000e+00
1342 0.000000000000e+00
1343 0.000000000000e+00
1344 0.000000000000e+00
1345 0.000000000000e+00
1346 0.000000000000e+00
1347 0.000000000000e+00
1348 0.000000000000e+00
1349 0.000000000000e+00
1350 0.000000000000e+00
1351 0.000000000000e+00
1352 0.000000000000e+00
1353 0.000000000000e+00
1354 0.000000000000e+00
1355 0.000000000000e+00
1356 0.000000000000e+00
1357 7.025403844465e+00
1358 0.000000000000e+00
1359 0.000000000000e+00
1360 1.050412157232e+01
1361 0.000000000000e+00
1362 5.859598225930e+00
1363 0.000000000000e+00
1364 0.000000000000e+00
1365 0.000000000000e+00
1366 0.000000000000e+00
1367 0.000000000000e+00
1368 0.000000000000e+00
1369 3.740668832192e+00
1370 0.000000000000e+00
1371 0.000000000000e+00
1372 0.000000000000e+00
1373 0.000000000000e+00
1374 0.000000000000e+00
1375 0.000000000000e+00
1376 0.000000000000e+00
1377 0.000000000000e+00
1378 0.000000000000e+00
1379 0.000000000000e+00
1380 2.555098526092e+00
1381 1.186402440772e+01
1382 4.918165200579e+00
1383 6.500915437691e+00
1384 0.000000000000e+00
1385 9.372546319550e+00
1386 1.297513876868e+00
1387 1.005785965863e+01
1388 0.000000000000e+00
1389 0.000000000000e+00
1390 0.000000000000e+00
1391 0.000000000000e+00
1392 1.293026015000e+01
1393 1.680069283121e+00
1394 2.027933790872e+00
1395 0.000000000000e+00
1396 1.276646648980e+01
1397 0.000000000000e+00
1398 5.990800729878e+00
1399 1.238407669239e+01
1400 9.693169826365e+00
1401 0.000000000000e+00
1402 0.000000000000e+00
1403 0.000000000000e+00
1404 1.235574410207e+01
1405 3.079129481105e+00
1406 0.000000000000e+00
1407 1.922409643938e+00
1408 0.000000000000e+00
1409 9.442669788706e+00
1410 0.000000000000e+00
1411 0.000000000000e+00
1412 3.478925363299e+00
1413 0.000000000000e+00
1414 5.407338128235e+00
1415 7.066135993983e+00
1416 0.000000000000e+00
1417 0.000000000000e+00
1418 0.000000000000e+00
1419 0.000000000000e+00
1420 1.046403921449e+01
1421 9.090707130863e+00
1422 0.000000000000e+00
1423 1.455737945418e+00
1424 6.864874816058e+00
1425 0.000000000000e+00
1426 0.000000000000e+00
1427 0.000000000000e+00
1428 0.000000000000e+00
1429 0.000000000000e+00
1430 0.000000000000e+00
1431 5.261145861583e-01
1432 4.278680586352e+00
1433 7.911842139388e+00
1434 1.140390190402e+01
1435 5.972681764480e+00
1436 0.000000000000e+00
1437 6.716526564477e+00
1438 4.604220524659e+00
1439 0.000000000000e+00
1440 2.034204762795e+00
1441 0.000000000000e+00
1442 0.000000000000e+00
1443 0.000000000000e+00
1444 0.000000000000e+00
1445 0.000000000000e+00
1446 0.000000000000e+00
1447 0.000000000000e+00
1448 0.000000000000e+00
1449 0.000000000000e+00
1450 0.000000000000e+00
1451 0.000000000000e+00
1452 0.000000000000e+00
1453 0.000000000000e+00
1454 0.000000000000e+00
1455 0.000000000000e+00
1456 0.000000000000e+00
1457 0.000000000000e+00
1458 0.000000000000e+00
1459 0.000000000000e+00
1460 0.000000000000e+00
1461 0.000000000000e+00
1462 0.000000000000e+00
1463 0.000000000000e+00
1464 0.000000000000e+00
1465 0.000000000000e+00
1466 0.000000000000e+00
1467 0.000000000000e+00
1468 0.000000000000e+00
1469 0.000000000000e+00
1470 0.000000000000e+00
1471 0.000000000000e+00
1472 0.000000000000e+00
1473 0.000000000000e+00
1474 1.321695939251e+01
1475 0.000000000000e+00
1476 0.000000000000e+00
1477 1.399744392821e+01
1478 0.000000000000e+00
1479 0.000000000000e+00
1480 0.000000000000e+00
1481 0.000000000000e+00
1482 0.000000000000e+00
1483 0.000000000000e+00
1484 0.000000000000e+00
1485 0.000000000000e+00
1486 0.000000000000e+00
1487 0.000000000000e+00
1488 0.000000000000e+00
1489 0.000000000000e+00
1490 0.000000000000e+00
1491 6.323824860829e+00
1492 2.847242981746e+01
1493 0.000000000000e+00
1494 0.000000000000e+00
1495 3.631430814487e+00
1496 0.000000000000e+00
1497 4.687150021775e+00
1498 0.000000000000e+00
1499 0.000000000000e+00
1500 0.000000000000e+00
1501 0.000000000000e+00
1502 0.000000000000e+00
1503 0.000000000000e+00
1504 0.000000000000e+00
1505 0.000000000000e+00
1506 0.000000000000e+00
1507 0.000000000000e+00
1508 0.000000000000e+00
1509 0.000000000000e+00
1510 0.000000000000e+00
1511 0.000000000000e+00
1512 0.000000000000e+00
1513 6.942598201228e+00
1514 0.000000000000e+00
1515 0.000000000000e+00
1516 0.000000000000e+00
1517 0.000000000000e+00
1518 0.000000000000e+00
1519 0.000000000000e+00
1520 5.154296525707e+00
1521 0.000000000000e+00
1522 0.000000000000e+00
1523 1.030706405688e+01
1524 7.220548880769e-01
1525 1.999480913405e+01
1526 1.184709063640e+00
1527 0.000000000000e+00
1528 5.011406036329e+00
1529 1.391738621317e+01
1530 0.000000000000e+00
1531 7.416929974387e+00
1532 1.550652194354e+00
1533 0.000000000000e+00
1534 0.000000000000e+00
1535 0.000000000000e+00
1536 3.430203820212e+00
1537 0.000000000000e+00
1538 1.647376291978e+00
1539 0.000000000000e+00
1540 0.000000000000e+00
1541 1.189053885598e+01
1542 0.000000000000e+00
1543 6.625535235225e+00
1544 1.085472244825e+01
1545 6.629767588482e+00
1546 0.000000000000e+00
1547 0.000000000000e+00
1548 0.000000000000e+00
1549 7.736974068605e+00
1550 6.689810494650e-01
1551 1.856534251286e+00
1552 0.000000000000e+00
1553 0.000000000000e+00
1554 7.424367993498e+00
1555 8.063550782619e+00
1556 2.834821418206e+00
1557 0.000000000000e+00
1558 8.247538181571e+00
1559 1.461959178041e+01
1560 1.441352308821e+01
1561 1.274005511039e+01
1562 0.000000000000e+00
1563 0.000000000000e+00
1564 0.000000000000e+00
1565 2.442530518858e+00
1566 9.549109924715e+00
1567 1.314486836858e+00
1568 2.012845503515e+00
1569 0.000000000000e+00
1570 4.892718357579e+00
1571 0.000000000000e+00
1572 5.574208617649e+00
1573 3.057891285063e+00
1574 9.104988436439e+00
1575 0.000000000000e+00
1576 0.000000000000e+00
1577 5.938741450224e+00
1578 0.000000000000e+00
1579 5.517512427149e+00
1580 0.000000000000e+00
1581 4.074767723583e+00
1582 7.743479629757e+00
1583 0.000000000000e+00
1584 9.813399499818e-01
1585 0.000000000000e+00
1586 0.000000000000e+00
1587 6.758987516542e+00
1588 8.111141982715e-01
1589 7.575047887903e-01
1590 7.297368700711e+00
1591 1.169193196251e+01
1592 7.589770608135e+00
1593 2.196333776736e+00
1594 0.000000000000e+00
1595 1.024803015305e+01
1596 4.015858612816e-01
1597 0.000000000000e+00
1598 1.912153710239e+01
1599 1.966245605082e+01
1600 0.000000000000e+00
1601 0.000000000000e+00
1602 0.000000000000e+00
1603 2.318500679369e+00
1604 2.013400001543e+00
1605 1.638917821021e+00
1606 1.504009867273e+01
1607 5.170310306879e+00
1608 0.000000000000e+00
1609 5.441937141612e+00
1610 8.586294076264e+00
1611 0.000000000000e+00
1612 8.965849933549e+00
1613 1.247096164430e+01
1614 0.000000000000e+00
1615 4.641065688418e+00
1616 0.000000000000e+00
1617 1.053574619431e+00
1618 1.745884230932e+01
1619 0.000000000000e+00
1620 0.000000000000e+00
1621 0.000000000000e+00
1622 0.000000000000e+00
1623 0.000000000000e+00
1624 0.000000000000e+00
1625 0.000000000000e+00
1626 2.765514087405e+00
1627 2.092117236612e+00
1628 4.302575386122e+00
1629 0.000000000000e+00
1630 0.000000000000e+00
1631 0.000000000000e+00
1632 0.000000000000e+00
1633 0.000000000000e+00
1634 7.551448304005e+00
1635 0.000000000000e+00
1636 0.000000000000e+00
1637 0.000000000000e+00
1638 0.000000000000e+00
1639 0.000000000000e+00
1640 2.236975110024e+01
1641 2.686568658476e+00
1642 6.635547345489e+00
1643 1.235811876480e+01
1644 1.010227549419e+01
1645 0.000000000000e+00
1646 0.000000000000e+00
1647 3.330009179113e+00
1648 0.000000000000e+00
1649 5.608159453240e+00
1650 0.000000000000e+00
1651 0.000000000000e+00
1652 1.235831596712e+01
1653 2.287798041283e+00
1654 0.000000000000e+00
1655 1.394442665277e+00
1656 2.805836860286e+00
1657 2.776895625957e+01
1658 0.000000000000e+00
1659 0.000000000000e+00
1660 0.000000000000e+00
1661 5.517107445352e+00
1662 0.000000000000e+00
1663 0.000000000000e+00
1664 0.000000000000e+00
1665 0.000000000000e+00
1666 1.073572574938e+01
1667 5.728120755345e+00
1668 0.000000000000e+00
1669 8.940172814009e+00
1670 4.098152254317e+00
1671 0.000000000000e+00
1672 0.000000000000e+00
1673 3.955647813295e+00
1674 8.982928771605e+00
1675 0.000000000000e+00
1676 0.000000000000e+00
1677 7.008101009918e-01
1678 0.000000000000e+00
1679 4.059284188383e+00
1680 5.120017412041e+00
1681 9.465979517006e+00
1682 5.321071887434e+00
1683 0.000000000000e+00
1684 0.000000000000e+00
1685 0.000000000000e+00
1686 0.000000000000e+00
1687 0.000000000000e+00
1688 0.000000000000e+00
1689 4.893797626322e+00
1690 0.000000000000e+00
1691 8.301555246466e-01
1692 3.181057374161e+00
1693 0.000000000000e+00
1694 0.000000000000e+00
1695 0.000000000000e+00
1696 3.401487068083e+00
1697 5.258531305640e+00
1698 3.471945393339e+00
1699 1.123107326461e+01
1700 4.273313813513e+00
1701 2.125206647331e+01
1702 6.278135341365e+00
1703 0.000000000000e+00
1704 0.000000000000e+00
1705 0.000000000000e+00
1706 0.000000000000e+00
1707 0.000000000000e+00
1708 0.000000000000e+00
1709 4.541803635119e+00
1710 2.881780475654e+00
1711 0.000000000000e+00
1712 0.000000000000e+00
1713 1.074456192301e+01
1714 0.000000000000e+00
