16.107 55.42 27.176
15.179 54.269 27.11
15.884 52.949 27.362
17.079 52.798 27.112
14.495 54.24 25.756
16.684 55.424 26.36
15.578 56.267 27.219
16.677 55.336 27.993
14.466 54.401 27.814
14.819 53.452 25.232
13.505 54.169 25.881
14.705 55.08 25.255
15.164 51.976 27.914
15.743 50.653 28.13
16.067 49.997 26.771
15.291 50.182 25.816
14.64 49.792 28.763
15.126 48.416 29.209
13.975 47.435 29.259
15.798 48.09 28.557
16.607 50.764 28.621
15.52 48.497 30.115
14.197 52.23 28.166
13.911 49.662 28.092
14.281 50.269 29.563
14.525 46.614 27.513
13.201 47.482 30.219
13.831 46.556 28.273
13.092 45.877 28.267
17.133 49.236 26.722
17.517 48.453 25.563
16.374 47.533 25.097
15.816 46.763 25.853
18.745 47.577 25.877
19.034 46.512 24.829
19.999 48.397 26.155
17.725 49.084 24.804
18.44 46.653 24.037
20.512 48.512 25.305
18.559 47.092 26.742
19.99 46.575 24.543
18.862 45.606 25.217
17.704 49.238 27.614
19.734 49.292 26.512
20.563 47.918 26.828
16.028 47.633 23.818
15.183 46.667 23.117
16.092 45.949 22.093
16.6 46.523 21.13
14.013 47.327 22.402
13.227 48.208 23.419
13.137 46.293 21.722
12.17 49.091 22.782
14.924 45.983 23.78
12.406 46.76 21.226
13.694 45.762 21.085
14.363 47.931 21.704
12.795 47.599 24.078
13.889 48.783 23.893
11.504 48.518 22.309
16.422 48.487 23.338
11.713 49.622 23.493
12.745 45.69 22.416
12.606 49.708 22.13
16.35 44.651 22.321
17.284 43.877 21.517
16.84 42.449 21.342
17.66 41.566 21.101
18.718 44.011 22.096
18.904 43.139 23.334
17.304 44.302 20.597
15.818 44.251 23.128
18.86 44.956 22.346
19.358 43.72 21.402
17.917 42.79 23.973
20.109 42.669 23.619
20.27 42.103 24.399
20.884 42.907 23.008
15.552 42.14 21.428
15.01 40.837 21.223
14.334 40.767 19.852
13.791 41.774 19.346
13.955 40.425 22.296
12.984 41.455 22.326
14.589 40.257 23.689
15.752 40.158 21.233
15.144 41.062 23.899
13.866 40.16 24.373
14.945 42.984 21.672
13.519 39.567 21.994
15.166 39.44 23.694
13.424 42.362 22.335
14.152 39.542 19.359
13.491 39.4 18.037
12.149 40.096 18.043
11.769 40.895 17.164
13.315 37.931 17.602
14.635 37.349 17.127
15.244 37.869 15.973
15.231 36.303 17.787
16.459 37.342 15.543
16.434 35.761 17.38
17.057 36.303 16.239
17.934 35.933 15.935
14.076 39.879 17.379
16.898 37.724 14.719
16.856 35.004 17.876
14.479 38.767 19.921
14.774 35.912 18.605
14.816 38.6 15.474
12.691 37.912 16.856
13.022 37.421 18.377
11.321 39.67 19.042
10.003 40.292 19.09
10.022 41.769 19.362
9.199 42.436 18.735
9.161 39.621 20.196
8.348 38.568 19.428
7.537 38.94 18.562
8.694 37.426 19.708
11.68 38.974 19.654
9.581 40.156 18.169
8.565 40.27 20.556
9.753 39.177 20.796
10.764 42.271 20.376
10.595 43.736 20.605
11.107 44.541 19.401
10.56 45.582 19.073
11.345 41.664 20.879
9.623 43.931 20.749
11.108 43.996 21.425
12.263 44.12 18.806
12.79 44.888 17.67
11.883 44.772 16.495
11.483 45.778 15.915
14.249 44.464 17.294
14.689 45.318 16.119
15.098 44.644 18.543
12.836 45.854 17.955
14.314 44.942 15.271
15.639 45.481 18.457
14.208 43.532 16.986
14.357 46.254 16.241
15.688 45.325 16.064
12.681 43.29 19.201
14.5 44.711 19.342
15.708 43.858 18.644
11.271 43.617 16.224
10.313 43.485 15.162
9.107 44.388 15.363
8.603 45.082 14.463
9.837 42.011 15.013
11.555 42.83 16.853
10.754 43.735 14.282
10.637 41.422 14.975
9.274 41.778 15.799
9.309 41.931 14.174
8.463 44.317 16.556
7.313 45.217 16.805
7.766 46.675 16.709
6.999 47.484 16.195
6.758 45.091 18.246
6.101 43.746 18.509
5.507 43.175 17.56
6.186 43.291 19.663
8.82 43.637 17.213
6.658 45.06 16.066
6.087 45.809 18.372
7.519 45.206 18.871
8.939 47.03 17.224
9.318 48.462 17.139
9.443 48.922 15.682
8.875 49.921 15.224
10.604 48.632 17.942
10.955 50.042 18.342
11.481 50.958 17.431
10.733 50.471 19.656
11.808 52.25 17.796
11.047 51.756 20.03
11.568 52.648 19.116
11.875 53.925 19.517
8.59 48.999 17.578
12.202 52.886 17.146
10.896 52.054 20.984
9.502 46.311 17.641
10.345 49.836 20.315
11.627 50.666 16.476
11.366 48.265 17.394
10.524 48.08 18.781
12.809 54.142 19.237
10.229 48.161 14.887
10.336 48.391 13.448
9.015 48.494 12.745
8.748 49.495 12.086
11.083 47.199 12.763
12.58 47.23 13.128
13.299 45.952 12.71
13.183 48.467 12.48
12.723 49.285 12.826
14.158 48.518 12.698
13.067 48.416 11.488
10.74 47.41 15.391
13.222 45.835 11.72
14.264 46.014 12.965
12.882 45.169 13.171
10.852 49.261 13.308
12.665 47.351 14.122
11.004 47.316 11.808
10.706 46.38 13.112
8.118 47.563 12.948
6.787 47.569 12.336
5.946 48.772 12.746
5.143 49.343 12.018
6.119 46.257 12.756
4.657 46.066 12.496
4.011 44.892 13.218
3.161 44.159 12.723
4.415 44.613 14.457
4.159 46.907 12.766
6.911 47.607 11.33
4.511 45.936 11.501
8.428 46.792 13.597
5.157 45.21 14.841
4.014 43.857 14.987
6.283 46.131 13.763
6.627 45.489 12.302
6.094 49.173 14.019
5.241 50.221 14.58
5.768 51.618 14.258
4.956 52.472 13.903
5.106 50.066 16.111
4.568 48.748 16.383
4.096 51.068 16.656
4.319 50.131 14.178
3.605 51.502 15.897
3.438 50.598 17.249
6.838 48.691 14.544
6.026 50.12 16.53
4.571 51.774 17.187
5.299 48.063 16.329
7.045 51.853 14.474
7.653 53.154 14.312
8.443 53.304 13.009
8.878 54.413 12.749
8.571 53.463 15.515
7.753 53.203 16.798
6.635 53.995 17.048
8.089 52.173 17.664
5.85 53.779 18.183
7.297 51.963 18.804
6.2 52.764 19.049
5.435 52.532 20.178
6.916 53.857 14.307
5.054 54.35 18.357
7.537 51.225 19.439
7.592 51.004 14.778
8.863 51.596 17.491
6.389 54.724 16.415
8.806 54.4 15.495
9.316 52.849 15.504
4.994 51.641 20.093
8.705 52.206 12.294
9.463 52.234 11.043
10.865 52.762 11.233
11.348 53.455 10.365
8.729 53.078 9.99
7.543 52.337 9.467
7.282 51.042 9.819
6.51 52.723 8.674
6.181 50.608 9.216
5.701 51.616 8.505
7.843 50.487 10.447
6.363 53.624 8.287
8.321 51.325 12.707
5.795 49.703 9.285
9.52 51.286 10.69
9.348 53.264 9.238
8.42 53.921 10.41
11.556 52.383 12.26
12.895 52.738 12.605
13.33 51.781 13.718
12.472 51.159 14.37
13.052 54.209 13.037
12.186 54.516 14.281
12.593 55.872 14.861
11.519 56.371 15.839
11.883 57.719 16.356
13.497 52.603 11.826
10.65 56.422 15.358
11.456 55.73 16.597
11.238 54.552 14.006
12.341 53.813 14.957
12.874 57.836 16.306
11.434 58.419 15.801
11.583 57.801 17.306
12.674 56.525 14.127
13.441 55.769 15.354
10.983 51.707 12.904
12.746 54.785 12.303
13.991 54.367 13.273
14.617 51.621 13.924
15.148 50.763 14.933
15.046 51.5 16.285
15.158 52.732 16.311
16.639 50.436 14.723
17.004 49.331 13.676
18.489 49.493 13.28
16.83 47.932 14.231
15.877 47.793 14.505
17.073 47.258 13.532
17.423 47.808 15.028
15.226 52.189 13.271
19.053 49.392 14.095
18.724 48.79 12.613
18.621 50.398 12.883
14.598 49.935 15
16.436 49.453 12.88
17.016 50.135 15.597
17.1 51.271 14.426
15.073 50.735 17.362
15.189 51.31 18.7
16.442 52.149 18.829
17.463 51.832 18.193
15.319 50.052 19.589
14.503 49.026 18.861
14.814 49.288 17.378
14.781 48.104 19.112
14.367 51.851 18.928
14.032 49.056 16.81
15.616 48.777 17.093
13.532 49.153 19.036
14.95 50.228 20.497
16.273 49.771 19.656
16.536 53.108 19.762
17.779 53.882 19.896
18.953 53.162 20.494
20.058 53.738 20.517
17.593 55.21 20.646
16.354 55.891 20.095
16.219 56.038 18.861
15.505 56.226 20.927
15.706 53.245 20.343
18.044 54.166 18.943
18.37 55.769 20.471
17.455 55.009 21.589
18.896 51.905 20.934
20.138 51.283 21.348
20.901 50.709 20.135
21.873 49.995 20.34
19.844 50.267 22.429
18.749 49.335 22.018
20.725 52 21.739
17.984 51.47 20.948
19.565 50.752 23.252
20.67 49.74 22.602
17.602 49.735 21.982
19.095 48.098 21.647
18.41 47.44 21.36
20.066 47.834 21.662
20.559 50.979 18.883
21.308 50.529 17.722
22.141 51.627 17.034
21.651 52.731 16.828
20.338 49.979 16.636
19.821 48.613 17.055
20.638 47.5 16.865
18.566 48.477 17.643
20.202 46.249 17.257
18.11 47.217 18.027
18.926 46.119 17.834
18.505 44.863 18.192
21.954 49.798 18.019
20.774 45.443 17.139
17.207 47.114 18.434
19.68 51.559 18.8
17.997 49.273 17.79
21.534 47.608 16.447
20.84 49.883 15.804
19.583 50.594 16.567
19.195 44.194 17.92
23.382 51.327 16.696
24.268 52.219 15.952
24.834 51.46 14.733
25.183 50.273 14.853
25.452 52.76 16.784
26.229 51.653 17.454
24.895 53.758 17.808
27.439 52.069 18.266
23.697 52.947 15.585
25.658 54.157 18.309
24.393 54.466 17.32
26.064 53.244 16.155
25.602 51.137 18.06
26.539 51.002 16.742
27.15 52.683 18.999
23.691 50.368 17.014
27.868 51.257 18.658
24.289 53.27 18.43
28.089 52.539 17.672
24.978 52.137 13.596
25.498 51.436 12.39
26.954 51.079 12.584
27.567 51.572 13.562
25.326 52.316 11.151
26.215 53.434 11.404
23.921 52.821 10.931
24.966 50.595 12.275
23.728 53.59 11.55
23.81 53.134 9.982
24.719 53.12 13.613
25.663 51.83 10.348
23.257 52.088 11.11
25.864 53.983 12.166
27.537 50.246 11.719
28.968 49.912 11.917
29.864 51.145 11.709
30.839 51.326 12.436
29.423 48.777 11.016
26.963 49.887 10.97
29.089 49.583 12.859
29.327 47.906 11.499
28.862 48.76 10.188
30.381 48.912 10.764
29.538 52.06 10.808
30.402 53.243 10.641
30.319 54.141 11.875
31.374 54.543 12.374
30.154 53.965 9.33
29.791 55.323 9.532
28.69 51.89 10.27
31.347 52.922 10.553
29.413 53.506 8.839
30.987 53.936 8.777
28.987 55.367 10.123
29.134 54.348 12.45
29.035 55.124 13.692
29.836 54.487 14.823
30.685 55.124 15.478
27.591 55.228 14.16
26.81 56.377 13.561
25.343 56.011 13.417
24.953 54.895 13.86
24.599 56.831 12.846
26.865 57.14 14.166
29.371 56.062 13.528
27.156 56.559 12.668
28.327 53.933 11.967
27.6 55.351 15.141
27.131 54.389 13.907
29.648 53.168 14.979
30.437 52.446 15.968
31.918 52.732 15.756
32.645 53.057 16.703
30.188 50.964 15.993
28.942 52.747 14.374
30.178 52.761 16.884
31.04 50.469 15.804
29.846 50.688 16.894
29.508 50.718 15.298
32.394 52.543 14.53
33.789 52.771 14.18
34.23 54.175 14.564
35.28 54.28 15.191
34.046 52.497 12.687
34.574 51.091 12.42
34.177 50.541 11.059
35.575 51.11 12.475
34.352 52.118 14.702
34.218 50.476 13.128
31.679 52.216 13.838
34.721 53.152 12.355
33.189 52.608 12.191
34.308 48.653 11.736
33.886 51.305 10.148
34.086 49.223 10.91
33.815 48.805 10.035
33.383 55.201 14.393
33.703 56.555 14.807
33.897 56.697 16.311
34.732 57.486 16.781
32.622 57.531 14.358
32.481 54.935 13.938
34.563 56.843 14.345
33.012 58.185 13.71
31.88 57.027 13.917
32.265 58.022 15.152
33.217 55.869 17.103
33.413 55.842 18.544
34.576 54.957 18.928
34.891 54.888 20.128
32.13 55.465 19.285
30.924 56.3 18.835
29.622 55.578 19.155
30.961 57.694 19.463
31.799 58.161 19.183
30.167 58.217 19.155
30.941 57.61 20.458
32.542 55.252 16.604
29.559 55.424 20.141
28.848 56.136 18.855
29.602 54.698 18.679
33.606 56.783 18.858
30.986 56.452 17.849
32.266 55.633 20.24
31.927 54.525 19.089
35.255 54.325 17.97
36.417 53.514 18.321
36.099 52.04 18.419
36.865 51.284 19.008
34.905 54.454 17.017
37.144 53.658 17.625
36.792 53.839 19.208
34.994 51.578 17.808
34.794 50.115 17.806
35.85 49.47 16.9
36.023 50.011 15.809
33.438 49.716 17.248
33.175 48.241 17.207
33.389 47.301 18.165
32.577 47.543 16.088
32.956 46.071 17.729
32.458 46.198 16.455
32.124 47.95 14.834
31.893 45.242 15.592
31.565 47.026 13.981
31.466 45.686 14.382
31.054 45.03 13.728
34.951 49.789 18.734
32.996 45.221 18.251
32.203 48.911 14.552
31.237 47.304 13.094
31.822 44.288 15.881
33.802 47.472 19.06
34.381 52.251 17.396
33.358 50.054 16.31
32.72 50.125 17.811
36.478 48.4 17.352
37.445 47.651 16.558
36.961 46.197 16.641
37.122 45.524 17.673
38.886 47.698 17.076
39.792 46.759 16.311
39.429 49.136 17.048
37.375 47.939 15.622
40.626 46.589 16.838
39.954 49.266 16.21
38.878 47.387 18.029
39.321 45.89 16.151
40.037 47.168 15.43
36.223 48.131 18.334
38.661 49.771 17.073
40.014 49.275 17.844
36.331 45.756 15.552
35.618 44.489 15.566
36.395 43.339 16.172
35.825 42.636 17.01
35.096 44.093 14.19
36.395 46.376 14.728
34.753 44.611 16.098
35.033 44.905 13.611
35.722 43.435 13.773
34.191 43.68 14.283
37.658 43.14 15.795
38.443 42.039 16.326
38.821 42.212 17.797
39.285 41.257 18.403
39.73 41.806 15.52
40.334 43.061 15.256
38.018 43.826 15.106
37.888 41.19 16.251
39.495 41.371 14.667
40.345 41.254 16.057
40.005 43.734 15.917
38.62 43.387 18.375
38.869 43.546 19.808
37.605 43.18 20.599
37.652 42.926 21.809
39.288 44.983 20.107
40.723 45.336 19.822
41.169 46.56 20.617
42.646 46.87 20.368
42.955 47.241 18.958
39.607 42.927 20.083
42.922 47.629 20.977
43.192 46.058 20.623
41.313 44.565 20.07
40.833 45.534 18.846
42.27 47.891 18.63
43.862 47.659 18.917
42.939 46.42 18.389
41.045 46.379 21.584
40.631 47.343 20.331
38.291 44.14 17.762
39.103 45.161 21.085
38.695 45.596 19.566
36.447 43.215 19.939
35.193 42.928 20.656
34.99 43.979 21.775
34.56 43.604 22.87
36.501 43.446 18.946
34.426 42.976 20.023
35.241 42.022 21.067
35.277 45.235 21.476
35.183 46.311 22.45
33.922 47.157 22.32
33.904 48.312 22.744
36.459 47.177 22.316
36.492 48.005 21.06
35.154 45.879 23.372
35.576 45.388 20.485
37.246 46.561 22.324
36.499 47.783 23.109
35.756 47.781 20.089
37.275 49.081 20.987
37.318 49.642 20.194
37.847 49.316 21.797
32.852 46.649 21.705
31.689 47.463 21.431
31.067 48.069 22.702
30.776 49.268 22.67
30.61 46.733 20.619
29.429 47.583 20.186
29.806 48.885 19.487
28.44 46.803 19.302
28.091 46.022 19.814
27.686 47.404 19.046
28.913 46.487 18.483
32.934 45.647 21.452
30.333 48.68 18.663
28.975 49.381 19.236
30.357 49.447 20.104
31.958 48.23 20.824
28.863 47.803 21.003
30.262 45.991 21.181
31.043 46.374 19.798
30.817 47.287 23.725
30.229 47.739 24.973
31.099 48.698 25.777
30.539 49.481 26.551
29.839 46.571 25.873
31.085 46.274 23.565
29.344 48.21 24.765
28.988 46.788 26.35
29.71 45.751 25.317
30.564 46.409 26.541
32.407 48.736 25.584
33.292 49.672 26.244
33.162 51.058 25.633
33.213 52.074 26.31
34.764 49.289 26.001
35.091 47.97 26.646
34.804 47.839 27.846
35.608 47.073 25.964
32.755 48.013 24.896
32.994 49.745 27.204
35.327 49.996 26.396
34.898 49.219 25.026
33.124 51.062 24.288
33.095 52.352 23.603
31.668 52.842 23.429
31.515 54.012 23.107
33.842 52.365 22.252
35.239 51.773 22.392
33.081 51.63 21.173
33.588 53.019 24.174
35.912 52.511 22.42
33.437 51.892 20.274
33.955 53.317 21.979
35.292 51.241 23.236
35.429 51.179 21.611
33.118 50.157 23.838
33.19 50.642 21.299
32.109 51.867 21.227
30.667 51.977 23.51
29.295 52.454 23.257
28.363 51.603 24.122
27.721 50.681 23.639
28.933 52.352 21.775
30.906 51.019 23.746
29.227 53.398 23.546
29.332 53.124 21.283
29.292 51.497 21.405
27.94 52.369 21.675
28.359 51.904 25.423
27.615 51.122 26.401
26.154 50.988 26.008
25.6 51.943 25.495
27.814 51.882 27.715
29.067 52.668 27.526
29.131 53.008 26.06
29.048 53.506 28.086
28.036 50.212 26.529
30.07 53.01 25.722
28.699 53.885 25.866
29.87 52.125 27.802
27.903 51.241 28.484
27.032 52.489 27.894
25.603 49.791 26.086
24.217 49.499 25.75
23.882 49.548 24.267
22.722 49.38 23.867
26.269 49.039 26.422
23.973 48.571 26.115
23.607 50.156 26.25
24.89 49.638 23.402
24.577 49.733 21.953
24.753 48.358 21.306
25.621 47.59 21.733
25.449 50.778 21.258
25.366 52.154 21.929
24.03 52.841 21.632
24.021 54.213 22.344
22.723 54.895 22.162
23.627 50.021 21.854
24.192 54.06 23.316
24.755 54.769 21.957
25.456 52.038 22.916
26.106 52.727 21.586
22.832 55.664 21.529
22.054 54.251 21.788
22.395 55.237 23.044
23.301 52.301 21.996
23.953 52.994 20.669
25.826 49.637 23.784
25.141 50.873 20.321
26.392 50.475 21.292
24.001 48.203 20.212
24.207 46.981 19.412
24.477 47.422 17.968
24.016 48.498 17.599
22.953 46.132 19.544
22.928 45.313 20.701
23.34 48.93 20.001
25.018 46.526 19.75
22.875 45.539 18.731
22.149 46.74 19.565
22.038 44.866 20.773
25.18 46.626 17.158
25.307 47.003 15.725
23.967 46.773 15.06
23.389 45.693 15.256
26.386 46.163 15.003
27.739 46.354 15.652
26.382 46.476 13.493
28.394 47.706 15.477
25.475 47.982 15.721
27.028 45.867 13.045
25.462 46.327 13.144
26.126 45.204 15.087
27.649 46.169 16.645
28.37 45.648 15.287
27.805 48.413 15.866
25.592 45.801 17.57
29.276 47.71 15.947
26.653 47.425 13.369
28.532 47.884 14.504
23.424 47.732 14.333
22.23 47.578 13.561
21.966 48.675 12.562
22.464 49.798 12.775
23.966 48.645 14.375
22.258 46.677 13.064
21.421 47.504 14.194
21.083 48.485 11.58
20.831 49.532 10.603
21.61 49.513 9.284
21.256 50.223 8.349
20.617 47.566 11.58
19.815 49.542 10.379
20.984 50.456 11.057
22.646 48.764 9.094
23.429 48.62 7.864
22.628 47.904 6.794
21.753 47.058 7.066
24.693 47.795 8.219
25.655 48.64 9.05
25.826 49.843 8.753
26.39 48.174 9.926
22.925 48.2 9.976
23.618 49.549 7.526
25.131 47.542 7.381
24.407 47.022 8.749
22.993 48.126 5.543
22.407 47.54 4.347
22.61 46.038 4.298
23.681 45.632 4.738
23.12 48.126 3.091
22.753 49.632 3.044
22.743 47.396 1.801
21.311 49.886 2.718
21.413 47.696 4.414
23.232 47.816 1.041
23.001 46.437 1.889
24.082 48.055 3.231
22.971 50.025 3.934
23.33 50.059 2.351
20.728 49.459 3.411
23.812 48.821 5.474
21.137 50.872 2.702
21.759 47.477 1.664
21.094 49.499 1.821
21.628 45.255 3.922
21.839 43.804 3.828
21.685 43.477 2.323
20.585 43.722 1.859
20.758 42.967 4.516
20.901 41.478 4.286
21.89 40.779 4.884
19.977 40.793 3.515
22.044 39.407 4.707
20.071 39.401 3.375
21.109 38.724 3.968
21.187 37.727 3.863
22.778 43.631 4.054
22.829 38.94 5.117
19.368 38.914 2.834
20.734 45.713 3.706
19.242 41.282 3.057
22.553 41.249 5.488
19.882 43.245 4.156
20.819 43.129 5.488
22.751 43.14 1.645
22.619 43.021 0.181
21.791 41.882 -0.317
21.393 41.926 -1.483
24.02 42.961 -0.444
24.634 44.227 -0.347
23.607 42.979 2.156
22.198 43.9 -0.151
23.93 42.711 -1.397
24.559 42.295 0.051
23.934 44.941 -0.338
21.523 40.81 0.42
20.659 39.735 -0.031
21.212 39.083 -1.339
20.471 38.686 -2.235
19.272 40.266 -0.279
18.254 39.128 -0.397
20.674 39.012 0.665
21.992 40.81 1.359
19.262 40.775 -1.13
18.999 40.842 0.481
18.562 38.072 0.194
17.164 39.343 -1.128
16.478 38.644 -1.229
17.044 40.234 -1.582
22.506 38.98 -1.443
23.251 38.484 -2.606
22.826 37.09 -3.051
22.72 36.854 -4.27
24.76 38.438 -2.306
25.353 39.737 -1.766
26.79 39.518 -1.324
27.575 40.74 -1.182
27.664 41.509 -0.102
26.961 41.171 0.983
28.426 42.597 -0.04
24.827 40.037 -0.981
23.105 39.129 -3.378
28.115 41.038 -2.001
25.346 40.424 -2.48
28.463 43.157 0.755
28.986 42.844 -0.852
23.029 39.304 -0.562
27.234 38.919 -2.003
26.772 39.035 -0.44
27.016 41.771 1.802
26.402 40.358 0.992
25.237 38.211 -3.153
24.918 37.721 -1.629
22.52 36.22 -2.083
22.068 34.878 -2.434
20.585 34.755 -2.645
20.066 33.662 -2.94
22.595 33.898 -1.385
24.119 33.931 -1.298
24.614 33.528 0.077
24.193 34.129 1.131
25.465 32.622 0.078
24.475 33.289 -1.944
22.562 34.572 -3.278
24.416 34.848 -1.465
22.627 36.566 -1.126
22.334 33 -1.654
22.244 34.169 -0.518
19.821 35.846 -2.548
18.381 35.747 -2.826
17.605 34.872 -1.847
16.493 34.475 -2.19
20.298 36.706 -2.279
17.98 36.686 -2.825
18.253 35.385 -3.772
18.078 34.667 -0.624
17.312 33.907 0.371
16.15 34.757 0.904
15.216 34.105 1.354
18.117 33.32 1.514
17.409 32.312 2.434
18.351 31.126 2.526
18.266 30.101 3.628
19.285 29.001 3.358
16.935 33.088 -0.066
18.483 30.519 4.498
17.365 29.693 3.643
17.299 32.711 3.315
16.574 32.035 2.018
20.038 29.107 3.997
18.84 28.122 3.487
19.606 29.094 2.422
19.329 31.501 2.52
18.299 30.613 1.614
19.008 35.077 -0.434
18.448 34.08 2.097
18.931 32.857 1.129
16.172 36.094 0.896
15.001 36.889 1.25
14.327 37.3 -0.068
14.964 37.343 -1.131
15.355 38.127 2.09
16.24 37.826 3.301
16.58 39.128 4.052
15.465 36.862 4.206
15.265 36.025 3.701
16.019 36.646 5.008
14.612 37.294 4.493
17.085 36.508 0.619
15.734 39.556 4.361
17.156 38.91 4.836
17.065 39.742 3.434
14.368 36.324 1.759
17.086 37.4 2.993
14.514 38.517 2.423
15.846 38.756 1.509
13.032 37.487 -0.091
12.296 37.852 -1.275
12.761 39.231 -1.796
12.977 40.208 -1.055
10.858 37.845 -0.784
10.987 38.32 0.659
12.169 37.498 1.148
11.19 39.283 0.684
12.39 37.163 -2.001
11.903 36.579 1.381
12.644 37.944 1.884
10.17 38.102 1.163
10.468 36.931 -0.81
10.292 38.478 -1.303
13.06 39.259 -3.091
13.589 40.473 -3.728
12.484 41.043 -4.594
11.507 40.367 -4.949
12.893 38.375 -3.602
13.843 41.128 -3.029
14.371 40.237 -4.29
12.499 42.358 -4.745
11.499 43.043 -5.594
12.17 44.362 -6.035
12.886 44.968 -5.222
10.249 43.333 -4.805
8.934 43.651 -5.461
7.932 44.162 -4.435
6.575 44.455 -5.042
6.145 43.453 -6.059
11.325 42.496 -6.39
5.885 44.486 -4.303
6.6 45.369 -5.475
9.068 44.357 -6.154
8.563 42.828 -5.886
6.201 43.861 -6.969
6.745 42.656 -6.011
5.203 43.176 -5.872
8.289 45.003 -4.029
7.821 43.468 -3.723
13.244 42.86 -4.237
10.467 44.115 -4.153
10.089 42.527 -4.167
11.854 44.84 -7.24
12.474 46.135 -7.591
12.099 47.193 -6.572
10.956 47.291 -6.127
12.032 46.619 -8.989
12.576 45.704 -9.931
11.24 44.313 -7.811
13.469 46.01 -7.567
12.406 47.508 -9.145
11.057 46.595 -9.035
12.886 44.883 -9.454
13.079 47.977 -6.148
12.859 49.028 -5.184
13.049 48.634 -3.729
13.295 49.54 -2.908
14.012 47.767 -6.57
13.484 49.818 -5.395
11.908 49.403 -5.302
12.985 47.327 -3.44
13.151 46.885 -2.055
14.606 46.785 -1.67
15.41 46.046 -2.272
12.507 45.499 -1.856
12.721 44.867 -0.478
12.047 43.477 -0.375
10.604 43.634 -0.451
9.761 42.784 -0.988
10.224 41.669 -1.551
8.483 43.014 -1.05
12.32 45.447 0.222
12.695 47.555 -1.449
10.212 44.489 -0.047
13.693 44.743 -0.314
7.846 42.376 -1.475
8.103 43.873 -0.654
12.819 46.705 -4.232
12.301 43.091 0.494
12.37 42.936 -1.131
9.569 41.023 -1.982
11.195 41.467 -1.551
12.889 44.879 -2.54
11.523 45.592 -2.002
14.958 47.422 -0.564
16.247 47.366 0.06
16.101 46.625 1.391
15.022 46.736 1.963
16.712 48.807 0.423
16.7 49.606 -0.742
18.085 48.875 1.039
16.873 46.843 -0.515
18.658 48.123 0.696
18.527 49.748 0.808
14.157 48.009 -0.16
16.051 49.192 1.096
18.021 48.801 2.04
15.804 49.555 -1.204
17.13 45.977 1.856
17.072 45.237 3.123
18.137 45.852 4.005
19.122 46.412 3.5
17.348 43.746 2.969
16.231 43.007 2.271
16.086 42.788 0.945
15.123 42.359 2.896
14.925 42.093 0.682
14.316 41.832 1.883
14.723 42.249 4.261
13.139 41.127 2.136
13.545 41.538 4.475
12.765 40.999 3.447
11.924 40.515 3.682
16.192 45.416 3.533
14.591 41.83 -0.211
15.235 42.639 4.98
13.242 41.409 5.434
12.606 40.741 1.384
16.733 43.088 0.234
17.992 46.019 1.272
17.45 43.337 3.865
18.164 43.619 2.423
17.866 45.81 5.319
18.858 46.194 6.331
18.801 45.113 7.407
17.862 44.308 7.421
18.598 47.595 6.904
18.789 48.752 5.901
18.233 50.099 6.33
17.503 50.929 5.424
16.775 51.194 4.367
16.471 50.232 3.475
16.23 52.403 4.14
18.349 48.494 5.026
19.755 46.19 5.92
17.622 52.07 5.919
19.78 48.862 5.722
15.707 52.587 3.339
16.375 53.131 4.829
16.908 45.487 5.552
19.037 50.643 6.711
17.645 49.923 7.172
15.93 50.46 2.666
16.786 49.301 3.629
19.227 47.747 7.661
17.657 47.632 7.23
19.758 45.04 8.291
19.819 44.083 9.364
20.217 44.745 10.696
20.764 45.852 10.723
20.84 43.01 9.014
22.285 43.502 8.821
23.197 42.284 8.772
23.175 41.37 9.634
23.998 42.175 7.818
22.338 43.948 7.971
18.922 43.631 9.483
22.53 44.026 9.59
20.521 45.775 8.15
20.564 42.587 8.163
20.857 42.349 9.751
20.103 43.991 11.787
20.58 44.465 13.083
20.856 43.293 13.99
20.151 42.277 13.831
19.446 45.362 13.705
19.661 43.069 11.64
21.432 44.979 12.942
19.727 45.624 14.619
19.334 46.161 13.129
18.611 44.828 13.733
21.836 43.37 14.872
22.143 42.294 15.793
21.031 42.104 16.844
20.47 43.107 17.336
23.438 42.574 16.551
24.667 42.428 15.664
24.477 42.39 14.435
25.795 42.411 16.164
22.369 44.271 14.848
22.182 41.437 15.262
23.507 41.926 17.297
23.403 43.504 16.892
20.75 40.854 17.147
19.724 40.53 18.138
20.4 39.804 19.283
21.379 39.025 19.119
18.572 39.74 17.527
17.691 40.66 16.695
17.733 38.947 18.538
16.923 41.773 17.418
19.401 41.399 18.497
17.067 38.4 18.038
18.341 38.358 19.063
18.955 39.049 16.922
18.265 41.093 15.976
17.01 40.088 16.2
17.577 42.372 17.871
21.299 40.137 16.641
16.396 42.287 16.748
17.27 39.591 19.141
16.314 41.36 18.089
19.924 40.099 20.505
20.41 39.462 21.716
21.865 39.755 21.994
22.476 38.948 22.725
20.255 37.932 21.825
18.858 37.445 21.588
19.874 39.845 22.489
19.174 40.828 20.499
20.546 37.662 22.745
20.868 37.515 21.15
17.849 38.069 21.916
18.714 36.305 20.908
17.811 35.937 20.716
19.531 35.815 20.588
22.419 40.867 21.576
23.807 41.157 21.961
23.785 42.013 23.238
23.006 42.97 23.317
24.452 41.946 20.798
25.841 42.45 21.119
26.925 41.604 20.979
26.04 43.757 21.606
28.199 42.06 21.265
27.317 44.214 21.884
28.389 43.361 21.692
29.664 43.751 22.027
24.261 40.298 22.173
28.988 41.446 21.161
27.463 45.141 22.217
21.847 41.481 20.996
25.255 44.346 21.746
26.793 40.665 20.673
23.871 42.726 20.6
24.508 41.341 20.013
30.299 43.007 21.825
24.76 41.854 24.094
24.904 42.636 25.34
26.305 43.231 25.326
26.474 44.46 25.226
24.684 41.666 26.516
23.271 41.521 26.713
25.301 42.183 27.792
24.244 43.372 25.323
26.032 42.84 27.582
24.604 42.643 28.353
25.459 41.109 23.831
25.066 40.759 26.269
25.692 41.423 28.321
22.894 40.858 26.058
27.306 42.34 25.199
28.679 42.818 25.044
29.659 41.736 24.59
29.315 40.553 24.548
29.152 43.391 26.401
29.231 42.331 27.311
27.029 41.359 25.22
28.677 43.548 24.337
28.487 44.048 26.705
30.04 43.793 26.272
28.31 42.035 27.572
30.896 42.113 24.258
31.876 41.146 23.807
31.807 40.952 22.278
31.419 41.837 21.508
31.08 43.127 24.351
32.803 41.455 24.05
31.713 40.257 24.251
32.254 39.775 21.828
32.224 39.518 20.378
30.782 39.352 19.929
29.961 38.87 20.705
33.097 38.295 20.056
34.535 38.612 20.375
35.326 39.37 19.54
35.105 38.15 21.548
36.636 39.658 19.826
36.424 38.416 21.861
37.183 39.176 20.999
38.142 39.385 21.22
32.578 40.34 19.934
37.185 40.208 19.192
36.822 38.051 22.717
32.591 39.122 22.524
34.546 37.609 22.187
34.926 39.73 18.682
33.027 38.119 19.105
32.811 37.565 20.626
30.449 39.683 18.695
29.1 39.541 18.169
28.639 38.104 18.082
29.455 37.161 18.043
29.06 40.224 16.803
29.292 41.744 16.998
29.273 42.423 15.655
28.023 42.31 14.883
27.992 41.848 13.632
29.164 41.429 13.12
26.875 41.835 12.94
30.175 41.876 17.416
28.461 40.052 18.776
27.175 42.59 15.314
28.564 42.105 17.555
26.855 41.508 12.002
26.017 42.161 13.364
31.244 40.06 18.12
30.028 42.04 15.095
29.473 43.408 15.793
29.156 41.089 12.152
29.985 41.447 13.647
28.177 40.109 16.415
29.786 39.883 16.255
27.32 37.89 17.999
26.798 36.518 18.026
26.282 36.156 16.644
26.435 36.999 15.748
25.723 36.359 19.121
24.547 37.296 18.93
27.57 35.916 18.223
26.738 38.727 17.919
26.148 36.551 20.001
25.393 35.42 19.096
24.328 37.82 17.839
23.69 37.607 19.939
22.954 38.183 19.83
23.883 37.178 20.849
25.456 35.128 16.524
24.898 34.727 15.255
23.447 35.058 14.991
22.916 34.582 13.975
25.171 33.213 15.149
24.315 32.467 16.017
25.247 34.637 17.426
25.46 35.178 14.509
26.116 33.042 15.405
25.009 32.925 14.212
23.523 32.149 15.501
22.792 35.956 15.731
21.398 36.298 15.572
21.165 37.658 14.949
21.784 38.672 15.327
20.7 36.414 16.945
20.754 35.098 17.72
20.858 34.026 17.094
20.714 35.172 18.957
23.409 36.409 16.469
20.988 35.608 14.941
19.756 36.652 16.787
21.169 37.109 17.466
20.268 37.689 13.951
20.181 38.969 13.261
18.738 39.124 12.909
18.048 38.138 12.703
21.014 39.034 11.944
22.48 38.715 12.079
23.329 39.925 12.44
24.672 39.485 12.653
25.286 38.894 13.64
24.707 38.659 14.828
26.555 38.568 13.457
22.828 38.346 11.211
20.45 39.687 13.885
25.33 39.683 11.813
22.612 38.023 12.797
27.074 38.12 14.215
27.013 38.75 12.593
19.75 36.871 13.763
22.959 40.315 13.266
23.289 40.557 11.685
25.21 38.224 15.561
23.749 38.93 14.965
20.918 39.962 11.581
20.6 38.386 11.302
18.298 40.363 12.873
16.937 40.595 12.367
17.146 41.308 11.006
18.086 42.095 10.942
16.097 41.442 13.319
14.665 41.591 12.796
16.657 42.871 13.527
13.794 41.989 14.032
16.563 39.714 12.158
16.079 43.338 14.188
17.588 42.793 13.867
16.053 40.975 14.198
14.625 42.308 12.157
14.351 40.74 12.474
14.146 42.843 14.392
18.922 41.09 13.197
12.858 42.093 13.726
16.641 43.341 12.652
13.867 41.265 14.704
16.281 41.014 10.039
16.399 41.569 8.719
15.083 42.252 8.362
14.037 41.596 8.476
16.599 40.471 7.635
17.786 39.566 7.714
19.11 40.287 7.639
17.83 38.647 8.946
17.023 38.061 8.946
18.654 38.086 8.907
17.841 39.207 9.771
15.525 40.355 10.328
19.187 40.938 8.397
19.862 39.626 7.697
19.178 40.785 6.772
17.12 42.261 8.713
17.74 38.884 6.959
16.624 40.952 6.746
15.763 39.9 7.652
15.184 43.489 7.878
13.944 44.2 7.604
14.077 45.055 6.332
15.163 45.54 6.074
13.559 45.106 8.784
14.599 46.149 9.123
15.674 45.774 9.923
14.522 47.457 8.645
16.655 46.733 10.216
15.506 48.396 8.982
16.526 48.03 9.772
17.518 48.905 10.143
13.215 43.526 7.445
17.46 46.459 10.757
15.425 49.33 8.622
16.114 43.849 7.734
13.768 47.728 8.061
15.752 44.863 10.278
13.422 44.529 9.585
12.71 45.573 8.551
18.169 48.432 10.735
12.993 45.052 5.594
12.979 45.673 4.288
12.394 47.089 4.349
11.799 47.532 5.342
12.187 44.777 3.37
10.795 44.848 3.51
12.169 44.58 6.015
13.93 45.753 3.961
12.478 43.813 3.524
12.427 45.003 2.407
10.384 45.197 2.666
12.569 47.731 3.188
12.115 49.098 2.99
10.603 49.09 2.921
10.036 50.111 3.364
12.817 49.674 1.743
12.519 48.854 0.615
13.05 47.171 2.456
12.388 49.636 3.785
13.791 49.669 1.898
12.477 50.585 1.58
11.881 48.137 0.889
9.943 47.959 2.622
8.488 47.914 2.738
8.04 47.121 3.995
6.913 46.651 4.126
7.86 47.413 1.469
8.434 46.077 1.051
9.497 45.607 1.508
7.772 45.431 0.215
10.528 47.175 2.321
8.164 48.858 2.868
8.033 48.07 0.746
6.885 47.304 1.617
8.901 46.972 4.976
8.679 46.465 6.315
8.345 44.995 6.522
7.581 44.628 7.419
7.689 47.4 7.132
8.264 48.817 7.124
7.75 49.859 6.393
9.466 49.305 7.701
8.543 50.959 6.571
9.61 50.659 7.352
10.456 48.726 8.499
10.673 51.448 7.738
11.498 49.515 8.919
11.634 50.844 8.535
12.424 51.367 8.833
9.547 46.656 6.863
8.356 51.873 6.172
10.407 47.765 8.758
12.192 49.11 9.531
10.746 52.402 7.458
6.937 49.816 5.829
9.903 47.293 4.676
7.67 47.094 8.043
6.847 47.421 6.67
8.912 44.112 5.697
8.821 42.676 5.792
9.902 42.367 6.83
10.859 43.144 6.876
9.187 41.903 4.522
8.403 42.307 3.26
8.858 41.476 2.07
6.908 42.087 3.473
6.596 42.643 4.243
6.411 42.353 2.647
6.738 41.122 3.668
9.47 44.592 4.917
8.698 40.506 2.258
8.343 41.746 1.256
9.834 41.626 1.91
7.958 42.426 6.166
8.568 43.273 3.076
9.008 40.943 4.684
10.147 42.059 4.333
9.71 41.439 7.757
10.749 41.238 8.769
11.079 39.757 8.845
10.158 38.971 8.908
10.263 41.773 10.138
10.005 43.283 10.04
11.265 41.457 11.247
9.619 44.054 11.265
11.564 41.698 8.426
10.896 41.78 12.115
11.407 40.47 11.28
9.405 41.328 10.351
10.845 43.711 9.632
9.278 43.42 9.327
10.341 43.978 11.955
8.841 40.916 7.708
9.488 45.019 11.031
12.124 41.921 11.045
8.766 43.688 11.641
12.32 39.377 8.891
12.843 38.041 8.941
13.883 38.028 10.036
14.472 39.065 10.362
13.605 37.663 7.627
12.631 37.311 6.502
11.894 38.276 5.854
12.452 35.968 6.156
11 37.925 4.858
11.544 35.607 5.142
10.855 36.593 4.507
9.96 36.29 3.501
12.113 37.417 9.197
10.461 38.629 4.392
11.424 34.649 4.911
13.003 40.232 8.889
12.965 35.262 6.623
12 39.24 6.1
14.16 36.877 7.817
14.134 38.442 7.352
10.285 36.688 2.646
14.226 36.815 10.479
15.325 36.656 11.382
16.187 35.467 10.978
15.647 34.574 10.316
14.786 36.306 12.81
13.846 35.076 12.833
13.489 34.801 14.312
12.59 33.579 14.453
12.302 33.306 15.903
15.901 37.485 11.364
11.731 33.748 13.979
13.049 32.788 14.06
13.028 35.291 12.344
14.322 34.303 12.472
12.329 32.321 16.059
12.993 33.758 16.461
11.398 33.662 16.126
13.013 35.594 14.671
14.332 34.64 14.811
13.641 36.043 10.117
14.281 37.09 13.143
15.565 36.112 13.388
17.375 35.438 11.527
18.179 34.211 11.445
18.856 34.044 12.779
19.243 35.037 13.384
19.264 34.318 10.33
20.09 33.166 10.308
20.188 35.522 10.594
17.565 33.447 11.293
20.19 36.119 9.792
19.853 36.028 11.389
17.688 36.293 11.996
18.784 34.396 9.427
21.116 35.194 10.771
20.104 32.754 9.388
18.973 32.805 13.258
19.71 32.488 14.468
20.881 31.591 14.096
21.686 31.262 14.97
18.811 31.78 15.507
18.341 30.55 14.925
17.555 32.609 15.839
20.071 33.333 14.857
17.077 32.839 14.991
16.952 32.073 16.43
18.483 32.079 12.68
19.369 31.552 16.321
17.828 33.448 16.309
18.32 30.626 13.924
21.036 31.303 12.776
22.214 30.452 12.457
23.224 31.113 11.511
23.768 30.519 10.558
21.689 29.1 11.927
20.836 29.308 10.708
20.8 30.407 10.095
20.022 28.46 10.327
20.382 31.664 12.142
22.693 30.283 13.335
21.15 28.69 12.641
22.471 28.55 11.692
23.505 32.393 11.783
24.418 33.163 10.949
24.008 33.082 9.479
24.856 32.744 8.644
25.873 32.707 11.112
26.874 33.789 10.904
23.026 32.773 12.618
24.376 34.127 11.233
26.056 31.97 10.45
25.993 32.333 12.04
26.791 35.135 11.179
28.493 32.688 10.11
29.712 34.844 10.013
28.772 34.717 10.35
28.129 33.577 10.398
28.001 35.683 10.814
26.014 35.606 11.563
22.796 33.439 9.086
22.361 33.582 7.725
22.252 32.303 6.884
21.933 32.412 5.695
23.304 34.548 6.905
23.544 35.894 7.6
22.659 36.955 7.584
24.733 36.07 8.25
23.009 38.152 8.264
25.111 37.236 8.902
24.184 38.29 8.894
24.632 39.41 9.586
21.425 34.023 7.726
22.325 38.908 8.255
25.975 37.327 9.345
22.137 33.621 9.913
25.401 35.29 8.264
21.797 36.904 7.115
22.869 34.717 6.035
24.172 34.091 6.795
23.939 40.123 9.524
22.411 31.132 7.473
22.145 29.882 6.751
20.681 29.802 6.415
20.305 29.499 5.266
22.574 28.703 7.647
24.058 28.711 7.955
24.538 27.58 8.828
24.566 28.679 7.08
22.666 29.91 5.896
24.286 29.587 8.409
22.729 31.164 8.455
22.353 27.853 7.176
22.072 28.761 8.505
24.796 28.82 10.388
24.574 26.44 8.348
24.876 27.838 10.095
25.188 27.117 10.717
19.801 30.04 7.441
18.365 29.96 7.208
17.664 31.193 7.818
18.201 31.879 8.69
17.701 28.715 7.834
18.021 28.692 9.244
18.224 27.388 7.236
18.194 29.967 6.222
18.666 27.575 6.36
18.883 26.981 7.867
20.244 30.266 8.334
16.695 28.797 7.742
17.456 26.764 7.101
18.845 29.237 9.418
16.498 31.518 7.285
15.774 32.711 7.698
14.314 32.35 7.996
13.805 31.532 7.243
15.735 33.825 6.626
17.125 34.318 6.3
17.89 33.684 5.316
17.709 35.38 6.937
19.151 34.126 4.991
18.969 35.822 6.641
19.703 35.184 5.647
20.622 35.505 5.424
16.174 33.017 8.563
19.666 33.65 4.254
19.369 36.607 7.14
16.149 30.86 6.559
17.18 35.864 7.665
17.506 32.891 4.839
15.223 34.57 6.992
15.347 33.444 5.816
13.698 32.99 8.998
12.269 32.76 9.224
11.549 34.092 9.102
12.012 35.099 9.625
11.974 32.233 10.655
12.789 31.05 10.8
10.51 31.989 10.915
11.931 32.148 8.514
10.258 31.056 10.638
10.307 32.1 11.894
14.281 33.614 9.554
12.284 32.915 11.32
9.951 32.642 10.394
13.76 31.288 10.709
10.467 34.139 8.339
9.658 35.323 8.231
8.931 35.592 9.564
8.158 34.748 10.034
8.612 35.175 7.107
7.843 36.507 6.97
6.914 36.531 5.763
6.447 37.995 5.489
5.176 37.745 4.743
10.241 36.116 8.031
6.262 38.415 6.327
7.088 38.415 4.919
7.302 36.647 7.803
8.51 37.251 6.886
4.465 38.354 5.092
5.325 37.922 3.772
4.9 36.794 4.874
6.114 35.992 5.95
7.399 36.218 4.967
10.261 33.248 7.831
7.98 34.481 7.361
9.077 35.003 6.271
9.127 36.778 10.153
8.446 37.084 11.418
7.432 38.179 11.342
6.584 38.243 12.271
9.32 37.223 12.662
10.324 38.372 12.579
10.023 35.905 12.951
11.169 38.512 13.834
7.95 36.227 11.673
10.505 35.979 13.822
9.341 35.178 12.999
8.716 37.4 13.45
10.925 38.214 11.802
9.821 39.22 12.439
11.681 37.668 13.981
9.76 37.417 9.669
11.802 39.275 13.72
10.672 35.716 12.217
10.571 38.684 14.614
7.372 39.018 10.33
6.288 39.946 10.123
6.081 39.957 8.582
7.084 40.021 7.846
6.377 41.373 10.657
6.788 41.479 12.129
5.591 41.216 13.062
5.951 41.41 14.462
6.61 40.616 15.265
7.014 39.393 14.839
6.92 40.991 16.523
4.926 39.98 8.165
5.466 39.605 10.534
5.634 42.316 14.88
7.485 40.802 12.329
7.123 42.394 12.315
7.4 40.382 17.128
6.652 41.909 16.833
8.198 38.952 9.673
5.3 40.278 12.917
4.87 41.85 12.81
7.501 38.791 15.474
6.824 39.112 13.908
5.483 41.803 10.561
7.052 41.871 10.117
