16.107000 55.420000 27.176000 1.824000
15.179000 54.269000 27.110000 1.908000
15.884000 52.949000 27.362000 1.908000
17.079000 52.798000 27.112000 1.661200
14.495000 54.240000 25.756000 1.908000
16.684000 55.424000 26.360000 0.600000
15.578000 56.267000 27.219000 0.600000
16.677000 55.336000 27.993000 0.600000
14.466000 54.401000 27.814000 1.100000
14.819000 53.452000 25.232000 1.487000
13.505000 54.169000 25.881000 1.487000
14.705000 55.080000 25.255000 1.487000
15.164000 51.976000 27.914000 1.824000
15.743000 50.653000 28.130000 1.908000
16.067000 49.997000 26.771000 1.908000
15.291000 50.182000 25.816000 1.661200
14.640000 49.792000 28.763000 1.908000
15.126000 48.416000 29.209000 1.908000
13.975000 47.435000 29.259000 1.908000
15.798000 48.090000 28.557000 1.487000
16.607000 50.764000 28.621000 1.387000
15.520000 48.497000 30.115000 1.487000
14.197000 52.230000 28.166000 0.600000
13.911000 49.662000 28.092000 1.487000
14.281000 50.269000 29.563000 1.487000
14.525000 46.614000 27.513000 0.600000
13.201000 47.482000 30.219000 1.661200
13.831000 46.556000 28.273000 1.824000
13.092000 45.877000 28.267000 0.600000
17.133000 49.236000 26.722000 1.824000
17.517000 48.453000 25.563000 1.908000
16.374000 47.533000 25.097000 1.908000
15.816000 46.763000 25.853000 1.661200
18.745000 47.577000 25.877000 1.908000
19.034000 46.512000 24.829000 1.908000
19.999000 48.397000 26.155000 1.908000
17.725000 49.084000 24.804000 1.387000
18.440000 46.653000 24.037000 1.487000
20.512000 48.512000 25.305000 1.487000
18.559000 47.092000 26.742000 1.487000
19.990000 46.575000 24.543000 1.487000
18.862000 45.606000 25.217000 1.487000
17.704000 49.238000 27.614000 0.600000
19.734000 49.292000 26.512000 1.487000
20.563000 47.918000 26.828000 1.487000
16.028000 47.633000 23.818000 1.824000
15.183000 46.667000 23.117000 1.908000
16.092000 45.949000 22.093000 1.908000
16.600000 46.523000 21.130000 1.661200
14.013000 47.327000 22.402000 1.908000
13.227000 48.208000 23.419000 1.908000
13.137000 46.293000 21.722000 1.908000
12.170000 49.091000 22.782000 1.908000
14.924000 45.983000 23.780000 1.387000
12.406000 46.760000 21.226000 1.487000
13.694000 45.762000 21.085000 1.487000
14.363000 47.931000 21.704000 1.487000
12.795000 47.599000 24.078000 1.487000
13.889000 48.783000 23.893000 1.487000
11.504000 48.518000 22.309000 1.487000
16.422000 48.487000 23.338000 0.600000
11.713000 49.622000 23.493000 1.487000
12.745000 45.690000 22.416000 1.487000
12.606000 49.708000 22.130000 1.487000
16.350000 44.651000 22.321000 1.824000
17.284000 43.877000 21.517000 1.908000
16.840000 42.449000 21.342000 1.908000
17.660000 41.566000 21.101000 1.661200
18.718000 44.011000 22.096000 1.908000
18.904000 43.139000 23.334000 1.908000
17.304000 44.302000 20.597000 1.387000
15.818000 44.251000 23.128000 0.600000
18.860000 44.956000 22.346000 1.487000
19.358000 43.720000 21.402000 1.487000
17.917000 42.790000 23.973000 1.661200
20.109000 42.669000 23.619000 1.824000
20.270000 42.103000 24.399000 0.600000
20.884000 42.907000 23.008000 0.600000
15.552000 42.140000 21.428000 1.824000
15.010000 40.837000 21.223000 1.908000
14.334000 40.767000 19.852000 1.908000
13.791000 41.774000 19.346000 1.661200
13.955000 40.425000 22.296000 1.908000
12.984000 41.455000 22.326000 1.721000
14.589000 40.257000 23.689000 1.908000
15.752000 40.158000 21.233000 1.387000
15.144000 41.062000 23.899000 1.487000
13.866000 40.160000 24.373000 1.487000
14.945000 42.984000 21.672000 0.600000
13.519000 39.567000 21.994000 1.387000
15.166000 39.440000 23.694000 1.487000
13.424000 42.362000 22.335000 0.600000
14.152000 39.542000 19.359000 1.824000
13.491000 39.400000 18.037000 1.908000
12.149000 40.096000 18.043000 1.908000
11.769000 40.895000 17.164000 1.661200
13.315000 37.931000 17.602000 1.908000
14.635000 37.349000 17.127000 1.908000
15.244000 37.869000 15.973000 1.908000
15.231000 36.303000 17.787000 1.908000
16.459000 37.342000 15.543000 1.908000
16.434000 35.761000 17.380000 1.908000
17.057000 36.303000 16.239000 1.908000
17.934000 35.933000 15.935000 1.459000
14.076000 39.879000 17.379000 1.387000
16.898000 37.724000 14.719000 1.459000
16.856000 35.004000 17.876000 1.459000
14.479000 38.767000 19.921000 0.600000
14.774000 35.912000 18.605000 1.459000
14.816000 38.600000 15.474000 1.459000
12.691000 37.912000 16.856000 1.487000
13.022000 37.421000 18.377000 1.487000
11.321000 39.670000 19.042000 1.824000
10.003000 40.292000 19.090000 1.908000
10.022000 41.769000 19.362000 1.908000
9.199000 42.436000 18.735000 1.661200
9.161000 39.621000 20.196000 1.908000
8.348000 38.568000 19.428000 1.908000
7.537000 38.940000 18.562000 1.661200
8.694000 37.426000 19.708000 1.661200
11.680000 38.974000 19.654000 0.600000
9.581000 40.156000 18.169000 1.387000
8.565000 40.270000 20.556000 1.487000
9.753000 39.177000 20.796000 1.487000
10.764000 42.271000 20.376000 1.824000
10.595000 43.736000 20.605000 1.908000
11.107000 44.541000 19.401000 1.908000
10.560000 45.582000 19.073000 1.661200
11.345000 41.664000 20.879000 0.600000
9.623000 43.931000 20.749000 1.387000
11.108000 43.996000 21.425000 1.387000
12.263000 44.120000 18.806000 1.824000
12.790000 44.888000 17.670000 1.908000
11.883000 44.772000 16.495000 1.908000
11.483000 45.778000 15.915000 1.661200
14.249000 44.464000 17.294000 1.908000
14.689000 45.318000 16.119000 1.908000
15.098000 44.644000 18.543000 1.908000
12.836000 45.854000 17.955000 1.387000
14.314000 44.942000 15.271000 1.487000
15.639000 45.481000 18.457000 1.487000
14.208000 43.532000 16.986000 1.487000
14.357000 46.254000 16.241000 1.487000
15.688000 45.325000 16.064000 1.487000
12.681000 43.290000 19.201000 0.600000
14.500000 44.711000 19.342000 1.487000
15.708000 43.858000 18.644000 1.487000
11.271000 43.617000 16.224000 1.824000
10.313000 43.485000 15.162000 1.908000
9.107000 44.388000 15.363000 1.908000
8.603000 45.082000 14.463000 1.661200
9.837000 42.011000 15.013000 1.908000
11.555000 42.830000 16.853000 0.600000
10.754000 43.735000 14.282000 1.387000
10.637000 41.422000 14.975000 1.487000
9.274000 41.778000 15.799000 1.487000
9.309000 41.931000 14.174000 1.487000
8.463000 44.317000 16.556000 1.824000
7.313000 45.217000 16.805000 1.908000
7.766000 46.675000 16.709000 1.908000
6.999000 47.484000 16.195000 1.661200
6.758000 45.091000 18.246000 1.908000
6.101000 43.746000 18.509000 1.908000
5.507000 43.175000 17.560000 1.661200
6.186000 43.291000 19.663000 1.661200
8.820000 43.637000 17.213000 0.600000
6.658000 45.060000 16.066000 1.387000
6.087000 45.809000 18.372000 1.487000
7.519000 45.206000 18.871000 1.487000
8.939000 47.030000 17.224000 1.824000
9.318000 48.462000 17.139000 1.908000
9.443000 48.922000 15.682000 1.908000
8.875000 49.921000 15.224000 1.661200
10.604000 48.632000 17.942000 1.908000
10.955000 50.042000 18.342000 1.908000
11.481000 50.958000 17.431000 1.908000
10.733000 50.471000 19.656000 1.908000
11.808000 52.250000 17.796000 1.908000
11.047000 51.756000 20.030000 1.908000
11.568000 52.648000 19.116000 1.908000
11.875000 53.925000 19.517000 1.721000
8.590000 48.999000 17.578000 1.387000
12.202000 52.886000 17.146000 1.459000
10.896000 52.054000 20.984000 1.459000
9.502000 46.311000 17.641000 0.600000
10.345000 49.836000 20.315000 1.459000
11.627000 50.666000 16.476000 1.459000
11.366000 48.265000 17.394000 1.487000
10.524000 48.080000 18.781000 1.487000
12.809000 54.142000 19.237000 0.600000
10.229000 48.161000 14.887000 1.824000
10.336000 48.391000 13.448000 1.908000
9.015000 48.494000 12.745000 1.908000
8.748000 49.495000 12.086000 1.661200
11.083000 47.199000 12.763000 1.908000
12.580000 47.230000 13.128000 1.908000
13.299000 45.952000 12.710000 1.908000
13.183000 48.467000 12.480000 1.908000
12.723000 49.285000 12.826000 1.487000
14.158000 48.518000 12.698000 1.487000
13.067000 48.416000 11.488000 1.487000
10.740000 47.410000 15.391000 0.600000
13.222000 45.835000 11.720000 1.487000
14.264000 46.014000 12.965000 1.487000
12.882000 45.169000 13.171000 1.487000
10.852000 49.261000 13.308000 1.387000
12.665000 47.351000 14.122000 1.487000
11.004000 47.316000 11.808000 1.487000
10.706000 46.380000 13.112000 1.487000
8.118000 47.563000 12.948000 1.824000
6.787000 47.569000 12.336000 1.908000
5.946000 48.772000 12.746000 1.908000
5.143000 49.343000 12.018000 1.661200
6.119000 46.257000 12.756000 1.908000
4.657000 46.066000 12.496000 1.908000
4.011000 44.892000 13.218000 1.908000
3.161000 44.159000 12.723000 1.661200
4.415000 44.613000 14.457000 1.824000
4.159000 46.907000 12.766000 1.487000
6.911000 47.607000 11.330000 1.387000
4.511000 45.936000 11.501000 1.487000
8.428000 46.792000 13.597000 0.600000
5.157000 45.210000 14.841000 0.600000
4.014000 43.857000 14.987000 0.600000
6.283000 46.131000 13.763000 1.487000
6.627000 45.489000 12.302000 1.487000
6.094000 49.173000 14.019000 1.824000
5.241000 50.221000 14.580000 1.908000
5.768000 51.618000 14.258000 1.908000
4.956000 52.472000 13.903000 1.661200
5.106000 50.066000 16.111000 1.908000
4.568000 48.748000 16.383000 1.721000
4.096000 51.068000 16.656000 1.908000
4.319000 50.131000 14.178000 1.387000
3.605000 51.502000 15.897000 1.487000
3.438000 50.598000 17.249000 1.487000
6.838000 48.691000 14.544000 0.600000
6.026000 50.120000 16.530000 1.387000
4.571000 51.774000 17.187000 1.487000
5.299000 48.063000 16.329000 0.600000
7.045000 51.853000 14.474000 1.824000
7.653000 53.154000 14.312000 1.908000
8.443000 53.304000 13.009000 1.908000
8.878000 54.413000 12.749000 1.661200
8.571000 53.463000 15.515000 1.908000
7.753000 53.203000 16.798000 1.908000
6.635000 53.995000 17.048000 1.908000
8.089000 52.173000 17.664000 1.908000
5.850000 53.779000 18.183000 1.908000
7.297000 51.963000 18.804000 1.908000
6.200000 52.764000 19.049000 1.908000
5.435000 52.532000 20.178000 1.721000
6.916000 53.857000 14.307000 1.387000
5.054000 54.350000 18.357000 1.459000
7.537000 51.225000 19.439000 1.459000
7.592000 51.004000 14.778000 0.600000
8.863000 51.596000 17.491000 1.459000
6.389000 54.724000 16.415000 1.459000
8.806000 54.400000 15.495000 1.487000
9.316000 52.849000 15.504000 1.487000
4.994000 51.641000 20.093000 0.600000
8.705000 52.206000 12.294000 1.824000
9.463000 52.234000 11.043000 1.908000
10.865000 52.762000 11.233000 1.908000
11.348000 53.455000 10.365000 1.661200
8.729000 53.078000 9.990000 1.908000
7.543000 52.337000 9.467000 1.908000
7.282000 51.042000 9.819000 1.824000
6.510000 52.723000 8.674000 1.908000
6.181000 50.608000 9.216000 1.908000
5.701000 51.616000 8.505000 1.824000
7.843000 50.487000 10.447000 0.600000
6.363000 53.624000 8.287000 1.409000
8.321000 51.325000 12.707000 0.600000
5.795000 49.703000 9.285000 1.359000
9.520000 51.286000 10.690000 1.387000
9.348000 53.264000 9.238000 1.487000
8.420000 53.921000 10.410000 1.487000
11.556000 52.383000 12.260000 1.824000
12.895000 52.738000 12.605000 1.908000
13.330000 51.781000 13.718000 1.908000
12.472000 51.159000 14.370000 1.661200
13.052000 54.209000 13.037000 1.908000
12.186000 54.516000 14.281000 1.908000
12.593000 55.872000 14.861000 1.908000
11.519000 56.371000 15.839000 1.908000
11.883000 57.719000 16.356000 1.824000
13.497000 52.603000 11.826000 1.387000
10.650000 56.422000 15.358000 1.100000
11.456000 55.730000 16.597000 1.100000
11.238000 54.552000 14.006000 1.487000
12.341000 53.813000 14.957000 1.487000
12.874000 57.836000 16.306000 0.600000
11.434000 58.419000 15.801000 0.600000
11.583000 57.801000 17.306000 0.600000
12.674000 56.525000 14.127000 1.487000
13.441000 55.769000 15.354000 1.487000
10.983000 51.707000 12.904000 0.600000
12.746000 54.785000 12.303000 1.487000
13.991000 54.367000 13.273000 1.487000
14.617000 51.621000 13.924000 1.824000
15.148000 50.763000 14.933000 1.908000
15.046000 51.500000 16.285000 1.908000
15.158000 52.732000 16.311000 1.661200
16.639000 50.436000 14.723000 1.908000
17.004000 49.331000 13.676000 1.908000
18.489000 49.493000 13.280000 1.908000
16.830000 47.932000 14.231000 1.908000
15.877000 47.793000 14.505000 1.487000
17.073000 47.258000 13.532000 1.487000
17.423000 47.808000 15.028000 1.487000
15.226000 52.189000 13.271000 0.600000
19.053000 49.392000 14.095000 1.487000
18.724000 48.790000 12.613000 1.487000
18.621000 50.398000 12.883000 1.487000
14.598000 49.935000 15.000000 1.387000
16.436000 49.453000 12.880000 1.487000
17.016000 50.135000 15.597000 1.487000
17.100000 51.271000 14.426000 1.487000
15.073000 50.735000 17.362000 1.824000
15.189000 51.310000 18.700000 1.908000
16.442000 52.149000 18.829000 1.908000
17.463000 51.832000 18.193000 1.661200
15.319000 50.052000 19.589000 1.908000
14.503000 49.026000 18.861000 1.908000
14.814000 49.288000 17.378000 1.908000
14.781000 48.104000 19.112000 1.487000
14.367000 51.851000 18.928000 1.387000
14.032000 49.056000 16.810000 1.387000
15.616000 48.777000 17.093000 1.387000
13.532000 49.153000 19.036000 1.487000
14.950000 50.228000 20.497000 1.487000
16.273000 49.771000 19.656000 1.487000
16.536000 53.108000 19.762000 1.824000
17.779000 53.882000 19.896000 1.908000
18.953000 53.162000 20.494000 1.908000
20.058000 53.738000 20.517000 1.661200
17.593000 55.210000 20.646000 1.908000
16.354000 55.891000 20.095000 1.908000
16.219000 56.038000 18.861000 1.661200
15.505000 56.226000 20.927000 1.661200
15.706000 53.245000 20.343000 0.600000
18.044000 54.166000 18.943000 1.387000
18.370000 55.769000 20.471000 1.487000
17.455000 55.009000 21.589000 1.487000
18.896000 51.905000 20.934000 1.824000
20.138000 51.283000 21.348000 1.908000
20.901000 50.709000 20.135000 1.908000
21.873000 49.995000 20.340000 1.661200
19.844000 50.267000 22.429000 1.908000
18.749000 49.335000 22.018000 1.908000
20.725000 52.000000 21.739000 1.387000
17.984000 51.470000 20.948000 0.600000
19.565000 50.752000 23.252000 1.487000
20.670000 49.740000 22.602000 1.487000
17.602000 49.735000 21.982000 1.661200
19.095000 48.098000 21.647000 1.824000
18.410000 47.440000 21.360000 0.600000
20.066000 47.834000 21.662000 0.600000
20.559000 50.979000 18.883000 1.824000
21.308000 50.529000 17.722000 1.908000
22.141000 51.627000 17.034000 1.908000
21.651000 52.731000 16.828000 1.661200
20.338000 49.979000 16.636000 1.908000
19.821000 48.613000 17.055000 1.908000
20.638000 47.500000 16.865000 1.908000
18.566000 48.477000 17.643000 1.908000
20.202000 46.249000 17.257000 1.908000
18.110000 47.217000 18.027000 1.908000
18.926000 46.119000 17.834000 1.908000
18.505000 44.863000 18.192000 1.721000
21.954000 49.798000 18.019000 1.387000
20.774000 45.443000 17.139000 1.459000
17.207000 47.114000 18.434000 1.459000
19.680000 51.559000 18.800000 0.600000
17.997000 49.273000 17.790000 1.459000
21.534000 47.608000 16.447000 1.459000
20.840000 49.883000 15.804000 1.487000
19.583000 50.594000 16.567000 1.487000
19.195000 44.194000 17.920000 0.600000
23.382000 51.327000 16.696000 1.824000
24.268000 52.219000 15.952000 1.908000
24.834000 51.460000 14.733000 1.908000
25.183000 50.273000 14.853000 1.661200
25.452000 52.760000 16.784000 1.908000
26.229000 51.653000 17.454000 1.908000
24.895000 53.758000 17.808000 1.908000
27.439000 52.069000 18.266000 1.908000
23.697000 52.947000 15.585000 1.387000
25.658000 54.157000 18.309000 1.487000
24.393000 54.466000 17.320000 1.487000
26.064000 53.244000 16.155000 1.487000
25.602000 51.137000 18.060000 1.487000
26.539000 51.002000 16.742000 1.487000
27.150000 52.683000 18.999000 1.487000
23.691000 50.368000 17.014000 0.600000
27.868000 51.257000 18.658000 1.487000
24.289000 53.270000 18.430000 1.487000
28.089000 52.539000 17.672000 1.487000
24.978000 52.137000 13.596000 1.824000
25.498000 51.436000 12.390000 1.908000
26.954000 51.079000 12.584000 1.908000
27.567000 51.572000 13.562000 1.661200
25.326000 52.316000 11.151000 1.908000
26.215000 53.434000 11.404000 1.721000
23.921000 52.821000 10.931000 1.908000
24.966000 50.595000 12.275000 1.387000
23.728000 53.590000 11.550000 1.487000
23.810000 53.134000 9.982000 1.487000
24.719000 53.120000 13.613000 0.600000
25.663000 51.830000 10.348000 1.387000
23.257000 52.088000 11.110000 1.487000
25.864000 53.983000 12.166000 0.600000
27.537000 50.246000 11.719000 1.824000
28.968000 49.912000 11.917000 1.908000
29.864000 51.145000 11.709000 1.908000
30.839000 51.326000 12.436000 1.661200
29.423000 48.777000 11.016000 1.908000
26.963000 49.887000 10.970000 0.600000
29.089000 49.583000 12.859000 1.387000
29.327000 47.906000 11.499000 1.487000
28.862000 48.760000 10.188000 1.487000
30.381000 48.912000 10.764000 1.487000
29.538000 52.060000 10.808000 1.824000
30.402000 53.243000 10.641000 1.908000
30.319000 54.141000 11.875000 1.908000
31.374000 54.543000 12.374000 1.661200
30.154000 53.965000 9.330000 1.908000
29.791000 55.323000 9.532000 1.721000
28.690000 51.890000 10.270000 0.600000
31.347000 52.922000 10.553000 1.387000
29.413000 53.506000 8.839000 1.387000
30.987000 53.936000 8.777000 1.387000
28.987000 55.367000 10.123000 0.600000
29.134000 54.348000 12.450000 1.824000
29.035000 55.124000 13.692000 1.908000
29.836000 54.487000 14.823000 1.908000
30.685000 55.124000 15.478000 1.661200
27.591000 55.228000 14.160000 1.908000
26.810000 56.377000 13.561000 1.908000
25.343000 56.011000 13.417000 1.908000
24.953000 54.895000 13.860000 1.661200
24.599000 56.831000 12.846000 1.661200
26.865000 57.140000 14.166000 1.487000
29.371000 56.062000 13.528000 1.387000
27.156000 56.559000 12.668000 1.487000
28.327000 53.933000 11.967000 0.600000
27.600000 55.351000 15.141000 1.487000
27.131000 54.389000 13.907000 1.487000
29.648000 53.168000 14.979000 1.824000
30.437000 52.446000 15.968000 1.908000
31.918000 52.732000 15.756000 1.908000
32.645000 53.057000 16.703000 1.661200
30.188000 50.964000 15.993000 1.908000
28.942000 52.747000 14.374000 0.600000
30.178000 52.761000 16.884000 1.387000
31.040000 50.469000 15.804000 1.487000
29.846000 50.688000 16.894000 1.487000
29.508000 50.718000 15.298000 1.487000
32.394000 52.543000 14.530000 1.824000
33.789000 52.771000 14.180000 1.908000
34.230000 54.175000 14.564000 1.908000
35.280000 54.280000 15.191000 1.661200
34.046000 52.497000 12.687000 1.908000
34.574000 51.091000 12.420000 1.908000
34.177000 50.541000 11.059000 1.908000
35.575000 51.110000 12.475000 1.487000
34.352000 52.118000 14.702000 1.387000
34.218000 50.476000 13.128000 1.487000
31.679000 52.216000 13.838000 0.600000
34.721000 53.152000 12.355000 1.487000
33.189000 52.608000 12.191000 1.487000
34.308000 48.653000 11.736000 0.600000
33.886000 51.305000 10.148000 1.661200
34.086000 49.223000 10.910000 1.824000
33.815000 48.805000 10.035000 0.600000
33.383000 55.201000 14.393000 1.824000
33.703000 56.555000 14.807000 1.908000
33.897000 56.697000 16.311000 1.908000
34.732000 57.486000 16.781000 1.661200
32.622000 57.531000 14.358000 1.908000
32.481000 54.935000 13.938000 0.600000
34.563000 56.843000 14.345000 1.387000
33.012000 58.185000 13.710000 1.487000
31.880000 57.027000 13.917000 1.487000
32.265000 58.022000 15.152000 1.487000
33.217000 55.869000 17.103000 1.824000
33.413000 55.842000 18.544000 1.908000
34.576000 54.957000 18.928000 1.908000
34.891000 54.888000 20.128000 1.661200
32.130000 55.465000 19.285000 1.908000
30.924000 56.300000 18.835000 1.908000
29.622000 55.578000 19.155000 1.908000
30.961000 57.694000 19.463000 1.908000
31.799000 58.161000 19.183000 1.487000
30.167000 58.217000 19.155000 1.487000
30.941000 57.610000 20.458000 1.487000
32.542000 55.252000 16.604000 0.600000
29.559000 55.424000 20.141000 1.487000
28.848000 56.136000 18.855000 1.487000
29.602000 54.698000 18.679000 1.487000
33.606000 56.783000 18.858000 1.387000
30.986000 56.452000 17.849000 1.487000
32.266000 55.633000 20.240000 1.487000
31.927000 54.525000 19.089000 1.487000
35.255000 54.325000 17.970000 1.824000
36.417000 53.514000 18.321000 1.908000
36.099000 52.040000 18.419000 1.908000
36.865000 51.284000 19.008000 1.661200
34.905000 54.454000 17.017000 0.600000
37.144000 53.658000 17.625000 1.387000
36.792000 53.839000 19.208000 1.387000
34.994000 51.578000 17.808000 1.824000
34.794000 50.115000 17.806000 1.908000
35.850000 49.470000 16.900000 1.908000
36.023000 50.011000 15.809000 1.661200
33.438000 49.716000 17.248000 1.908000
33.175000 48.241000 17.207000 1.908000
33.389000 47.301000 18.165000 1.908000
32.577000 47.543000 16.088000 1.908000
32.956000 46.071000 17.729000 1.824000
32.458000 46.198000 16.455000 1.908000
32.124000 47.950000 14.834000 1.908000
31.893000 45.242000 15.592000 1.908000
31.565000 47.026000 13.981000 1.908000
31.466000 45.686000 14.382000 1.908000
31.054000 45.030000 13.728000 1.459000
34.951000 49.789000 18.734000 1.387000
32.996000 45.221000 18.251000 0.600000
32.203000 48.911000 14.552000 1.459000
31.237000 47.304000 13.094000 1.459000
31.822000 44.288000 15.881000 1.459000
33.802000 47.472000 19.060000 1.409000
34.381000 52.251000 17.396000 0.600000
33.358000 50.054000 16.310000 1.487000
32.720000 50.125000 17.811000 1.487000
36.478000 48.400000 17.352000 1.824000
37.445000 47.651000 16.558000 1.908000
36.961000 46.197000 16.641000 1.908000
37.122000 45.524000 17.673000 1.661200
38.886000 47.698000 17.076000 1.908000
39.792000 46.759000 16.311000 1.908000
39.429000 49.136000 17.048000 1.908000
37.375000 47.939000 15.622000 1.387000
40.626000 46.589000 16.838000 1.487000
39.954000 49.266000 16.210000 1.487000
38.878000 47.387000 18.029000 1.487000
39.321000 45.890000 16.151000 1.487000
40.037000 47.168000 15.430000 1.487000
36.223000 48.131000 18.334000 0.600000
38.661000 49.771000 17.073000 1.487000
40.014000 49.275000 17.844000 1.487000
36.331000 45.756000 15.552000 1.824000
35.618000 44.489000 15.566000 1.908000
36.395000 43.339000 16.172000 1.908000
35.825000 42.636000 17.010000 1.661200
35.096000 44.093000 14.190000 1.908000
36.395000 46.376000 14.728000 0.600000
34.753000 44.611000 16.098000 1.387000
35.033000 44.905000 13.611000 1.487000
35.722000 43.435000 13.773000 1.487000
34.191000 43.680000 14.283000 1.487000
37.658000 43.140000 15.795000 1.824000
38.443000 42.039000 16.326000 1.908000
38.821000 42.212000 17.797000 1.908000
39.285000 41.257000 18.403000 1.661200
39.730000 41.806000 15.520000 1.908000
40.334000 43.061000 15.256000 1.721000
38.018000 43.826000 15.106000 0.600000
37.888000 41.190000 16.251000 1.387000
39.495000 41.371000 14.667000 1.387000
40.345000 41.254000 16.057000 1.387000
40.005000 43.734000 15.917000 0.600000
38.620000 43.387000 18.375000 1.824000
38.869000 43.546000 19.808000 1.908000
37.605000 43.180000 20.599000 1.908000
37.652000 42.926000 21.809000 1.661200
39.288000 44.983000 20.107000 1.908000
40.723000 45.336000 19.822000 1.908000
41.169000 46.560000 20.617000 1.908000
42.646000 46.870000 20.368000 1.908000
42.955000 47.241000 18.958000 1.824000
39.607000 42.927000 20.083000 1.387000
42.922000 47.629000 20.977000 1.100000
43.192000 46.058000 20.623000 1.100000
41.313000 44.565000 20.070000 1.487000
40.833000 45.534000 18.846000 1.487000
42.270000 47.891000 18.630000 0.600000
43.862000 47.659000 18.917000 0.600000
42.939000 46.420000 18.389000 0.600000
41.045000 46.379000 21.584000 1.487000
40.631000 47.343000 20.331000 1.487000
38.291000 44.140000 17.762000 0.600000
39.103000 45.161000 21.085000 1.487000
38.695000 45.596000 19.566000 1.487000
36.447000 43.215000 19.939000 1.824000
35.193000 42.928000 20.656000 1.908000
34.990000 43.979000 21.775000 1.908000
34.560000 43.604000 22.870000 1.661200
36.501000 43.446000 18.946000 0.600000
34.426000 42.976000 20.023000 1.387000
35.241000 42.022000 21.067000 1.387000
35.277000 45.235000 21.476000 1.824000
35.183000 46.311000 22.450000 1.908000
33.922000 47.157000 22.320000 1.908000
33.904000 48.312000 22.744000 1.661200
36.459000 47.177000 22.316000 1.908000
36.492000 48.005000 21.060000 1.908000
35.154000 45.879000 23.372000 1.387000
35.576000 45.388000 20.485000 0.600000
37.246000 46.561000 22.324000 1.487000
36.499000 47.783000 23.109000 1.487000
35.756000 47.781000 20.089000 1.661200
37.275000 49.081000 20.987000 1.824000
37.318000 49.642000 20.194000 0.600000
37.847000 49.316000 21.797000 0.600000
32.852000 46.649000 21.705000 1.824000
31.689000 47.463000 21.431000 1.908000
31.067000 48.069000 22.702000 1.908000
30.776000 49.268000 22.670000 1.661200
30.610000 46.733000 20.619000 1.908000
29.429000 47.583000 20.186000 1.908000
29.806000 48.885000 19.487000 1.908000
28.440000 46.803000 19.302000 1.908000
28.091000 46.022000 19.814000 1.487000
27.686000 47.404000 19.046000 1.487000
28.913000 46.487000 18.483000 1.487000
32.934000 45.647000 21.452000 0.600000
30.333000 48.680000 18.663000 1.487000
28.975000 49.381000 19.236000 1.487000
30.357000 49.447000 20.104000 1.487000
31.958000 48.230000 20.824000 1.387000
28.863000 47.803000 21.003000 1.487000
30.262000 45.991000 21.181000 1.487000
31.043000 46.374000 19.798000 1.487000
30.817000 47.287000 23.725000 1.824000
30.229000 47.739000 24.973000 1.908000
31.099000 48.698000 25.777000 1.908000
30.539000 49.481000 26.551000 1.661200
29.839000 46.571000 25.873000 1.908000
31.085000 46.274000 23.565000 0.600000
29.344000 48.210000 24.765000 1.387000
28.988000 46.788000 26.350000 1.487000
29.710000 45.751000 25.317000 1.487000
30.564000 46.409000 26.541000 1.487000
32.407000 48.736000 25.584000 1.824000
33.292000 49.672000 26.244000 1.908000
33.162000 51.058000 25.633000 1.908000
33.213000 52.074000 26.310000 1.661200
34.764000 49.289000 26.001000 1.908000
35.091000 47.970000 26.646000 1.908000
34.804000 47.839000 27.846000 1.661200
35.608000 47.073000 25.964000 1.661200
32.755000 48.013000 24.896000 0.600000
32.994000 49.745000 27.204000 1.387000
35.327000 49.996000 26.396000 1.487000
34.898000 49.219000 25.026000 1.487000
33.124000 51.062000 24.288000 1.824000
33.095000 52.352000 23.603000 1.908000
31.668000 52.842000 23.429000 1.908000
31.515000 54.012000 23.107000 1.661200
33.842000 52.365000 22.252000 1.908000
35.239000 51.773000 22.392000 1.908000
33.081000 51.630000 21.173000 1.908000
33.588000 53.019000 24.174000 1.387000
35.912000 52.511000 22.420000 1.487000
33.437000 51.892000 20.274000 1.487000
33.955000 53.317000 21.979000 1.487000
35.292000 51.241000 23.236000 1.487000
35.429000 51.179000 21.611000 1.487000
33.118000 50.157000 23.838000 0.600000
33.190000 50.642000 21.299000 1.487000
32.109000 51.867000 21.227000 1.487000
30.667000 51.977000 23.510000 1.824000
29.295000 52.454000 23.257000 1.908000
28.363000 51.603000 24.122000 1.908000
27.721000 50.681000 23.639000 1.661200
28.933000 52.352000 21.775000 1.908000
30.906000 51.019000 23.746000 0.600000
29.227000 53.398000 23.546000 1.387000
29.332000 53.124000 21.283000 1.487000
29.292000 51.497000 21.405000 1.487000
27.940000 52.369000 21.675000 1.487000
28.359000 51.904000 25.423000 1.824000
27.615000 51.122000 26.401000 1.908000
26.154000 50.988000 26.008000 1.908000
25.600000 51.943000 25.495000 1.661200
27.814000 51.882000 27.715000 1.908000
29.067000 52.668000 27.526000 1.908000
29.131000 53.008000 26.060000 1.908000
29.048000 53.506000 28.086000 1.487000
28.036000 50.212000 26.529000 1.387000
30.070000 53.010000 25.722000 1.387000
28.699000 53.885000 25.866000 1.387000
29.870000 52.125000 27.802000 1.487000
27.903000 51.241000 28.484000 1.487000
27.032000 52.489000 27.894000 1.487000
25.603000 49.791000 26.086000 1.824000
24.217000 49.499000 25.750000 1.908000
23.882000 49.548000 24.267000 1.908000
22.722000 49.380000 23.867000 1.661200
26.269000 49.039000 26.422000 0.600000
23.973000 48.571000 26.115000 1.387000
23.607000 50.156000 26.250000 1.387000
24.890000 49.638000 23.402000 1.824000
24.577000 49.733000 21.953000 1.908000
24.753000 48.358000 21.306000 1.908000
25.621000 47.590000 21.733000 1.661200
25.449000 50.778000 21.258000 1.908000
25.366000 52.154000 21.929000 1.908000
24.030000 52.841000 21.632000 1.908000
24.021000 54.213000 22.344000 1.908000
22.723000 54.895000 22.162000 1.824000
23.627000 50.021000 21.854000 1.387000
24.192000 54.060000 23.316000 1.100000
24.755000 54.769000 21.957000 1.100000
25.456000 52.038000 22.916000 1.487000
26.106000 52.727000 21.586000 1.487000
22.832000 55.664000 21.529000 0.600000
22.054000 54.251000 21.788000 0.600000
22.395000 55.237000 23.044000 0.600000
23.301000 52.301000 21.996000 1.487000
23.953000 52.994000 20.669000 1.487000
25.826000 49.637000 23.784000 0.600000
25.141000 50.873000 20.321000 1.487000
26.392000 50.475000 21.292000 1.487000
24.001000 48.203000 20.212000 1.824000
24.207000 46.981000 19.412000 1.908000
24.477000 47.422000 17.968000 1.908000
24.016000 48.498000 17.599000 1.661200
22.953000 46.132000 19.544000 1.908000
22.928000 45.313000 20.701000 1.721000
23.340000 48.930000 20.001000 0.600000
25.018000 46.526000 19.750000 1.387000
22.875000 45.539000 18.731000 1.387000
22.149000 46.740000 19.565000 1.387000
22.038000 44.866000 20.773000 0.600000
25.180000 46.626000 17.158000 1.824000
25.307000 47.003000 15.725000 1.908000
23.967000 46.773000 15.060000 1.908000
23.389000 45.693000 15.256000 1.661200
26.386000 46.163000 15.003000 1.908000
27.739000 46.354000 15.652000 1.908000
26.382000 46.476000 13.493000 1.908000
28.394000 47.706000 15.477000 1.908000
25.475000 47.982000 15.721000 1.387000
27.028000 45.867000 13.045000 1.487000
25.462000 46.327000 13.144000 1.487000
26.126000 45.204000 15.087000 1.487000
27.649000 46.169000 16.645000 1.487000
28.370000 45.648000 15.287000 1.487000
27.805000 48.413000 15.866000 1.487000
25.592000 45.801000 17.570000 0.600000
29.276000 47.710000 15.947000 1.487000
26.653000 47.425000 13.369000 1.487000
28.532000 47.884000 14.504000 1.487000
23.424000 47.732000 14.333000 1.824000
22.230000 47.578000 13.561000 1.908000
21.966000 48.675000 12.562000 1.908000
22.464000 49.798000 12.775000 1.661200
23.966000 48.645000 14.375000 0.600000
22.258000 46.677000 13.064000 1.387000
21.421000 47.504000 14.194000 1.387000
21.083000 48.485000 11.580000 1.824000
20.831000 49.532000 10.603000 1.908000
21.610000 49.513000 9.284000 1.908000
21.256000 50.223000 8.349000 1.661200
20.617000 47.566000 11.580000 0.600000
19.815000 49.542000 10.379000 1.387000
20.984000 50.456000 11.057000 1.387000
22.646000 48.764000 9.094000 1.824000
23.429000 48.620000 7.864000 1.908000
22.628000 47.904000 6.794000 1.908000
21.753000 47.058000 7.066000 1.661200
24.693000 47.795000 8.219000 1.908000
25.655000 48.640000 9.050000 1.908000
25.826000 49.843000 8.753000 1.661200
26.390000 48.174000 9.926000 1.661200
22.925000 48.200000 9.976000 0.600000
23.618000 49.549000 7.526000 1.387000
25.131000 47.542000 7.381000 1.487000
24.407000 47.022000 8.749000 1.487000
22.993000 48.126000 5.543000 1.824000
22.407000 47.540000 4.347000 1.908000
22.610000 46.038000 4.298000 1.908000
23.681000 45.632000 4.738000 1.661200
23.120000 48.126000 3.091000 1.908000
22.753000 49.632000 3.044000 1.908000
22.743000 47.396000 1.801000 1.908000
21.311000 49.886000 2.718000 1.908000
21.413000 47.696000 4.414000 1.387000
23.232000 47.816000 1.041000 1.487000
23.001000 46.437000 1.889000 1.487000
24.082000 48.055000 3.231000 1.487000
22.971000 50.025000 3.934000 1.487000
23.330000 50.059000 2.351000 1.487000
20.728000 49.459000 3.411000 1.487000
23.812000 48.821000 5.474000 0.600000
21.137000 50.872000 2.702000 1.487000
21.759000 47.477000 1.664000 1.487000
21.094000 49.499000 1.821000 1.487000
21.628000 45.255000 3.922000 1.824000
21.839000 43.804000 3.828000 1.908000
21.685000 43.477000 2.323000 1.908000
20.585000 43.722000 1.859000 1.661200
20.758000 42.967000 4.516000 1.908000
20.901000 41.478000 4.286000 1.908000
21.890000 40.779000 4.884000 1.908000
19.977000 40.793000 3.515000 1.908000
22.044000 39.407000 4.707000 1.908000
20.071000 39.401000 3.375000 1.908000
21.109000 38.724000 3.968000 1.908000
21.187000 37.727000 3.863000 1.459000
22.778000 43.631000 4.054000 1.387000
22.829000 38.940000 5.117000 1.459000
19.368000 38.914000 2.834000 1.459000
20.734000 45.713000 3.706000 0.600000
19.242000 41.282000 3.057000 1.459000
22.553000 41.249000 5.488000 1.459000
19.882000 43.245000 4.156000 1.487000
20.819000 43.129000 5.488000 1.487000
22.751000 43.140000 1.645000 1.824000
22.619000 43.021000 0.181000 1.908000
21.791000 41.882000 -0.317000 1.908000
21.393000 41.926000 -1.483000 1.661200
24.020000 42.961000 -0.444000 1.908000
24.634000 44.227000 -0.347000 1.721000
23.607000 42.979000 2.156000 0.600000
22.198000 43.900000 -0.151000 1.387000
23.930000 42.711000 -1.397000 1.387000
24.559000 42.295000 0.051000 1.387000
23.934000 44.941000 -0.338000 0.600000
21.523000 40.810000 0.420000 1.824000
20.659000 39.735000 -0.031000 1.908000
21.212000 39.083000 -1.339000 1.908000
20.471000 38.686000 -2.235000 1.661200
19.272000 40.266000 -0.279000 1.908000
18.254000 39.128000 -0.397000 1.908000
20.674000 39.012000 0.665000 1.387000
21.992000 40.810000 1.359000 0.600000
19.262000 40.775000 -1.130000 1.487000
18.999000 40.842000 0.481000 1.487000
18.562000 38.072000 0.194000 1.661200
17.164000 39.343000 -1.128000 1.824000
16.478000 38.644000 -1.229000 0.600000
17.044000 40.234000 -1.582000 0.600000
22.506000 38.980000 -1.443000 1.824000
23.251000 38.484000 -2.606000 1.908000
22.826000 37.090000 -3.051000 1.908000
22.720000 36.854000 -4.270000 1.661200
24.760000 38.438000 -2.306000 1.908000
25.353000 39.737000 -1.766000 1.908000
26.790000 39.518000 -1.324000 1.908000
27.575000 40.740000 -1.182000 1.824000
27.664000 41.509000 -0.102000 1.908000
26.961000 41.171000 0.983000 1.824000
28.426000 42.597000 -0.040000 1.824000
24.827000 40.037000 -0.981000 1.487000
23.105000 39.129000 -3.378000 1.387000
28.115000 41.038000 -2.001000 0.600000
25.346000 40.424000 -2.480000 1.487000
28.463000 43.157000 0.755000 0.600000
28.986000 42.844000 -0.852000 0.600000
23.029000 39.304000 -0.562000 0.600000
27.234000 38.919000 -2.003000 1.387000
26.772000 39.035000 -0.440000 1.387000
27.016000 41.771000 1.802000 0.600000
26.402000 40.358000 0.992000 0.600000
25.237000 38.211000 -3.153000 1.487000
24.918000 37.721000 -1.629000 1.487000
22.520000 36.220000 -2.083000 1.824000
22.068000 34.878000 -2.434000 1.908000
20.585000 34.755000 -2.645000 1.908000
20.066000 33.662000 -2.940000 1.661200
22.595000 33.898000 -1.385000 1.908000
24.119000 33.931000 -1.298000 1.908000
24.614000 33.528000 0.077000 1.908000
24.193000 34.129000 1.131000 1.661200
25.465000 32.622000 0.078000 1.661200
24.475000 33.289000 -1.944000 1.487000
22.562000 34.572000 -3.278000 1.387000
24.416000 34.848000 -1.465000 1.487000
22.627000 36.566000 -1.126000 0.600000
22.334000 33.000000 -1.654000 1.487000
22.244000 34.169000 -0.518000 1.487000
19.821000 35.846000 -2.548000 1.824000
18.381000 35.747000 -2.826000 1.908000
17.605000 34.872000 -1.847000 1.908000
16.493000 34.475000 -2.190000 1.661200
20.298000 36.706000 -2.279000 0.600000
17.980000 36.686000 -2.825000 1.387000
18.253000 35.385000 -3.772000 1.387000
18.078000 34.667000 -0.624000 1.824000
17.312000 33.907000 0.371000 1.908000
16.150000 34.757000 0.904000 1.908000
15.216000 34.105000 1.354000 1.661200
18.117000 33.320000 1.514000 1.908000
17.409000 32.312000 2.434000 1.908000
18.351000 31.126000 2.526000 1.908000
18.266000 30.101000 3.628000 1.908000
19.285000 29.001000 3.358000 1.824000
16.935000 33.088000 -0.066000 1.387000
18.483000 30.519000 4.498000 1.100000
17.365000 29.693000 3.643000 1.100000
17.299000 32.711000 3.315000 1.487000
16.574000 32.035000 2.018000 1.487000
20.038000 29.107000 3.997000 0.600000
18.840000 28.122000 3.487000 0.600000
19.606000 29.094000 2.422000 0.600000
19.329000 31.501000 2.520000 1.487000
18.299000 30.613000 1.614000 1.487000
19.008000 35.077000 -0.434000 0.600000
18.448000 34.080000 2.097000 1.487000
18.931000 32.857000 1.129000 1.487000
16.172000 36.094000 0.896000 1.824000
15.001000 36.889000 1.250000 1.908000
14.327000 37.300000 -0.068000 1.908000
14.964000 37.343000 -1.131000 1.661200
15.355000 38.127000 2.090000 1.908000
16.240000 37.826000 3.301000 1.908000
16.580000 39.128000 4.052000 1.908000
15.465000 36.862000 4.206000 1.908000
15.265000 36.025000 3.701000 1.487000
16.019000 36.646000 5.008000 1.487000
14.612000 37.294000 4.493000 1.487000
17.085000 36.508000 0.619000 0.600000
15.734000 39.556000 4.361000 1.487000
17.156000 38.910000 4.836000 1.487000
17.065000 39.742000 3.434000 1.487000
14.368000 36.324000 1.759000 1.387000
17.086000 37.400000 2.993000 1.487000
14.514000 38.517000 2.423000 1.487000
15.846000 38.756000 1.509000 1.487000
13.032000 37.487000 -0.091000 1.824000
12.296000 37.852000 -1.275000 1.908000
12.761000 39.231000 -1.796000 1.908000
12.977000 40.208000 -1.055000 1.661200
10.858000 37.845000 -0.784000 1.908000
10.987000 38.320000 0.659000 1.908000
12.169000 37.498000 1.148000 1.908000
11.190000 39.283000 0.684000 1.487000
12.390000 37.163000 -2.001000 1.387000
11.903000 36.579000 1.381000 1.387000
12.644000 37.944000 1.884000 1.387000
10.170000 38.102000 1.163000 1.487000
10.468000 36.931000 -0.810000 1.487000
10.292000 38.478000 -1.303000 1.487000
13.060000 39.259000 -3.091000 1.824000
13.589000 40.473000 -3.728000 1.908000
12.484000 41.043000 -4.594000 1.908000
11.507000 40.367000 -4.949000 1.661200
12.893000 38.375000 -3.602000 0.600000
13.843000 41.128000 -3.029000 1.387000
14.371000 40.237000 -4.290000 1.387000
12.499000 42.358000 -4.745000 1.824000
11.499000 43.043000 -5.594000 1.908000
12.170000 44.362000 -6.035000 1.908000
12.886000 44.968000 -5.222000 1.661200
10.249000 43.333000 -4.805000 1.908000
8.934000 43.651000 -5.461000 1.908000
7.932000 44.162000 -4.435000 1.908000
6.575000 44.455000 -5.042000 1.908000
6.145000 43.453000 -6.059000 1.824000
11.325000 42.496000 -6.390000 1.387000
5.885000 44.486000 -4.303000 1.100000
6.600000 45.369000 -5.475000 1.100000
9.068000 44.357000 -6.154000 1.487000
8.563000 42.828000 -5.886000 1.487000
6.201000 43.861000 -6.969000 0.600000
6.745000 42.656000 -6.011000 0.600000
5.203000 43.176000 -5.872000 0.600000
8.289000 45.003000 -4.029000 1.487000
7.821000 43.468000 -3.723000 1.487000
13.244000 42.860000 -4.237000 0.600000
10.467000 44.115000 -4.153000 1.487000
10.089000 42.527000 -4.167000 1.487000
11.854000 44.840000 -7.240000 1.824000
12.474000 46.135000 -7.591000 1.908000
12.099000 47.193000 -6.572000 1.908000
10.956000 47.291000 -6.127000 1.661200
12.032000 46.619000 -8.989000 1.908000
12.576000 45.704000 -9.931000 1.721000
11.240000 44.313000 -7.811000 0.600000
13.469000 46.010000 -7.567000 1.387000
12.406000 47.508000 -9.145000 1.387000
11.057000 46.595000 -9.035000 1.387000
12.886000 44.883000 -9.454000 0.600000
13.079000 47.977000 -6.148000 1.824000
12.859000 49.028000 -5.184000 1.908000
13.049000 48.634000 -3.729000 1.908000
13.295000 49.540000 -2.908000 1.661200
14.012000 47.767000 -6.570000 0.600000
13.484000 49.818000 -5.395000 1.387000
11.908000 49.403000 -5.302000 1.387000
12.985000 47.327000 -3.440000 1.824000
13.151000 46.885000 -2.055000 1.908000
14.606000 46.785000 -1.670000 1.908000
15.410000 46.046000 -2.272000 1.661200
12.507000 45.499000 -1.856000 1.908000
12.721000 44.867000 -0.478000 1.908000
12.047000 43.477000 -0.375000 1.908000
10.604000 43.634000 -0.451000 1.824000
9.761000 42.784000 -0.988000 1.908000
10.224000 41.669000 -1.551000 1.824000
8.483000 43.014000 -1.050000 1.824000
12.320000 45.447000 0.222000 1.487000
12.695000 47.555000 -1.449000 1.387000
10.212000 44.489000 -0.047000 0.600000
13.693000 44.743000 -0.314000 1.487000
7.846000 42.376000 -1.475000 0.600000
8.103000 43.873000 -0.654000 0.600000
12.819000 46.705000 -4.232000 0.600000
12.301000 43.091000 0.494000 1.387000
12.370000 42.936000 -1.131000 1.387000
9.569000 41.023000 -1.982000 0.600000
11.195000 41.467000 -1.551000 0.600000
12.889000 44.879000 -2.540000 1.487000
11.523000 45.592000 -2.002000 1.487000
14.958000 47.422000 -0.564000 1.824000
16.247000 47.366000 0.060000 1.908000
16.101000 46.625000 1.391000 1.908000
15.022000 46.736000 1.963000 1.661200
16.712000 48.807000 0.423000 1.908000
16.700000 49.606000 -0.742000 1.721000
18.085000 48.875000 1.039000 1.908000
16.873000 46.843000 -0.515000 1.387000
18.658000 48.123000 0.696000 1.487000
18.527000 49.748000 0.808000 1.487000
14.157000 48.009000 -0.160000 0.600000
16.051000 49.192000 1.096000 1.387000
18.021000 48.801000 2.040000 1.487000
15.804000 49.555000 -1.204000 0.600000
17.130000 45.977000 1.856000 1.824000
17.072000 45.237000 3.123000 1.908000
18.137000 45.852000 4.005000 1.908000
19.122000 46.412000 3.500000 1.661200
17.348000 43.746000 2.969000 1.908000
16.231000 43.007000 2.271000 1.908000
16.086000 42.788000 0.945000 1.908000
15.123000 42.359000 2.896000 1.908000
14.925000 42.093000 0.682000 1.824000
14.316000 41.832000 1.883000 1.908000
14.723000 42.249000 4.261000 1.908000
13.139000 41.127000 2.136000 1.908000
13.545000 41.538000 4.475000 1.908000
12.765000 40.999000 3.447000 1.908000
11.924000 40.515000 3.682000 1.459000
16.192000 45.416000 3.533000 1.387000
14.591000 41.830000 -0.211000 0.600000
15.235000 42.639000 4.980000 1.459000
13.242000 41.409000 5.434000 1.459000
12.606000 40.741000 1.384000 1.459000
16.733000 43.088000 0.234000 1.409000
17.992000 46.019000 1.272000 0.600000
17.450000 43.337000 3.865000 1.487000
18.164000 43.619000 2.423000 1.487000
17.866000 45.810000 5.319000 1.824000
18.858000 46.194000 6.331000 1.908000
18.801000 45.113000 7.407000 1.908000
17.862000 44.308000 7.421000 1.661200
18.598000 47.595000 6.904000 1.908000
18.789000 48.752000 5.901000 1.908000
18.233000 50.099000 6.330000 1.908000
17.503000 50.929000 5.424000 1.824000
16.775000 51.194000 4.367000 1.908000
16.471000 50.232000 3.475000 1.824000
16.230000 52.403000 4.140000 1.824000
18.349000 48.494000 5.026000 1.487000
19.755000 46.190000 5.920000 1.387000
17.622000 52.070000 5.919000 0.600000
19.780000 48.862000 5.722000 1.487000
15.707000 52.587000 3.339000 0.600000
16.375000 53.131000 4.829000 0.600000
16.908000 45.487000 5.552000 0.600000
19.037000 50.643000 6.711000 1.387000
17.645000 49.923000 7.172000 1.387000
15.930000 50.460000 2.666000 0.600000
16.786000 49.301000 3.629000 0.600000
19.227000 47.747000 7.661000 1.487000
17.657000 47.632000 7.230000 1.487000
19.758000 45.040000 8.291000 1.824000
19.819000 44.083000 9.364000 1.908000
20.217000 44.745000 10.696000 1.908000
20.764000 45.852000 10.723000 1.661200
20.840000 43.010000 9.014000 1.908000
22.285000 43.502000 8.821000 1.908000
23.197000 42.284000 8.772000 1.908000
23.175000 41.370000 9.634000 1.661200
23.998000 42.175000 7.818000 1.661200
22.338000 43.948000 7.971000 1.487000
18.922000 43.631000 9.483000 1.387000
22.530000 44.026000 9.590000 1.487000
20.521000 45.775000 8.150000 0.600000
20.564000 42.587000 8.163000 1.487000
20.857000 42.349000 9.751000 1.487000
20.103000 43.991000 11.787000 1.824000
20.580000 44.465000 13.083000 1.908000
20.856000 43.293000 13.990000 1.908000
20.151000 42.277000 13.831000 1.661200
19.446000 45.362000 13.705000 1.908000
19.661000 43.069000 11.640000 0.600000
21.432000 44.979000 12.942000 1.387000
19.727000 45.624000 14.619000 1.487000
19.334000 46.161000 13.129000 1.487000
18.611000 44.828000 13.733000 1.487000
21.836000 43.370000 14.872000 1.824000
22.143000 42.294000 15.793000 1.908000
21.031000 42.104000 16.844000 1.908000
20.470000 43.107000 17.336000 1.661200
23.438000 42.574000 16.551000 1.908000
24.667000 42.428000 15.664000 1.908000
24.477000 42.390000 14.435000 1.661200
25.795000 42.411000 16.164000 1.661200
22.369000 44.271000 14.848000 0.600000
22.182000 41.437000 15.262000 1.387000
23.507000 41.926000 17.297000 1.487000
23.403000 43.504000 16.892000 1.487000
20.750000 40.854000 17.147000 1.824000
19.724000 40.530000 18.138000 1.908000
20.400000 39.804000 19.283000 1.908000
21.379000 39.025000 19.119000 1.661200
18.572000 39.740000 17.527000 1.908000
17.691000 40.660000 16.695000 1.908000
17.733000 38.947000 18.538000 1.908000
16.923000 41.773000 17.418000 1.908000
19.401000 41.399000 18.497000 1.387000
17.067000 38.400000 18.038000 1.487000
18.341000 38.358000 19.063000 1.487000
18.955000 39.049000 16.922000 1.487000
18.265000 41.093000 15.976000 1.487000
17.010000 40.088000 16.200000 1.487000
17.577000 42.372000 17.871000 1.487000
21.299000 40.137000 16.641000 0.600000
16.396000 42.287000 16.748000 1.487000
17.270000 39.591000 19.141000 1.487000
16.314000 41.360000 18.089000 1.487000
19.924000 40.099000 20.505000 1.824000
20.410000 39.462000 21.716000 1.908000
21.865000 39.755000 21.994000 1.908000
22.476000 38.948000 22.725000 1.661200
20.255000 37.932000 21.825000 1.908000
18.858000 37.445000 21.588000 1.908000
19.874000 39.845000 22.489000 1.387000
19.174000 40.828000 20.499000 0.600000
20.546000 37.662000 22.745000 1.487000
20.868000 37.515000 21.150000 1.487000
17.849000 38.069000 21.916000 1.661200
18.714000 36.305000 20.908000 1.824000
17.811000 35.937000 20.716000 0.600000
19.531000 35.815000 20.588000 0.600000
22.419000 40.867000 21.576000 1.824000
23.807000 41.157000 21.961000 1.908000
23.785000 42.013000 23.238000 1.908000
23.006000 42.970000 23.317000 1.661200
24.452000 41.946000 20.798000 1.908000
25.841000 42.450000 21.119000 1.908000
26.925000 41.604000 20.979000 1.908000
26.040000 43.757000 21.606000 1.908000
28.199000 42.060000 21.265000 1.908000
27.317000 44.214000 21.884000 1.908000
28.389000 43.361000 21.692000 1.908000
29.664000 43.751000 22.027000 1.721000
24.261000 40.298000 22.173000 1.387000
28.988000 41.446000 21.161000 1.459000
27.463000 45.141000 22.217000 1.459000
21.847000 41.481000 20.996000 0.600000
25.255000 44.346000 21.746000 1.459000
26.793000 40.665000 20.673000 1.459000
23.871000 42.726000 20.600000 1.487000
24.508000 41.341000 20.013000 1.487000
30.299000 43.007000 21.825000 0.600000
24.760000 41.854000 24.094000 1.824000
24.904000 42.636000 25.340000 1.908000
26.305000 43.231000 25.326000 1.908000
26.474000 44.460000 25.226000 1.661200
24.684000 41.666000 26.516000 1.908000
23.271000 41.521000 26.713000 1.721000
25.301000 42.183000 27.792000 1.908000
24.244000 43.372000 25.323000 1.387000
26.032000 42.840000 27.582000 1.487000
24.604000 42.643000 28.353000 1.487000
25.459000 41.109000 23.831000 0.600000
25.066000 40.759000 26.269000 1.387000
25.692000 41.423000 28.321000 1.487000
22.894000 40.858000 26.058000 0.600000
27.306000 42.340000 25.199000 1.824000
28.679000 42.818000 25.044000 1.908000
29.659000 41.736000 24.590000 1.908000
29.315000 40.553000 24.548000 1.661200
29.152000 43.391000 26.401000 1.908000
29.231000 42.331000 27.311000 1.721000
27.029000 41.359000 25.220000 0.600000
28.677000 43.548000 24.337000 1.387000
28.487000 44.048000 26.705000 1.387000
30.040000 43.793000 26.272000 1.387000
28.310000 42.035000 27.572000 0.600000
30.896000 42.113000 24.258000 1.824000
31.876000 41.146000 23.807000 1.908000
31.807000 40.952000 22.278000 1.908000
31.419000 41.837000 21.508000 1.661200
31.080000 43.127000 24.351000 0.600000
32.803000 41.455000 24.050000 1.387000
31.713000 40.257000 24.251000 1.387000
32.254000 39.775000 21.828000 1.824000
32.224000 39.518000 20.378000 1.908000
30.782000 39.352000 19.929000 1.908000
29.961000 38.870000 20.705000 1.661200
33.097000 38.295000 20.056000 1.908000
34.535000 38.612000 20.375000 1.908000
35.326000 39.370000 19.540000 1.908000
35.105000 38.150000 21.548000 1.908000
36.636000 39.658000 19.826000 1.908000
36.424000 38.416000 21.861000 1.908000
37.183000 39.176000 20.999000 1.908000
38.142000 39.385000 21.220000 1.459000
32.578000 40.340000 19.934000 1.387000
37.185000 40.208000 19.192000 1.459000
36.822000 38.051000 22.717000 1.459000
32.591000 39.122000 22.524000 0.600000
34.546000 37.609000 22.187000 1.459000
34.926000 39.730000 18.682000 1.459000
33.027000 38.119000 19.105000 1.487000
32.811000 37.565000 20.626000 1.487000
30.449000 39.683000 18.695000 1.824000
29.100000 39.541000 18.169000 1.908000
28.639000 38.104000 18.082000 1.908000
29.455000 37.161000 18.043000 1.661200
29.060000 40.224000 16.803000 1.908000
29.292000 41.744000 16.998000 1.908000
29.273000 42.423000 15.655000 1.908000
28.023000 42.310000 14.883000 1.824000
27.992000 41.848000 13.632000 1.908000
29.164000 41.429000 13.120000 1.824000
26.875000 41.835000 12.940000 1.824000
30.175000 41.876000 17.416000 1.487000
28.461000 40.052000 18.776000 1.387000
27.175000 42.590000 15.314000 0.600000
28.564000 42.105000 17.555000 1.487000
26.855000 41.508000 12.002000 0.600000
26.017000 42.161000 13.364000 0.600000
31.244000 40.060000 18.120000 0.600000
30.028000 42.040000 15.095000 1.387000
29.473000 43.408000 15.793000 1.387000
29.156000 41.089000 12.152000 0.600000
29.985000 41.447000 13.647000 0.600000
28.177000 40.109000 16.415000 1.487000
29.786000 39.883000 16.255000 1.487000
27.320000 37.890000 17.999000 1.824000
26.798000 36.518000 18.026000 1.908000
26.282000 36.156000 16.644000 1.908000
26.435000 36.999000 15.748000 1.661200
25.723000 36.359000 19.121000 1.908000
24.547000 37.296000 18.930000 1.908000
27.570000 35.916000 18.223000 1.387000
26.738000 38.727000 17.919000 0.600000
26.148000 36.551000 20.001000 1.487000
25.393000 35.420000 19.096000 1.487000
24.328000 37.820000 17.839000 1.661200
23.690000 37.607000 19.939000 1.824000
22.954000 38.183000 19.830000 0.600000
23.883000 37.178000 20.849000 0.600000
25.456000 35.128000 16.524000 1.824000
24.898000 34.727000 15.255000 1.908000
23.447000 35.058000 14.991000 1.908000
22.916000 34.582000 13.975000 1.661200
25.171000 33.213000 15.149000 1.908000
24.315000 32.467000 16.017000 1.721000
25.247000 34.637000 17.426000 0.600000
25.460000 35.178000 14.509000 1.387000
26.116000 33.042000 15.405000 1.387000
25.009000 32.925000 14.212000 1.387000
23.523000 32.149000 15.501000 0.600000
22.792000 35.956000 15.731000 1.824000
21.398000 36.298000 15.572000 1.908000
21.165000 37.658000 14.949000 1.908000
21.784000 38.672000 15.327000 1.661200
20.700000 36.414000 16.945000 1.908000
20.754000 35.098000 17.720000 1.908000
20.858000 34.026000 17.094000 1.661200
20.714000 35.172000 18.957000 1.661200
23.409000 36.409000 16.469000 0.600000
20.988000 35.608000 14.941000 1.387000
19.756000 36.652000 16.787000 1.487000
21.169000 37.109000 17.466000 1.487000
20.268000 37.689000 13.951000 1.824000
20.181000 38.969000 13.261000 1.908000
18.738000 39.124000 12.909000 1.908000
18.048000 38.138000 12.703000 1.661200
21.014000 39.034000 11.944000 1.908000
22.480000 38.715000 12.079000 1.908000
23.329000 39.925000 12.440000 1.908000
24.672000 39.485000 12.653000 1.824000
25.286000 38.894000 13.640000 1.908000
24.707000 38.659000 14.828000 1.824000
26.555000 38.568000 13.457000 1.824000
22.828000 38.346000 11.211000 1.487000
20.450000 39.687000 13.885000 1.387000
25.330000 39.683000 11.813000 0.600000
22.612000 38.023000 12.797000 1.487000
27.074000 38.120000 14.215000 0.600000
27.013000 38.750000 12.593000 0.600000
19.750000 36.871000 13.763000 0.600000
22.959000 40.315000 13.266000 1.387000
23.289000 40.557000 11.685000 1.387000
25.210000 38.224000 15.561000 0.600000
23.749000 38.930000 14.965000 0.600000
20.918000 39.962000 11.581000 1.487000
20.600000 38.386000 11.302000 1.487000
18.298000 40.363000 12.873000 1.824000
16.937000 40.595000 12.367000 1.908000
17.146000 41.308000 11.006000 1.908000
18.086000 42.095000 10.942000 1.661200
16.097000 41.442000 13.319000 1.908000
14.665000 41.591000 12.796000 1.908000
16.657000 42.871000 13.527000 1.908000
13.794000 41.989000 14.032000 1.908000
16.563000 39.714000 12.158000 1.387000
16.079000 43.338000 14.188000 1.487000
17.588000 42.793000 13.867000 1.487000
16.053000 40.975000 14.198000 1.487000
14.625000 42.308000 12.157000 1.487000
14.351000 40.740000 12.474000 1.487000
14.146000 42.843000 14.392000 1.487000
18.922000 41.090000 13.197000 0.600000
12.858000 42.093000 13.726000 1.487000
16.641000 43.341000 12.652000 1.487000
13.867000 41.265000 14.704000 1.487000
16.281000 41.014000 10.039000 1.824000
16.399000 41.569000 8.719000 1.908000
15.083000 42.252000 8.362000 1.908000
14.037000 41.596000 8.476000 1.661200
16.599000 40.471000 7.635000 1.908000
17.786000 39.566000 7.714000 1.908000
19.110000 40.287000 7.639000 1.908000
17.830000 38.647000 8.946000 1.908000
17.023000 38.061000 8.946000 1.487000
18.654000 38.086000 8.907000 1.487000
17.841000 39.207000 9.771000 1.487000
15.525000 40.355000 10.328000 0.600000
19.187000 40.938000 8.397000 1.487000
19.862000 39.626000 7.697000 1.487000
19.178000 40.785000 6.772000 1.487000
17.120000 42.261000 8.713000 1.387000
17.740000 38.884000 6.959000 1.487000
16.624000 40.952000 6.746000 1.487000
15.763000 39.900000 7.652000 1.487000
15.184000 43.489000 7.878000 1.824000
13.944000 44.200000 7.604000 1.908000
14.077000 45.055000 6.332000 1.908000
15.163000 45.540000 6.074000 1.661200
13.559000 45.106000 8.784000 1.908000
14.599000 46.149000 9.123000 1.908000
15.674000 45.774000 9.923000 1.908000
14.522000 47.457000 8.645000 1.908000
16.655000 46.733000 10.216000 1.908000
15.506000 48.396000 8.982000 1.908000
16.526000 48.030000 9.772000 1.908000
17.518000 48.905000 10.143000 1.721000
13.215000 43.526000 7.445000 1.387000
17.460000 46.459000 10.757000 1.459000
15.425000 49.330000 8.622000 1.459000
16.114000 43.849000 7.734000 0.600000
13.768000 47.728000 8.061000 1.459000
15.752000 44.863000 10.278000 1.459000
13.422000 44.529000 9.585000 1.487000
12.710000 45.573000 8.551000 1.487000
18.169000 48.432000 10.735000 0.600000
12.993000 45.052000 5.594000 1.824000
12.979000 45.673000 4.288000 1.908000
12.394000 47.089000 4.349000 1.908000
11.799000 47.532000 5.342000 1.661200
12.187000 44.777000 3.370000 1.908000
10.795000 44.848000 3.510000 1.721000
12.169000 44.580000 6.015000 0.600000
13.930000 45.753000 3.961000 1.387000
12.478000 43.813000 3.524000 1.387000
12.427000 45.003000 2.407000 1.387000
10.384000 45.197000 2.666000 0.600000
12.569000 47.731000 3.188000 1.824000
12.115000 49.098000 2.990000 1.908000
10.603000 49.090000 2.921000 1.908000
10.036000 50.111000 3.364000 1.661200
12.817000 49.674000 1.743000 1.908000
12.519000 48.854000 0.615000 1.721000
13.050000 47.171000 2.456000 0.600000
12.388000 49.636000 3.785000 1.387000
13.791000 49.669000 1.898000 1.387000
12.477000 50.585000 1.580000 1.387000
11.881000 48.137000 0.889000 0.600000
9.943000 47.959000 2.622000 1.824000
8.488000 47.914000 2.738000 1.908000
8.040000 47.121000 3.995000 1.908000
6.913000 46.651000 4.126000 1.661200
7.860000 47.413000 1.469000 1.908000
8.434000 46.077000 1.051000 1.908000
9.497000 45.607000 1.508000 1.661200
7.772000 45.431000 0.215000 1.661200
10.528000 47.175000 2.321000 0.600000
8.164000 48.858000 2.868000 1.387000
8.033000 48.070000 0.746000 1.487000
6.885000 47.304000 1.617000 1.487000
8.901000 46.972000 4.976000 1.824000
8.679000 46.465000 6.315000 1.908000
8.345000 44.995000 6.522000 1.908000
7.581000 44.628000 7.419000 1.661200
7.689000 47.400000 7.132000 1.908000
8.264000 48.817000 7.124000 1.908000
7.750000 49.859000 6.393000 1.908000
9.466000 49.305000 7.701000 1.908000
8.543000 50.959000 6.571000 1.824000
9.610000 50.659000 7.352000 1.908000
10.456000 48.726000 8.499000 1.908000
10.673000 51.448000 7.738000 1.908000
11.498000 49.515000 8.919000 1.908000
11.634000 50.844000 8.535000 1.908000
12.424000 51.367000 8.833000 1.459000
9.547000 46.656000 6.863000 1.387000
8.356000 51.873000 6.172000 0.600000
10.407000 47.765000 8.758000 1.459000
12.192000 49.110000 9.531000 1.459000
10.746000 52.402000 7.458000 1.459000
6.937000 49.816000 5.829000 1.409000
9.903000 47.293000 4.676000 0.600000
7.670000 47.094000 8.043000 1.487000
6.847000 47.421000 6.670000 1.487000
8.912000 44.112000 5.697000 1.824000
8.821000 42.676000 5.792000 1.908000
9.902000 42.367000 6.830000 1.908000
10.859000 43.144000 6.876000 1.661200
9.187000 41.903000 4.522000 1.908000
8.403000 42.307000 3.260000 1.908000
8.858000 41.476000 2.070000 1.908000
6.908000 42.087000 3.473000 1.908000
6.596000 42.643000 4.243000 1.487000
6.411000 42.353000 2.647000 1.487000
6.738000 41.122000 3.668000 1.487000
9.470000 44.592000 4.917000 0.600000
8.698000 40.506000 2.258000 1.487000
8.343000 41.746000 1.256000 1.487000
9.834000 41.626000 1.910000 1.487000
7.958000 42.426000 6.166000 1.387000
8.568000 43.273000 3.076000 1.487000
9.008000 40.943000 4.684000 1.487000
10.147000 42.059000 4.333000 1.487000
9.710000 41.439000 7.757000 1.824000
10.749000 41.238000 8.769000 1.908000
11.079000 39.757000 8.845000 1.908000
10.158000 38.971000 8.908000 1.661200
10.263000 41.773000 10.138000 1.908000
10.005000 43.283000 10.040000 1.908000
11.265000 41.457000 11.247000 1.908000
9.619000 44.054000 11.265000 1.908000
11.564000 41.698000 8.426000 1.387000
10.896000 41.780000 12.115000 1.487000
11.407000 40.470000 11.280000 1.487000
9.405000 41.328000 10.351000 1.487000
10.845000 43.711000 9.632000 1.487000
9.278000 43.420000 9.327000 1.487000
10.341000 43.978000 11.955000 1.487000
8.841000 40.916000 7.708000 0.600000
9.488000 45.019000 11.031000 1.487000
12.124000 41.921000 11.045000 1.487000
8.766000 43.688000 11.641000 1.487000
12.320000 39.377000 8.891000 1.824000
12.843000 38.041000 8.941000 1.908000
13.883000 38.028000 10.036000 1.908000
14.472000 39.065000 10.362000 1.661200
13.605000 37.663000 7.627000 1.908000
12.631000 37.311000 6.502000 1.908000
11.894000 38.276000 5.854000 1.908000
12.452000 35.968000 6.156000 1.908000
11.000000 37.925000 4.858000 1.908000
11.544000 35.607000 5.142000 1.908000
10.855000 36.593000 4.507000 1.908000
9.960000 36.290000 3.501000 1.721000
12.113000 37.417000 9.197000 1.387000
10.461000 38.629000 4.392000 1.459000
11.424000 34.649000 4.911000 1.459000
13.003000 40.232000 8.889000 0.600000
12.965000 35.262000 6.623000 1.459000
12.000000 39.240000 6.100000 1.459000
14.160000 36.877000 7.817000 1.487000
14.134000 38.442000 7.352000 1.487000
10.285000 36.688000 2.646000 0.600000
14.226000 36.815000 10.479000 1.824000
15.325000 36.656000 11.382000 1.908000
16.187000 35.467000 10.978000 1.908000
15.647000 34.574000 10.316000 1.661200
14.786000 36.306000 12.810000 1.908000
13.846000 35.076000 12.833000 1.908000
13.489000 34.801000 14.312000 1.908000
12.590000 33.579000 14.453000 1.908000
12.302000 33.306000 15.903000 1.824000
15.901000 37.485000 11.364000 1.387000
11.731000 33.748000 13.979000 1.100000
13.049000 32.788000 14.060000 1.100000
13.028000 35.291000 12.344000 1.487000
14.322000 34.303000 12.472000 1.487000
12.329000 32.321000 16.059000 0.600000
12.993000 33.758000 16.461000 0.600000
11.398000 33.662000 16.126000 0.600000
13.013000 35.594000 14.671000 1.487000
14.332000 34.640000 14.811000 1.487000
13.641000 36.043000 10.117000 0.600000
14.281000 37.090000 13.143000 1.487000
15.565000 36.112000 13.388000 1.487000
17.375000 35.438000 11.527000 1.824000
18.179000 34.211000 11.445000 1.908000
18.856000 34.044000 12.779000 1.908000
19.243000 35.037000 13.384000 1.661200
19.264000 34.318000 10.330000 1.908000
20.090000 33.166000 10.308000 1.721000
20.188000 35.522000 10.594000 1.908000
17.565000 33.447000 11.293000 1.387000
20.190000 36.119000 9.792000 1.487000
19.853000 36.028000 11.389000 1.487000
17.688000 36.293000 11.996000 0.600000
18.784000 34.396000 9.427000 1.387000
21.116000 35.194000 10.771000 1.487000
20.104000 32.754000 9.388000 0.600000
18.973000 32.805000 13.258000 1.824000
19.710000 32.488000 14.468000 1.908000
20.881000 31.591000 14.096000 1.908000
21.686000 31.262000 14.970000 1.661200
18.811000 31.780000 15.507000 1.908000
18.341000 30.550000 14.925000 1.721000
17.555000 32.609000 15.839000 1.908000
20.071000 33.333000 14.857000 1.387000
17.077000 32.839000 14.991000 1.487000
16.952000 32.073000 16.430000 1.487000
18.483000 32.079000 12.680000 0.600000
19.369000 31.552000 16.321000 1.387000
17.828000 33.448000 16.309000 1.487000
18.320000 30.626000 13.924000 0.600000
21.036000 31.303000 12.776000 1.824000
22.214000 30.452000 12.457000 1.908000
23.224000 31.113000 11.511000 1.908000
23.768000 30.519000 10.558000 1.661200
21.689000 29.100000 11.927000 1.908000
20.836000 29.308000 10.708000 1.908000
20.800000 30.407000 10.095000 1.661200
20.022000 28.460000 10.327000 1.661200
20.382000 31.664000 12.142000 0.600000
22.693000 30.283000 13.335000 1.387000
21.150000 28.690000 12.641000 1.487000
22.471000 28.550000 11.692000 1.487000
23.505000 32.393000 11.783000 1.824000
24.418000 33.163000 10.949000 1.908000
24.008000 33.082000 9.479000 1.908000
24.856000 32.744000 8.644000 1.661200
25.873000 32.707000 11.112000 1.908000
26.874000 33.789000 10.904000 1.908000
23.026000 32.773000 12.618000 0.600000
24.376000 34.127000 11.233000 1.387000
26.056000 31.970000 10.450000 1.487000
25.993000 32.333000 12.040000 1.487000
26.791000 35.135000 11.179000 1.908000
28.493000 32.688000 10.110000 0.600000
29.712000 34.844000 10.013000 1.359000
28.772000 34.717000 10.350000 1.908000
28.129000 33.577000 10.398000 1.824000
28.001000 35.683000 10.814000 1.824000
26.014000 35.606000 11.563000 1.409000
22.796000 33.439000 9.086000 1.824000
22.361000 33.582000 7.725000 1.908000
22.252000 32.303000 6.884000 1.908000
21.933000 32.412000 5.695000 1.661200
23.304000 34.548000 6.905000 1.908000
23.544000 35.894000 7.600000 1.908000
22.659000 36.955000 7.584000 1.908000
24.733000 36.070000 8.250000 1.908000
23.009000 38.152000 8.264000 1.908000
25.111000 37.236000 8.902000 1.908000
24.184000 38.290000 8.894000 1.908000
24.632000 39.410000 9.586000 1.721000
21.425000 34.023000 7.726000 1.387000
22.325000 38.908000 8.255000 1.459000
25.975000 37.327000 9.345000 1.459000
22.137000 33.621000 9.913000 0.600000
25.401000 35.290000 8.264000 1.459000
21.797000 36.904000 7.115000 1.459000
22.869000 34.717000 6.035000 1.487000
24.172000 34.091000 6.795000 1.487000
23.939000 40.123000 9.524000 0.600000
22.411000 31.132000 7.473000 1.824000
22.145000 29.882000 6.751000 1.908000
20.681000 29.802000 6.415000 1.908000
20.305000 29.499000 5.266000 1.661200
22.574000 28.703000 7.647000 1.908000
24.058000 28.711000 7.955000 1.908000
24.538000 27.580000 8.828000 1.908000
24.566000 28.679000 7.080000 1.487000
22.666000 29.910000 5.896000 1.387000
24.286000 29.587000 8.409000 1.487000
22.729000 31.164000 8.455000 0.600000
22.353000 27.853000 7.176000 1.487000
22.072000 28.761000 8.505000 1.487000
24.796000 28.820000 10.388000 0.600000
24.574000 26.440000 8.348000 1.661200
24.876000 27.838000 10.095000 1.824000
25.188000 27.117000 10.717000 0.600000
19.801000 30.040000 7.441000 1.824000
18.365000 29.960000 7.208000 1.908000
17.664000 31.193000 7.818000 1.908000
18.201000 31.879000 8.690000 1.661200
17.701000 28.715000 7.834000 1.908000
18.021000 28.692000 9.244000 1.721000
18.224000 27.388000 7.236000 1.908000
18.194000 29.967000 6.222000 1.387000
18.666000 27.575000 6.360000 1.487000
18.883000 26.981000 7.867000 1.487000
20.244000 30.266000 8.334000 0.600000
16.695000 28.797000 7.742000 1.387000
17.456000 26.764000 7.101000 1.487000
18.845000 29.237000 9.418000 0.600000
16.498000 31.518000 7.285000 1.824000
15.774000 32.711000 7.698000 1.908000
14.314000 32.350000 7.996000 1.908000
13.805000 31.532000 7.243000 1.661200
15.735000 33.825000 6.626000 1.908000
17.125000 34.318000 6.300000 1.908000
17.890000 33.684000 5.316000 1.908000
17.709000 35.380000 6.937000 1.908000
19.151000 34.126000 4.991000 1.908000
18.969000 35.822000 6.641000 1.908000
19.703000 35.184000 5.647000 1.908000
20.622000 35.505000 5.424000 1.459000
16.174000 33.017000 8.563000 1.387000
19.666000 33.650000 4.254000 1.459000
19.369000 36.607000 7.140000 1.459000
16.149000 30.860000 6.559000 0.600000
17.180000 35.864000 7.665000 1.459000
17.506000 32.891000 4.839000 1.459000
15.223000 34.570000 6.992000 1.487000
15.347000 33.444000 5.816000 1.487000
13.698000 32.990000 8.998000 1.824000
12.269000 32.760000 9.224000 1.908000
11.549000 34.092000 9.102000 1.908000
12.012000 35.099000 9.625000 1.661200
11.974000 32.233000 10.655000 1.908000
12.789000 31.050000 10.800000 1.721000
10.510000 31.989000 10.915000 1.908000
11.931000 32.148000 8.514000 1.387000
10.258000 31.056000 10.638000 1.487000
10.307000 32.100000 11.894000 1.487000
14.281000 33.614000 9.554000 0.600000
12.284000 32.915000 11.320000 1.387000
9.951000 32.642000 10.394000 1.487000
13.760000 31.288000 10.709000 0.600000
10.467000 34.139000 8.339000 1.824000
9.658000 35.323000 8.231000 1.908000
8.931000 35.592000 9.564000 1.908000
8.158000 34.748000 10.034000 1.661200
8.612000 35.175000 7.107000 1.908000
7.843000 36.507000 6.970000 1.908000
6.914000 36.531000 5.763000 1.908000
6.447000 37.995000 5.489000 1.908000
5.176000 37.745000 4.743000 1.824000
10.241000 36.116000 8.031000 1.387000
6.262000 38.415000 6.327000 1.100000
7.088000 38.415000 4.919000 1.100000
7.302000 36.647000 7.803000 1.487000
8.510000 37.251000 6.886000 1.487000
4.465000 38.354000 5.092000 0.600000
5.325000 37.922000 3.772000 0.600000
4.900000 36.794000 4.874000 0.600000
6.114000 35.992000 5.950000 1.487000
7.399000 36.218000 4.967000 1.487000
10.261000 33.248000 7.831000 0.600000
7.980000 34.481000 7.361000 1.487000
9.077000 35.003000 6.271000 1.487000
9.127000 36.778000 10.153000 1.824000
8.446000 37.084000 11.418000 1.908000
7.432000 38.179000 11.342000 1.908000
6.584000 38.243000 12.271000 1.661200
9.320000 37.223000 12.662000 1.908000
10.324000 38.372000 12.579000 1.908000
10.023000 35.905000 12.951000 1.908000
11.169000 38.512000 13.834000 1.908000
7.950000 36.227000 11.673000 1.387000
10.505000 35.979000 13.822000 1.487000
9.341000 35.178000 12.999000 1.487000
8.716000 37.400000 13.450000 1.487000
10.925000 38.214000 11.802000 1.487000
9.821000 39.220000 12.439000 1.487000
11.681000 37.668000 13.981000 1.487000
9.760000 37.417000 9.669000 0.600000
11.802000 39.275000 13.720000 1.487000
10.672000 35.716000 12.217000 1.487000
10.571000 38.684000 14.614000 1.487000
7.372000 39.018000 10.330000 1.824000
6.288000 39.946000 10.123000 1.908000
6.081000 39.957000 8.582000 1.908000
7.084000 40.021000 7.846000 1.661200
6.377000 41.373000 10.657000 1.908000
6.788000 41.479000 12.129000 1.908000
5.591000 41.216000 13.062000 1.908000
5.951000 41.410000 14.462000 1.824000
6.610000 40.616000 15.265000 1.908000
7.014000 39.393000 14.839000 1.824000
6.920000 40.991000 16.523000 1.824000
4.926000 39.980000 8.165000 1.661200
5.466000 39.605000 10.534000 1.387000
5.634000 42.316000 14.880000 0.600000
7.485000 40.802000 12.329000 1.487000
7.123000 42.394000 12.315000 1.487000
7.400000 40.382000 17.128000 0.600000
6.652000 41.909000 16.833000 0.600000
8.198000 38.952000 9.673000 0.600000
5.300000 40.278000 12.917000 1.387000
4.870000 41.850000 12.810000 1.387000
7.501000 38.791000 15.474000 0.600000
6.824000 39.112000 13.908000 0.600000
5.483000 41.803000 10.561000 1.487000
7.052000 41.871000 10.117000 1.487000
