0 2.470381778922e+01
1 2.482077522544e+00
2 0.000000000000e+00
3 1.630310100901e+01
4 0.000000000000e+00
5 1.385020503244e+00
6 1.263612738495e+00
7 4.869764485116e+00
8 0.000000000000e+00
9 0.000000000000e+00
10 1.049882734196e+01
11 0.000000000000e+00
12 1.314846596155e+01
13 3.021362741754e+00
14 0.000000000000e+00
15 4.350262951988e+00
16 1.244757537061e+01
17 1.211360774377e+00
18 0.000000000000e+00
19 0.000000000000e+00
20 0.000000000000e+00
21 0.000000000000e+00
22 0.000000000000e+00
23 4.316373930428e-01
24 0.000000000000e+00
25 1.439836348347e+00
26 6.301845157151e+00
27 0.000000000000e+00
28 0.000000000000e+00
29 0.000000000000e+00
30 9.742628140433e+00
31 9.781002656484e+00
32 7.424845161851e+00
33 0.000000000000e+00
34 1.320389838755e+01
35 7.432645951275e+00
36 4.412681597427e+00
37 1.437034065515e+00
38 0.000000000000e+00
39 0.000000000000e+00
40 0.000000000000e+00
41 0.000000000000e+00
42 0.000000000000e+00
43 0.000000000000e+00
44 0.000000000000e+00
45 0.000000000000e+00
46 0.000000000000e+00
47 1.431811764481e+01
48 9.688920918608e+00
49 0.000000000000e+00
50 0.000000000000e+00
51 0.000000000000e+00
52 0.000000000000e+00
53 0.000000000000e+00
54 0.000000000000e+00
55 1.082949437276e+00
56 1.336061122382e+01
57 3.149199817849e+00
58 0.000000000000e+00
59 4.900933898843e+00
60 1.117049901758e+01
61 0.000000000000e+00
62 9.642514809249e+00
63 1.323213440937e+01
64 0.000000000000e+00
65 3.388513309967e+00
66 0.000000000000e+00
67 0.000000000000e+00
68 0.000000000000e+00
69 7.649552335628e-01
70 0.000000000000e+00
71 0.000000000000e+00
72 0.000000000000e+00
73 0.000000000000e+00
74 0.000000000000e+00
75 0.000000000000e+00
76 0.000000000000e+00
77 0.000000000000e+00
78 0.000000000000e+00
79 7.147411695622e+00
80 0.000000000000e+00
81 1.370638599936e+01
82 0.000000000000e+00
83 4.771761358769e+00
84 1.029213208006e+01
85 3.412649218431e+00
86 0.000000000000e+00
87 0.000000000000e+00
88 0.000000000000e+00
89 1.888362509121e+00
90 5.949598721099e+00
91 1.269470973953e+01
92 2.117439661429e+01
93 0.000000000000e+00
94 0.000000000000e+00
95 9.677393329604e+00
96 9.125620113947e+00
97 3.871512507403e+00
98 4.963082463310e+00
99 0.000000000000e+00
100 4.528150723975e+00
101 0.000000000000e+00
102 8.604574947822e+00
103 2.287218850985e+00
104 0.000000000000e+00
105 0.000000000000e+00
106 0.000000000000e+00
107 0.000000000000e+00
108 0.000000000000e+00
109 0.000000000000e+00
110 0.000000000000e+00
111 0.000000000000e+00
112 0.000000000000e+00
113 0.000000000000e+00
114 0.000000000000e+00
115 0.000000000000e+00
116 0.000000000000e+00
117 0.000000000000e+00
118 0.000000000000e+00
119 0.000000000000e+00
120 0.000000000000e+00
121 0.000000000000e+00
122 0.000000000000e+00
123 0.000000000000e+00
124 0.000000000000e+00
125 0.000000000000e+00
126 0.000000000000e+00
127 0.000000000000e+00
128 0.000000000000e+00
129 0.000000000000e+00
130 0.000000000000e+00
131 0.000000000000e+00
132 1.424964891165e+00
133 0.000000000000e+00
134 9.731155670720e-01
135 4.698913915665e+00
136 7.972641038699e+00
137 1.961383149111e+01
138 0.000000000000e+00
139 3.181320686283e+00
140 1.119648827199e+01
141 4.585279056838e+00
142 1.860432325009e+00
143 7.751640078379e-01
144 0.000000000000e+00
145 0.000000000000e+00
146 0.000000000000e+00
147 0.000000000000e+00
148 0.000000000000e+00
149 0.000000000000e+00
150 0.000000000000e+00
151 3.188174840758e+00
152 0.000000000000e+00
153 2.179895027343e+01
154 4.407360897070e+00
155 0.000000000000e+00
156 1.204380466854e+01
157 0.000000000000e+00
158 7.986969689174e+00
159 0.000000000000e+00
160 0.000000000000e+00
161 1.653035832012e+00
162 0.000000000000e+00
163 0.000000000000e+00
164 0.000000000000e+00
165 0.000000000000e+00
166 0.000000000000e+00
167 0.000000000000e+00
168 0.000000000000e+00
169 0.000000000000e+00
170 0.000000000000e+00
171 0.000000000000e+00
172 0.000000000000e+00
173 0.000000000000e+00
174 0.000000000000e+00
175 0.000000000000e+00
176 0.000000000000e+00
177 0.000000000000e+00
178 0.000000000000e+00
179 0.000000000000e+00
180 0.000000000000e+00
181 0.000000000000e+00
182 0.000000000000e+00
183 0.000000000000e+00
184 0.000000000000e+00
185 1.027969502990e+01
186 0.000000000000e+00
187 0.000000000000e+00
188 1.370056595497e+00
189 4.590575662334e+00
190 3.002680972304e+00
191 0.000000000000e+00
192 0.000000000000e+00
193 1.145360667163e+01
194 3.478792459549e+00
195 0.000000000000e+00
196 8.981407495531e+00
197 1.939422456203e+01
198 0.000000000000e+00
199 0.000000000000e+00
200 0.000000000000e+00
201 0.000000000000e+00
202 1.617660145870e+01
203 8.360244723833e-01
204 1.685849925036e+01
205 5.964630318498e+00
206 7.313298248499e+00
207 9.157916555539e+00
208 1.173687304926e+01
209 0.000000000000e+00
210 0.000000000000e+00
211 8.593811889947e-01
212 0.000000000000e+00
213 0.000000000000e+00
214 0.000000000000e+00
215 3.024456521792e+00
216 1.085742288447e+01
217 0.000000000000e+00
218 2.058665908299e+00
219 6.367616759914e+00
220 0.000000000000e+00
221 6.823698059550e+00
222 2.763014674960e+00
223 4.196428508630e+00
224 2.341647606690e+01
225 5.420929271722e+00
226 1.291925723489e+01
227 9.500102406806e+00
228 0.000000000000e+00
229 0.000000000000e+00
230 1.016285440075e+01
231 4.175998231424e+00
232 0.000000000000e+00
233 0.000000000000e+00
234 0.000000000000e+00
235 0.000000000000e+00
236 0.000000000000e+00
237 1.184465025999e+01
238 4.559912271471e-01
239 1.776014992606e+00
240 0.000000000000e+00
241 9.179546494607e+00
242 5.514994929231e+00
243 1.531339971142e+01
244 0.000000000000e+00
245 1.136997049849e+01
246 0.000000000000e+00
247 7.230027457550e+00
248 0.000000000000e+00
249 4.380401559402e+00
250 9.153019995903e+00
251 0.000000000000e+00
252 0.000000000000e+00
253 0.000000000000e+00
254 0.000000000000e+00
255 1.207971075774e+00
256 0.000000000000e+00
257 7.050546160955e-01
258 8.330263591372e+00
259 2.977561209463e+01
260 8.394592312755e+00
261 0.000000000000e+00
262 0.000000000000e+00
263 0.000000000000e+00
264 0.000000000000e+00
265 0.000000000000e+00
266 0.000000000000e+00
267 0.000000000000e+00
268 1.033308359959e+01
269 1.077431394902e+01
270 0.000000000000e+00
271 7.446792744122e+00
272 9.457648752115e+00
273 5.372368913883e+00
274 0.000000000000e+00
275 0.000000000000e+00
276 8.813513558491e+00
277 0.000000000000e+00
278 0.000000000000e+00
279 0.000000000000e+00
280 0.000000000000e+00
281 0.000000000000e+00
282 0.000000000000e+00
283 0.000000000000e+00
284 0.000000000000e+00
285 0.000000000000e+00
286 0.000000000000e+00
287 8.170488817730e+00
288 0.000000000000e+00
289 3.169751255647e+00
290 0.000000000000e+00
291 7.379789165883e+00
292 0.000000000000e+00
293 0.000000000000e+00
294 0.000000000000e+00
295 5.319865215124e+00
296 0.000000000000e+00
297 0.000000000000e+00
298 0.000000000000e+00
299 0.000000000000e+00
300 0.000000000000e+00
301 0.000000000000e+00
302 0.000000000000e+00
303 0.000000000000e+00
304 6.205286082927e+00
305 0.000000000000e+00
306 6.850806848631e+00
307 0.000000000000e+00
308 3.046997500817e+00
309 6.588650134582e+00
310 1.146780290336e+00
311 3.983582660606e+00
312 1.904037631719e+01
313 2.205428084687e+01
314 0.000000000000e+00
315 8.394133358161e+00
316 1.100145881255e+01
317 1.180254372157e+01
318 5.919372798705e-01
319 0.000000000000e+00
320 0.000000000000e+00
321 0.000000000000e+00
322 0.000000000000e+00
323 0.000000000000e+00
324 2.761297990120e+00
325 0.000000000000e+00
326 7.989755958282e+00
327 0.000000000000e+00
328 6.811683332140e+00
329 0.000000000000e+00
330 0.000000000000e+00
331 0.000000000000e+00
332 0.000000000000e+00
333 0.000000000000e+00
334 1.799408975751e+00
335 1.372197640510e+01
336 4.743350652410e-01
337 0.000000000000e+00
338 0.000000000000e+00
339 0.000000000000e+00
340 0.000000000000e+00
341 0.000000000000e+00
342 0.000000000000e+00
343 0.000000000000e+00
344 0.000000000000e+00
345 0.000000000000e+00
346 0.000000000000e+00
347 0.000000000000e+00
348 0.000000000000e+00
349 0.000000000000e+00
350 2.274120729323e+00
351 3.348634940068e+00
352 0.000000000000e+00
353 0.000000000000e+00
354 0.000000000000e+00
355 0.000000000000e+00
356 0.000000000000e+00
357 0.000000000000e+00
358 0.000000000000e+00
359 2.038385960655e+00
360 0.000000000000e+00
361 4.442014165886e+00
362 7.441204267133e+00
363 1.114813427026e+01
364 0.000000000000e+00
365 0.000000000000e+00
366 0.000000000000e+00
367 0.000000000000e+00
368 0.000000000000e+00
369 0.000000000000e+00
370 0.000000000000e+00
371 0.000000000000e+00
372 0.000000000000e+00
373 0.000000000000e+00
374 0.000000000000e+00
375 0.000000000000e+00
376 8.489470532866e-01
377 2.300209328638e+00
378 4.414434774183e+00
379 0.000000000000e+00
380 8.596098757304e+00
381 1.244353064619e+01
382 0.000000000000e+00
383 1.752567338323e+00
384 1.398365308847e+00
385 0.000000000000e+00
386 0.000000000000e+00
387 0.000000000000e+00
388 0.000000000000e+00
389 0.000000000000e+00
390 3.121894698615e-01
391 0.000000000000e+00
392 1.794510854915e-01
393 4.723868133805e+00
394 0.000000000000e+00
395 0.000000000000e+00
396 0.000000000000e+00
397 2.742702367554e+00
398 0.000000000000e+00
399 0.000000000000e+00
400 0.000000000000e+00
401 0.000000000000e+00
402 0.000000000000e+00
403 1.144006617319e+00
404 9.096138492242e+00
405 0.000000000000e+00
406 2.162395940889e+00
407 8.495636617653e+00
408 0.000000000000e+00
409 0.000000000000e+00
410 2.312740476861e+00
411 4.890925621416e+00
412 5.116606576005e+00
413 1.629544907225e+01
414 0.000000000000e+00
415 2.956034776133e+00
416 1.166130821252e+01
417 8.821971749916e+00
418 0.000000000000e+00
419 0.000000000000e+00
420 0.000000000000e+00
421 0.000000000000e+00
422 2.806663613661e+00
423 0.000000000000e+00
424 1.837584975462e+00
425 4.169818444761e+00
426 7.210516749173e+00
427 2.079982608492e+01
428 1.164094075064e+01
429 7.547199310077e+00
430 2.414546854613e+00
431 0.000000000000e+00
432 1.049044686724e+01
433 0.000000000000e+00
434 0.000000000000e+00
435 0.000000000000e+00
436 0.000000000000e+00
437 0.000000000000e+00
438 0.000000000000e+00
439 0.000000000000e+00
440 0.000000000000e+00
441 0.000000000000e+00
442 0.000000000000e+00
443 0.000000000000e+00
444 0.000000000000e+00
445 0.000000000000e+00
446 4.309779651639e-01
447 1.213280188337e+01
448 0.000000000000e+00
449 7.686429708263e-01
450 5.380490309467e+00
451 9.341013156603e+00
452 0.000000000000e+00
453 0.000000000000e+00
454 0.000000000000e+00
455 1.144862916427e+01
456 4.526498798115e+00
457 0.000000000000e+00
458 1.837301814359e+01
459 1.883157243813e+01
460 0.000000000000e+00
461 2.316738452107e+00
462 4.657903080156e-01
463 0.000000000000e+00
464 1.862767596957e+01
465 3.933828620120e+00
466 0.000000000000e+00
467 9.707373992078e+00
468 1.242418984536e+01
469 9.776457964120e+00
470 5.667703145409e+00
471 0.000000000000e+00
472 0.000000000000e+00
473 3.765032270839e+00
474 9.459355875256e+00
475 0.000000000000e+00
476 0.000000000000e+00
477 1.762641152790e+00
478 2.655223648281e+00
479 7.779214303173e+00
480 1.273233678006e+01
481 1.119037151268e+01
482 0.000000000000e+00
483 5.394935910756e+00
484 9.909961876505e+00
485 0.000000000000e+00
486 5.185036028551e+00
487 0.000000000000e+00
488 3.264476935511e+00
489 0.000000000000e+00
490 2.948646905055e+00
491 2.182023639964e+00
492 7.936550516209e-01
493 7.650948672630e+00
494 0.000000000000e+00
495 1.118482628520e+01
496 6.278154629355e+00
497 0.000000000000e+00
498 0.000000000000e+00
499 0.000000000000e+00
500 8.957545949739e+00
501 0.000000000000e+00
502 0.000000000000e+00
503 0.000000000000e+00
504 0.000000000000e+00
505 4.152450886858e+00
506 0.000000000000e+00
507 3.438906674267e+00
508 0.000000000000e+00
509 6.089219402569e+00
510 0.000000000000e+00
511 0.000000000000e+00
512 0.000000000000e+00
513 0.000000000000e+00
514 0.000000000000e+00
515 0.000000000000e+00
516 2.061000761868e+00
517 0.000000000000e+00
518 0.000000000000e+00
519 0.000000000000e+00
520 0.000000000000e+00
521 0.000000000000e+00
522 0.000000000000e+00
523 0.000000000000e+00
524 0.000000000000e+00
525 0.000000000000e+00
526 1.454377973498e+00
527 2.759704662549e+00
528 5.977351518442e+00
529 1.009231904316e+01
530 1.131768735023e+01
531 0.000000000000e+00
532 3.113599738164e+00
533 5.086461035142e+00
534 0.000000000000e+00
535 3.663144888048e+00
536 6.689134147569e+00
537 6.903518445855e+00
538 0.000000000000e+00
539 0.000000000000e+00
540 5.727480491340e+00
541 3.503648783146e-01
542 0.000000000000e+00
543 4.485963761182e+00
544 1.080287101479e+01
545 0.000000000000e+00
546 5.881339645128e+00
547 0.000000000000e+00
548 0.000000000000e+00
549 1.296695871118e+00
550 1.373292039539e+01
551 1.576341164564e+00
552 1.263105624463e+01
553 0.000000000000e+00
554 8.328479733427e+00
555 0.000000000000e+00
556 7.437278915865e+00
557 0.000000000000e+00
558 0.000000000000e+00
559 0.000000000000e+00
560 0.000000000000e+00
561 1.606064700753e+01
562 0.000000000000e+00
563 2.044759666582e-01
564 0.000000000000e+00
565 1.175576051709e+01
566 2.673816758875e+01
567 7.024161764723e+00
568 2.167353020008e+00
569 3.432175458541e+00
570 1.185146468345e+01
571 2.639969601529e+00
572 0.000000000000e+00
573 0.000000000000e+00
574 0.000000000000e+00
575 1.015818462664e+01
576 0.000000000000e+00
577 0.000000000000e+00
578 4.286188472890e+00
579 0.000000000000e+00
580 0.000000000000e+00
581 0.000000000000e+00
582 0.000000000000e+00
583 1.401148492559e+01
584 0.000000000000e+00
585 4.677122702640e+00
586 3.657005449438e+00
587 0.000000000000e+00
588 0.000000000000e+00
589 0.000000000000e+00
590 0.000000000000e+00
591 1.475970025705e+00
592 0.000000000000e+00
593 2.238785036157e+00
594 0.000000000000e+00
595 7.463916023703e+00
596 5.349347452219e+00
597 0.000000000000e+00
598 1.095669173179e+01
599 0.000000000000e+00
600 0.000000000000e+00
601 0.000000000000e+00
602 0.000000000000e+00
603 0.000000000000e+00
604 0.000000000000e+00
605 0.000000000000e+00
606 0.000000000000e+00
607 0.000000000000e+00
608 0.000000000000e+00
609 0.000000000000e+00
610 0.000000000000e+00
611 0.000000000000e+00
612 0.000000000000e+00
613 0.000000000000e+00
614 0.000000000000e+00
615 0.000000000000e+00
616 0.000000000000e+00
617 0.000000000000e+00
618 0.000000000000e+00
619 0.000000000000e+00
620 0.000000000000e+00
621 0.000000000000e+00
622 0.000000000000e+00
623 8.273725000709e+00
624 4.905244622890e+00
625 0.000000000000e+00
626 0.000000000000e+00
627 8.107678684058e+00
628 0.000000000000e+00
629 9.542302127707e+00
630 0.000000000000e+00
631 0.000000000000e+00
632 0.000000000000e+00
633 1.649021772795e+01
634 2.409469912029e+00
635 5.728587255160e+00
636 1.794312859285e+01
637 1.864009608948e+01
638 0.000000000000e+00
639 5.925076273867e+00
640 1.173717984226e+01
641 1.728465775638e+00
642 0.000000000000e+00
643 0.000000000000e+00
644 1.049795666453e+00
645 1.222953702344e+01
646 0.000000000000e+00
647 3.370316549808e+00
648 0.000000000000e+00
649 6.192795526091e+00
650 0.000000000000e+00
651 0.000000000000e+00
652 2.868610186958e+00
653 4.975888977785e+00
654 1.037520900714e+01
655 0.000000000000e+00
656 0.000000000000e+00
657 0.000000000000e+00
658 0.000000000000e+00
659 0.000000000000e+00
660 0.000000000000e+00
661 0.000000000000e+00
662 0.000000000000e+00
663 0.000000000000e+00
664 6.629010255293e+00
665 0.000000000000e+00
666 0.000000000000e+00
667 3.780822076257e+00
668 0.000000000000e+00
669 0.000000000000e+00
670 1.592322063569e+00
671 1.203976441252e+01
672 2.168990007148e+00
673 2.049230571166e+00
674 2.231956020935e+00
675 1.278121894872e+01
676 3.050687797415e+00
677 3.146398687071e+00
678 1.013075881997e+01
679 6.302988883104e+00
680 1.213858507274e+01
681 9.681066922962e+00
682 9.382270781322e+00
683 2.158783282714e+00
684 6.124459857740e+00
685 7.299184527050e+00
686 0.000000000000e+00
687 1.089259981800e+01
688 8.649675732144e+00
689 0.000000000000e+00
690 0.000000000000e+00
691 0.000000000000e+00
692 5.687168886276e+00
693 0.000000000000e+00
694 0.000000000000e+00
695 0.000000000000e+00
696 1.266797827524e+01
697 2.142534056876e+01
698 0.000000000000e+00
699 2.628113367597e+00
700 3.717547598683e+00
701 2.108080280175e+00
702 2.100504939408e+00
703 0.000000000000e+00
704 0.000000000000e+00
705 0.000000000000e+00
706 4.162738786965e+00
707 0.000000000000e+00
708 0.000000000000e+00
709 0.000000000000e+00
710 0.000000000000e+00
711 0.000000000000e+00
712 0.000000000000e+00
713 0.000000000000e+00
714 0.000000000000e+00
715 0.000000000000e+00
716 7.626669932234e+00
717 0.000000000000e+00
718 0.000000000000e+00
719 0.000000000000e+00
720 0.000000000000e+00
721 0.000000000000e+00
722 0.000000000000e+00
723 0.000000000000e+00
724 0.000000000000e+00
725 0.000000000000e+00
726 0.000000000000e+00
727 0.000000000000e+00
728 0.000000000000e+00
729 0.000000000000e+00
730 0.000000000000e+00
731 0.000000000000e+00
732 7.532093426036e+00
733 0.000000000000e+00
734 0.000000000000e+00
735 0.000000000000e+00
736 0.000000000000e+00
737 0.000000000000e+00
738 0.000000000000e+00
739 0.000000000000e+00
740 0.000000000000e+00
741 0.000000000000e+00
742 0.000000000000e+00
743 0.000000000000e+00
744 5.436904563226e+00
745 0.000000000000e+00
746 0.000000000000e+00
747 0.000000000000e+00
748 0.000000000000e+00
749 2.510486285059e+00
750 0.000000000000e+00
751 6.843521945204e+00
752 0.000000000000e+00
753 6.482171594930e-01
754 5.700615660220e+00
755 0.000000000000e+00
756 0.000000000000e+00
757 0.000000000000e+00
758 0.000000000000e+00
759 0.000000000000e+00
760 0.000000000000e+00
761 1.678241484847e+01
762 0.000000000000e+00
763 0.000000000000e+00
764 5.715941099209e+00
765 9.177583761993e+00
766 0.000000000000e+00
767 3.676800997353e+00
768 0.000000000000e+00
769 0.000000000000e+00
770 1.037829986660e+01
771 0.000000000000e+00
772 0.000000000000e+00
773 4.824728053414e+00
774 4.053859034889e+00
775 0.000000000000e+00
776 1.040624026632e+01
777 2.444352135413e+00
778 8.908203230513e+00
779 4.636459605577e+00
780 4.828357035088e+00
781 9.532334918566e+00
782 0.000000000000e+00
783 1.171576968026e+01
784 5.641025153589e+00
785 1.246942877109e+01
786 0.000000000000e+00
787 0.000000000000e+00
788 0.000000000000e+00
789 7.603418086604e+00
790 0.000000000000e+00
791 0.000000000000e+00
792 7.319518915975e+00
793 0.000000000000e+00
794 4.886423726998e+00
795 0.000000000000e+00
796 0.000000000000e+00
797 7.851396765655e+00
798 0.000000000000e+00
799 0.000000000000e+00
800 0.000000000000e+00
801 0.000000000000e+00
802 0.000000000000e+00
803 0.000000000000e+00
804 0.000000000000e+00
805 0.000000000000e+00
806 7.294874331326e+00
807 0.000000000000e+00
808 0.000000000000e+00
809 1.445217499315e+01
810 6.481621595688e-01
811 1.969231625877e+01
812 0.000000000000e+00
813 7.850258770973e+00
814 6.354233011824e+00
815 5.856096992916e+00
816 0.000000000000e+00
817 4.716551077771e+00
818 0.000000000000e+00
819 0.000000000000e+00
820 8.702859624895e+00
821 0.000000000000e+00
822 0.000000000000e+00
823 7.421525982903e+00
824 0.000000000000e+00
825 5.805153817772e+00
826 0.000000000000e+00
827 3.576591069926e+00
828 9.124624374098e+00
829 0.000000000000e+00
830 0.000000000000e+00
831 3.798512985360e+00
832 0.000000000000e+00
833 0.000000000000e+00
834 1.833898900932e+01
835 0.000000000000e+00
836 0.000000000000e+00
837 7.416479678495e-01
838 5.700679452807e+00
839 0.000000000000e+00
840 1.002390151056e+01
841 5.383114554946e+00
842 1.916736823110e+00
843 8.935253262773e+00
844 0.000000000000e+00
845 8.284404790081e+00
846 0.000000000000e+00
847 0.000000000000e+00
848 0.000000000000e+00
849 5.231061108511e+00
850 3.915508647396e+00
851 0.000000000000e+00
852 0.000000000000e+00
853 9.715411796393e+00
854 0.000000000000e+00
855 4.489847121717e+00
856 0.000000000000e+00
857 3.042316221059e+00
858 1.448243994502e+01
859 0.000000000000e+00
860 0.000000000000e+00
861 4.860093104460e-01
862 2.203716102989e+01
863 8.648881094209e+00
864 6.307525926718e+00
865 6.621896979389e+00
866 0.000000000000e+00
867 0.000000000000e+00
868 6.354005427515e+00
869 1.140698258305e+01
870 2.637070491059e+00
871 3.864257632658e+00
872 0.000000000000e+00
873 1.789318359901e+01
874 0.000000000000e+00
875 5.228384425228e+00
876 9.545663779996e+00
877 0.000000000000e+00
878 0.000000000000e+00
879 0.000000000000e+00
880 1.908008008851e+01
881 0.000000000000e+00
882 0.000000000000e+00
883 0.000000000000e+00
884 1.193491333741e+01
885 1.295996780795e+01
886 7.621655135662e+00
887 3.288969258070e+00
888 0.000000000000e+00
889 1.149093322019e+01
890 1.498181171292e+00
891 0.000000000000e+00
892 0.000000000000e+00
893 0.000000000000e+00
894 5.365490185371e+00
895 9.740740507947e+00
896 0.000000000000e+00
897 5.353043906357e+00
898 7.005034757519e+00
899 0.000000000000e+00
900 0.000000000000e+00
901 2.938428627025e+00
902 6.221296987650e+00
903 0.000000000000e+00
904 0.000000000000e+00
905 0.000000000000e+00
906 0.000000000000e+00
907 0.000000000000e+00
908 0.000000000000e+00
909 0.000000000000e+00
910 0.000000000000e+00
911 0.000000000000e+00
912 0.000000000000e+00
913 0.000000000000e+00
914 0.000000000000e+00
915 0.000000000000e+00
916 0.000000000000e+00
917 0.000000000000e+00
918 2.361700297858e+00
919 0.000000000000e+00
920 0.000000000000e+00
921 0.000000000000e+00
922 0.000000000000e+00
923 1.518683419872e+00
924 0.000000000000e+00
925 4.907807995465e+00
926 8.810874128335e+00
927 3.768384278018e+00
928 0.000000000000e+00
929 1.023000519946e+01
930 1.273818491173e+01
931 0.000000000000e+00
932 8.372184807039e+00
933 3.442289732211e+00
934 2.989379137433e+00
935 1.642209636680e+01
936 0.000000000000e+00
937 6.583823291209e+00
938 9.979045520647e+00
939 7.274051710168e+00
940 7.518073851662e-01
941 2.598827872356e+00
942 4.797193002543e+00
943 0.000000000000e+00
944 2.611747157725e-01
945 0.000000000000e+00
946 1.287995657123e+01
947 2.740209412493e+01
948 7.103172673638e+00
949 3.457987581097e+00
950 2.709299148564e+00
951 2.835649263075e+00
952 1.153990858806e+01
953 0.000000000000e+00
954 0.000000000000e+00
955 0.000000000000e+00
956 7.235582125041e+00
957 8.308501954050e+00
958 0.000000000000e+00
959 0.000000000000e+00
960 4.574128996320e+00
961 8.013193226914e+00
962 0.000000000000e+00
963 2.415037435769e+00
964 1.369754775848e+01
965 5.109047015994e+00
966 2.245184908487e+01
967 0.000000000000e+00
968 8.715293515055e+00
969 9.300845097365e+00
970 8.092022792053e+00
971 0.000000000000e+00
972 1.155037597676e+01
973 4.509777353714e+00
974 6.526621213671e+00
975 1.369061567758e+01
976 0.000000000000e+00
977 9.493507653985e+00
978 8.212803738990e+00
979 1.864548267766e+00
980 2.404602272312e-01
981 0.000000000000e+00
982 1.553486626715e+01
983 0.000000000000e+00
984 0.000000000000e+00
985 0.000000000000e+00
986 0.000000000000e+00
987 0.000000000000e+00
988 5.821350058311e+00
989 1.301573229189e+01
990 0.000000000000e+00
991 3.615151733960e+00
992 0.000000000000e+00
993 0.000000000000e+00
994 0.000000000000e+00
995 0.000000000000e+00
996 0.000000000000e+00
997 0.000000000000e+00
998 0.000000000000e+00
999 0.000000000000e+00
1000 0.000000000000e+00
1001 0.000000000000e+00
1002 7.825295212598e+00
1003 0.000000000000e+00
1004 0.000000000000e+00
1005 0.000000000000e+00
1006 3.851266852069e+00
1007 6.237478782033e-01
1008 1.513260080559e+01
1009 4.680060158589e+00
1010 5.440337587630e+00
1011 7.974362709887e+00
1012 1.210514635489e+01
1013 0.000000000000e+00
1014 8.607427557825e+00
1015 9.982380167520e+00
1016 0.000000000000e+00
1017 4.994621630647e+00
1018 0.000000000000e+00
1019 0.000000000000e+00
1020 0.000000000000e+00
1021 0.000000000000e+00
1022 0.000000000000e+00
1023 0.000000000000e+00
1024 0.000000000000e+00
1025 0.000000000000e+00
1026 0.000000000000e+00
1027 0.000000000000e+00
1028 0.000000000000e+00
1029 0.000000000000e+00
1030 0.000000000000e+00
1031 0.000000000000e+00
1032 0.000000000000e+00
1033 0.000000000000e+00
1034 0.000000000000e+00
1035 0.000000000000e+00
1036 0.000000000000e+00
1037 1.098688185866e+01
1038 0.000000000000e+00
1039 0.000000000000e+00
1040 0.000000000000e+00
1041 0.000000000000e+00
1042 0.000000000000e+00
1043 0.000000000000e+00
1044 0.000000000000e+00
1045 0.000000000000e+00
1046 0.000000000000e+00
1047 3.273847159679e+00
1048 1.149754491063e+01
1049 3.712062996303e+00
1050 9.562261674271e+00
1051 2.674399362973e+01
1052 5.243943564758e+00
1053 0.000000000000e+00
1054 0.000000000000e+00
1055 0.000000000000e+00
1056 0.000000000000e+00
1057 0.000000000000e+00
1058 0.000000000000e+00
1059 3.316474694599e+00
1060 6.941586893894e+00
1061 0.000000000000e+00
1062 0.000000000000e+00
1063 0.000000000000e+00
1064 0.000000000000e+00
1065 0.000000000000e+00
1066 0.000000000000e+00
1067 0.000000000000e+00
1068 0.000000000000e+00
1069 0.000000000000e+00
1070 0.000000000000e+00
1071 3.993485074655e+00
1072 2.121803739278e+00
1073 0.000000000000e+00
1074 0.000000000000e+00
1075 0.000000000000e+00
1076 7.044218598044e+00
1077 0.000000000000e+00
1078 0.000000000000e+00
1079 0.000000000000e+00
1080 0.000000000000e+00
1081 0.000000000000e+00
1082 0.000000000000e+00
1083 0.000000000000e+00
1084 0.000000000000e+00
1085 0.000000000000e+00
1086 0.000000000000e+00
1087 0.000000000000e+00
1088 0.000000000000e+00
1089 0.000000000000e+00
1090 0.000000000000e+00
1091 0.000000000000e+00
1092 0.000000000000e+00
1093 0.000000000000e+00
1094 0.000000000000e+00
1095 0.000000000000e+00
1096 4.987564690038e+00
1097 0.000000000000e+00
1098 0.000000000000e+00
1099 0.000000000000e+00
1100 0.000000000000e+00
1101 0.000000000000e+00
1102 0.000000000000e+00
1103 0.000000000000e+00
1104 0.000000000000e+00
1105 0.000000000000e+00
1106 0.000000000000e+00
1107 0.000000000000e+00
1108 0.000000000000e+00
1109 0.000000000000e+00
1110 0.000000000000e+00
1111 0.000000000000e+00
1112 0.000000000000e+00
1113 0.000000000000e+00
1114 0.000000000000e+00
1115 0.000000000000e+00
1116 0.000000000000e+00
1117 0.000000000000e+00
1118 0.000000000000e+00
1119 0.000000000000e+00
1120 0.000000000000e+00
1121 0.000000000000e+00
1122 0.000000000000e+00
1123 0.000000000000e+00
1124 1.106956683762e+01
1125 0.000000000000e+00
1126 3.472441601415e+00
1127 6.419881326502e+00
1128 0.000000000000e+00
1129 1.078843272627e+01
1130 1.164820049512e+00
1131 1.487434341922e+01
1132 1.156623407613e+01
1133 0.000000000000e+00
1134 0.000000000000e+00
1135 0.000000000000e+00
1136 0.000000000000e+00
1137 0.000000000000e+00
1138 8.121115804117e+00
1139 0.000000000000e+00
1140 0.000000000000e+00
1141 2.250665644698e+00
1142 0.000000000000e+00
1143 0.000000000000e+00
1144 0.000000000000e+00
1145 0.000000000000e+00
1146 0.000000000000e+00
1147 4.049310182315e+00
1148 0.000000000000e+00
1149 0.000000000000e+00
1150 0.000000000000e+00
1151 2.074448446345e+00
1152 4.682265984074e+00
1153 0.000000000000e+00
1154 0.000000000000e+00
1155 0.000000000000e+00
1156 3.224166410549e+00
1157 0.000000000000e+00
1158 4.008177433025e-03
1159 1.315343072404e+01
1160 7.397963291435e-01
1161 1.442170097072e+01
1162 3.439721109613e+00
1163 7.612186071826e+00
1164 9.672347163629e+00
1165 1.219593604508e+01
1166 0.000000000000e+00
1167 1.020505735571e+01
1168 8.397963634995e+00
1169 0.000000000000e+00
1170 0.000000000000e+00
1171 0.000000000000e+00
1172 0.000000000000e+00
1173 1.531198185570e+01
1174 2.873102906590e+00
1175 2.036761542368e+01
1176 0.000000000000e+00
1177 0.000000000000e+00
1178 6.002964852221e+00
1179 5.607918413437e+00
1180 0.000000000000e+00
1181 6.325337726106e+00
1182 4.025811102284e+00
1183 0.000000000000e+00
1184 0.000000000000e+00
1185 0.000000000000e+00
1186 7.624529958904e+00
1187 7.814657161232e+00
1188 4.461182883576e+00
1189 0.000000000000e+00
1190 0.000000000000e+00
1191 1.274952834140e+01
1192 0.000000000000e+00
1193 0.000000000000e+00
1194 3.976013934807e+00
1195 8.138094790634e+00
1196 6.899007655693e+00
1197 1.167917981959e+01
1198 6.492730906378e+00
1199 1.154903717313e+01
1200 3.348500798802e+00
1201 0.000000000000e+00
1202 1.113651060788e+01
1203 0.000000000000e+00
1204 1.033741973440e+01
1205 4.748719728751e+00
1206 0.000000000000e+00
1207 9.647092971895e+00
1208 4.325555385272e+00
1209 0.000000000000e+00
1210 0.000000000000e+00
1211 4.784843744420e+00
1212 0.000000000000e+00
1213 0.000000000000e+00
1214 0.000000000000e+00
1215 0.000000000000e+00
1216 0.000000000000e+00
1217 5.366744099251e+00
1218 5.790146142543e+00
1219 7.525269807823e+00
1220 0.000000000000e+00
1221 0.000000000000e+00
1222 0.000000000000e+00
1223 0.000000000000e+00
1224 0.000000000000e+00
1225 0.000000000000e+00
1226 0.000000000000e+00
1227 0.000000000000e+00
1228 0.000000000000e+00
1229 0.000000000000e+00
1230 0.000000000000e+00
1231 0.000000000000e+00
1232 0.000000000000e+00
1233 0.000000000000e+00
1234 0.000000000000e+00
1235 0.000000000000e+00
1236 1.330542605656e+00
1237 0.000000000000e+00
1238 6.562370332236e+00
1239 0.000000000000e+00
1240 1.169510432245e+01
1241 1.035942119792e+01
1242 0.000000000000e+00
1243 7.816450809750e+00
1244 0.000000000000e+00
1245 0.000000000000e+00
1246 2.197551916962e+00
1247 0.000000000000e+00
1248 0.000000000000e+00
1249 0.000000000000e+00
1250 0.000000000000e+00
1251 1.466717195346e+01
1252 0.000000000000e+00
1253 0.000000000000e+00
1254 0.000000000000e+00
1255 0.000000000000e+00
1256 0.000000000000e+00
1257 0.000000000000e+00
1258 0.000000000000e+00
1259 0.000000000000e+00
1260 0.000000000000e+00
1261 0.000000000000e+00
1262 9.355870911173e-01
1263 6.214294586087e+00
1264 1.433447497318e+01
1265 0.000000000000e+00
1266 0.000000000000e+00
1267 0.000000000000e+00
1268 0.000000000000e+00
1269 0.000000000000e+00
1270 0.000000000000e+00
1271 0.000000000000e+00
1272 0.000000000000e+00
1273 0.000000000000e+00
1274 0.000000000000e+00
1275 0.000000000000e+00
1276 0.000000000000e+00
1277 0.000000000000e+00
1278 0.000000000000e+00
1279 0.000000000000e+00
1280 0.000000000000e+00
1281 0.000000000000e+00
1282 0.000000000000e+00
1283 0.000000000000e+00
1284 0.000000000000e+00
1285 0.000000000000e+00
1286 0.000000000000e+00
1287 0.000000000000e+00
1288 0.000000000000e+00
1289 0.000000000000e+00
1290 0.000000000000e+00
1291 0.000000000000e+00
1292 0.000000000000e+00
1293 0.000000000000e+00
1294 0.000000000000e+00
1295 0.000000000000e+00
1296 0.000000000000e+00
1297 0.000000000000e+00
1298 0.000000000000e+00
1299 0.000000000000e+00
1300 0.000000000000e+00
1301 0.000000000000e+00
1302 0.000000000000e+00
1303 0.000000000000e+00
1304 0.000000000000e+00
1305 0.000000000000e+00
1306 0.000000000000e+00
1307 0.000000000000e+00
1308 0.000000000000e+00
1309 0.000000000000e+00
1310 0.000000000000e+00
1311 0.000000000000e+00
1312 0.000000000000e+00
1313 0.000000000000e+00
1314 0.000000000000e+00
1315 0.000000000000e+00
1316 0.000000000000e+00
1317 0.000000000000e+00
1318 0.000000000000e+00
1319 0.000000000000e+00
1320 0.000000000000e+00
1321 0.000000000000e+00
1322 0.000000000000e+00
1323 0.000000000000e+00
1324 0.000000000000e+00
1325 0.000000000000e+00
1326 0.000000000000e+00
1327 0.000000000000e+00
1328 0.000000000000e+00
1329 0.000000000000e+00
1330 0.000000000000e+00
1331 0.000000000000e+00
1332 0.000000000000e+00
1333 0.000000000000e+00
1334 4.045188280356e+00
1335 0.000000000000e+00
1336 0.000000000000e+00
1337 0.000000000000e+00
1338 2.463056768428e+00
1339 0.000000000000e+00
1340 0.000000000000e+00
1341 0.000000000000e+00
1342 6.662170829738e+00
1343 0.000000000000e+00
1344 0.000000000000e+00
1345 1.027646441191e+01
1346 0.000000000000e+00
1347 3.480120743411e+00
1348 0.000000000000e+00
1349 0.000000000000e+00
1350 0.000000000000e+00
1351 0.000000000000e+00
1352 0.000000000000e+00
1353 0.000000000000e+00
1354 4.334907598741e+00
1355 0.000000000000e+00
1356 0.000000000000e+00
1357 0.000000000000e+00
1358 0.000000000000e+00
1359 0.000000000000e+00
1360 0.000000000000e+00
1361 0.000000000000e+00
1362 0.000000000000e+00
1363 1.062849765296e+00
1364 8.686758350562e-01
1365 1.749298492979e+00
1366 1.235285986328e+01
1367 5.210302106354e+00
1368 6.763176014190e+00
1369 0.000000000000e+00
1370 9.331702029588e+00
1371 4.620533703858e+00
1372 8.837689920463e+00
1373 0.000000000000e+00
1374 0.000000000000e+00
1375 0.000000000000e+00
1376 0.000000000000e+00
1377 1.354649832689e+01
1378 1.428921744935e+00
1379 1.391483317666e+00
1380 0.000000000000e+00
1381 1.483958298733e+01
1382 0.000000000000e+00
1383 5.941046261417e+00
1384 1.347889082630e+01
1385 1.031940585636e+01
1386 0.000000000000e+00
1387 0.000000000000e+00
1388 0.000000000000e+00
1389 1.234750675432e+01
1390 2.301432356831e+00
1391 0.000000000000e+00
1392 9.353297641147e-01
1393 0.000000000000e+00
1394 9.185263734054e+00
1395 0.000000000000e+00
1396 0.000000000000e+00
1397 3.193044814398e+00
1398 0.000000000000e+00
1399 5.266255280263e+00
1400 7.616274887115e+00
1401 0.000000000000e+00
1402 0.000000000000e+00
1403 0.000000000000e+00
1404 0.000000000000e+00
1405 9.757711914973e+00
1406 1.041864676260e+01
1407 0.000000000000e+00
1408 8.224630056637e-01
1409 7.707424461387e+00
1410 0.000000000000e+00
1411 0.000000000000e+00
1412 0.000000000000e+00
1413 0.000000000000e+00
1414 0.000000000000e+00
1415 0.000000000000e+00
1416 0.000000000000e+00
1417 3.783488690338e+00
1418 9.642203918406e+00
1419 1.170275922359e+01
1420 4.516795176729e+00
1421 0.000000000000e+00
1422 4.656540472211e+00
1423 4.318713586293e+00
1424 0.000000000000e+00
1425 0.000000000000e+00
1426 0.000000000000e+00
1427 0.000000000000e+00
1428 0.000000000000e+00
1429 0.000000000000e+00
1430 0.000000000000e+00
1431 0.000000000000e+00
1432 0.000000000000e+00
1433 0.000000000000e+00
1434 0.000000000000e+00
1435 0.000000000000e+00
1436 0.000000000000e+00
1437 0.000000000000e+00
1438 0.000000000000e+00
1439 0.000000000000e+00
1440 0.000000000000e+00
1441 0.000000000000e+00
1442 0.000000000000e+00
1443 0.000000000000e+00
1444 0.000000000000e+00
1445 0.000000000000e+00
1446 0.000000000000e+00
1447 0.000000000000e+00
1448 0.000000000000e+00
1449 0.000000000000e+00
1450 0.000000000000e+00
1451 0.000000000000e+00
1452 0.000000000000e+00
1453 0.000000000000e+00
1454 0.000000000000e+00
1455 0.000000000000e+00
1456 0.000000000000e+00
1457 0.000000000000e+00
1458 0.000000000000e+00
1459 1.316300941669e+01
1460 0.000000000000e+00
1461 0.000000000000e+00
1462 1.441932611144e+01
1463 0.000000000000e+00
1464 0.000000000000e+00
1465 0.000000000000e+00
1466 0.000000000000e+00
1467 0.000000000000e+00
1468 0.000000000000e+00
1469 0.000000000000e+00
1470 0.000000000000e+00
1471 0.000000000000e+00
1472 0.000000000000e+00
1473 0.000000000000e+00
1474 0.000000000000e+00
1475 0.000000000000e+00
1476 6.300073054336e+00
1477 2.843336566486e+01
1478 0.000000000000e+00
1479 0.000000000000e+00
1480 3.679351507268e+00
1481 0.000000000000e+00
1482 4.755297242643e+00
1483 0.000000000000e+00
1484 0.000000000000e+00
1485 0.000000000000e+00
1486 0.000000000000e+00
1487 0.000000000000e+00
1488 0.000000000000e+00
1489 0.000000000000e+00
1490 0.000000000000e+00
1491 0.000000000000e+00
1492 0.000000000000e+00
1493 0.000000000000e+00
1494 0.000000000000e+00
1495 0.000000000000e+00
1496 0.000000000000e+00
1497 0.000000000000e+00
1498 6.859515569098e+00
1499 0.000000000000e+00
1500 0.000000000000e+00
1501 0.000000000000e+00
1502 0.000000000000e+00
1503 0.000000000000e+00
1504 0.000000000000e+00
1505 6.463256943469e+00
1506 0.000000000000e+00
1507 0.000000000000e+00
1508 1.115670858710e+01
1509 1.352090461785e+00
1510 2.093440674627e+01
1511 1.008667933189e+00
1512 0.000000000000e+00
1513 8.501859282457e+00
1514 0.000000000000e+00
1515 0.000000000000e+00
1516 6.536357344995e+00
1517 1.010962493382e+01
1518 0.000000000000e+00
1519 0.000000000000e+00
1520 0.000000000000e+00
1521 0.000000000000e+00
1522 0.000000000000e+00
1523 2.162600949546e+00
1524 0.000000000000e+00
1525 0.000000000000e+00
1526 1.220694786590e+01
1527 0.000000000000e+00
1528 7.951241774703e+00
1529 1.136309668128e+01
1530 5.448713384516e+00
1531 0.000000000000e+00
1532 0.000000000000e+00
1533 0.000000000000e+00
1534 0.000000000000e+00
1535 0.000000000000e+00
1536 0.000000000000e+00
1537 0.000000000000e+00
1538 0.000000000000e+00
1539 0.000000000000e+00
1540 0.000000000000e+00
1541 0.000000000000e+00
1542 0.000000000000e+00
1543 0.000000000000e+00
1544 0.000000000000e+00
1545 0.000000000000e+00
1546 0.000000000000e+00
1547 0.000000000000e+00
1548 0.000000000000e+00
1549 0.000000000000e+00
1550 0.000000000000e+00
1551 3.554374740586e+00
1552 0.000000000000e+00
1553 0.000000000000e+00
1554 0.000000000000e+00
1555 0.000000000000e+00
1556 0.000000000000e+00
1557 0.000000000000e+00
1558 0.000000000000e+00
1559 0.000000000000e+00
1560 0.000000000000e+00
1561 0.000000000000e+00
1562 0.000000000000e+00
1563 0.000000000000e+00
1564 0.000000000000e+00
1565 0.000000000000e+00
1566 0.000000000000e+00
1567 0.000000000000e+00
1568 0.000000000000e+00
1569 0.000000000000e+00
1570 0.000000000000e+00
1571 0.000000000000e+00
1572 8.621289637861e+00
1573 5.485469676201e-03
1574 0.000000000000e+00
1575 3.666564682576e+00
1576 4.138376461767e+00
1577 3.083504620485e+00
1578 0.000000000000e+00
1579 0.000000000000e+00
1580 1.076331862357e+01
1581 1.383183651334e+00
1582 0.000000000000e+00
1583 2.110200432596e+01
1584 1.647408390623e+01
1585 0.000000000000e+00
1586 0.000000000000e+00
1587 0.000000000000e+00
1588 2.140201053251e+00
1589 4.041709493715e+00
1590 9.573063858569e-01
1591 1.526089609105e+01
1592 4.476926374953e+00
1593 5.172946338573e+00
1594 1.170143271531e+01
1595 6.904880151371e+00
1596 0.000000000000e+00
1597 9.280896346793e+00
1598 7.905755100095e+00
1599 0.000000000000e+00
1600 4.504727435170e+00
1601 0.000000000000e+00
1602 0.000000000000e+00
1603 1.835428044856e+01
1604 0.000000000000e+00
1605 0.000000000000e+00
1606 0.000000000000e+00
1607 0.000000000000e+00
1608 0.000000000000e+00
1609 0.000000000000e+00
1610 0.000000000000e+00
1611 0.000000000000e+00
1612 0.000000000000e+00
1613 0.000000000000e+00
1614 0.000000000000e+00
1615 0.000000000000e+00
1616 4.215404974470e+00
1617 0.000000000000e+00
1618 0.000000000000e+00
1619 9.034558660976e+00
1620 0.000000000000e+00
1621 0.000000000000e+00
1622 0.000000000000e+00
1623 0.000000000000e+00
1624 0.000000000000e+00
1625 2.313126257627e+01
1626 3.523670060881e+00
1627 6.011764663873e+00
1628 1.038537091451e+00
1629 1.041318044939e+01
1630 0.000000000000e+00
1631 0.000000000000e+00
1632 1.169708558155e+01
1633 0.000000000000e+00
1634 5.407745961382e+00
1635 0.000000000000e+00
1636 0.000000000000e+00
1637 1.189956763378e+01
1638 0.000000000000e+00
1639 0.000000000000e+00
1640 9.793651857496e-01
1641 1.202719421393e+01
1642 1.192342569935e+01
1643 0.000000000000e+00
1644 2.530151715415e+00
1645 2.934265438404e+00
1646 6.247671746863e+00
1647 0.000000000000e+00
1648 0.000000000000e+00
1649 0.000000000000e+00
1650 0.000000000000e+00
1651 1.033638070686e+01
1652 6.445333698644e+00
1653 0.000000000000e+00
1654 9.849121037546e+00
1655 3.615452627756e+00
1656 0.000000000000e+00
1657 0.000000000000e+00
1658 4.173398145758e+00
1659 8.703820699153e+00
1660 0.000000000000e+00
1661 0.000000000000e+00
1662 5.488881755266e-01
1663 0.000000000000e+00
1664 5.423285110315e+00
1665 6.194358918022e+00
1666 1.009461242862e+01
1667 5.411306357001e+00
1668 0.000000000000e+00
1669 0.000000000000e+00
1670 0.000000000000e+00
1671 0.000000000000e+00
1672 0.000000000000e+00
1673 0.000000000000e+00
1674 2.716534979659e+00
1675 0.000000000000e+00
1676 1.083748261436e+00
1677 2.611267821751e+00
1678 0.000000000000e+00
1679 0.000000000000e+00
1680 0.000000000000e+00
1681 3.257858354158e+00
1682 5.195242324084e+00
1683 3.172718738028e+00
1684 8.695820978825e+00
1685 7.755311613445e+00
1686 2.087665979468e+01
1687 5.598223603642e+00
1688 0.000000000000e+00
1689 0.000000000000e+00
1690 0.000000000000e+00
1691 0.000000000000e+00
1692 0.000000000000e+00
1693 0.000000000000e+00
1694 5.005967696534e+00
1695 3.594726218503e+00
1696 0.000000000000e+00
1697 0.000000000000e+00
1698 3.741999888702e+00
1699 0.000000000000e+00
1700 1.833285926408e+01
1701 0.000000000000e+00
1702 2.658101094781e+00
1703 1.267813445116e+01
1704 9.276948248653e-01
1705 4.540996656007e+00
1706 1.432092311815e+01
1707 5.838340419730e+00
1708 7.043241085328e+00
1709 0.000000000000e+00
1710 1.373993391244e+00
1711 0.000000000000e+00
1712 0.000000000000e+00
1713 7.802689045803e+00
1714 9.096547669393e+00
1715 0.000000000000e+00
1716 0.000000000000e+00
1717 9.621641767552e+00
1718 1.113581975737e+01
1719 0.000000000000e+00
1720 0.000000000000e+00
1721 0.000000000000e+00
1722 0.000000000000e+00
1723 0.000000000000e+00
1724 0.000000000000e+00
1725 7.179822943693e-01
1726 3.217576059588e+00
1727 2.241636299159e+01
1728 6.458318929292e+00
1729 0.000000000000e+00
1730 0.000000000000e+00
1731 4.579074993835e+00
1732 0.000000000000e+00
1733 0.000000000000e+00
1734 0.000000000000e+00
1735 0.000000000000e+00
1736 9.235782310445e+00
1737 7.310412972674e+00
1738 0.000000000000e+00
1739 0.000000000000e+00
1740 0.000000000000e+00
1741 3.947851579382e+00
1742 0.000000000000e+00
1743 0.000000000000e+00
1744 1.111135310745e+01
1745 6.863450855851e-01
1746 8.998414947859e-01
1747 0.000000000000e+00
1748 0.000000000000e+00
1749 2.377329926329e+01
1750 0.000000000000e+00
1751 0.000000000000e+00
1752 0.000000000000e+00
1753 1.005100493182e+01
1754 5.918608033888e+00
1755 0.000000000000e+00
1756 0.000000000000e+00
1757 0.000000000000e+00
1758 6.373481854789e+00
1759 0.000000000000e+00
1760 0.000000000000e+00
1761 1.055153750246e+01
1762 7.685826047218e+00
1763 0.000000000000e+00
1764 0.000000000000e+00
1765 0.000000000000e+00
1766 0.000000000000e+00
1767 0.000000000000e+00
1768 0.000000000000e+00
1769 0.000000000000e+00
1770 0.000000000000e+00
1771 0.000000000000e+00
1772 0.000000000000e+00
1773 0.000000000000e+00
1774 0.000000000000e+00
1775 0.000000000000e+00
1776 8.416637157762e+00
1777 0.000000000000e+00
1778 1.264461677998e+00
1779 0.000000000000e+00
1780 0.000000000000e+00
1781 0.000000000000e+00
1782 2.134753977668e+00
1783 9.534816980838e+00
1784 5.430475416294e+00
1785 0.000000000000e+00
1786 0.000000000000e+00
1787 0.000000000000e+00
1788 1.487495878403e+01
1789 0.000000000000e+00
1790 0.000000000000e+00
1791 0.000000000000e+00
1792 0.000000000000e+00
1793 0.000000000000e+00
1794 0.000000000000e+00
1795 0.000000000000e+00
1796 0.000000000000e+00
1797 1.753548399287e+00
1798 0.000000000000e+00
1799 0.000000000000e+00
1800 0.000000000000e+00
1801 0.000000000000e+00
1802 0.000000000000e+00
1803 0.000000000000e+00
1804 0.000000000000e+00
1805 0.000000000000e+00
1806 0.000000000000e+00
1807 0.000000000000e+00
1808 6.503046892960e+00
1809 0.000000000000e+00
1810 0.000000000000e+00
1811 0.000000000000e+00
1812 0.000000000000e+00
1813 2.804533157382e+00
1814 0.000000000000e+00
1815 0.000000000000e+00
1816 0.000000000000e+00
1817 4.492333987451e+00
1818 2.043777586550e+01
1819 9.629085861749e+00
1820 0.000000000000e+00
1821 0.000000000000e+00
1822 0.000000000000e+00
1823 0.000000000000e+00
1824 0.000000000000e+00
1825 0.000000000000e+00
1826 0.000000000000e+00
1827 0.000000000000e+00
1828 0.000000000000e+00
1829 0.000000000000e+00
1830 0.000000000000e+00
1831 0.000000000000e+00
1832 1.786967994990e+01
1833 0.000000000000e+00
1834 2.211280912747e+00
1835 4.593235156661e+00
1836 3.931110749823e+00
1837 1.072330590305e+01
1838 6.166087448126e+00
1839 0.000000000000e+00
1840 1.219084768522e+01
1841 0.000000000000e+00
1842 0.000000000000e+00
1843 6.956349816706e+00
1844 0.000000000000e+00
1845 0.000000000000e+00
1846 0.000000000000e+00
1847 1.325262019004e+01
1848 0.000000000000e+00
1849 0.000000000000e+00
1850 3.103637014325e+00
1851 1.051711011757e+01
1852 6.053818707266e+00
1853 0.000000000000e+00
1854 0.000000000000e+00
1855 9.872554951586e+00
1856 5.422749568353e+00
1857 0.000000000000e+00
1858 1.638028752244e+01
1859 2.147032686750e+01
1860 0.000000000000e+00
1861 0.000000000000e+00
1862 0.000000000000e+00
1863 0.000000000000e+00
1864 0.000000000000e+00
1865 0.000000000000e+00
1866 0.000000000000e+00
1867 0.000000000000e+00
1868 0.000000000000e+00
1869 0.000000000000e+00
1870 0.000000000000e+00
1871 0.000000000000e+00
1872 0.000000000000e+00
1873 0.000000000000e+00
1874 0.000000000000e+00
1875 5.680743414872e+00
1876 0.000000000000e+00
1877 4.363060790855e+00
1878 0.000000000000e+00
1879 0.000000000000e+00
1880 0.000000000000e+00
1881 0.000000000000e+00
1882 0.000000000000e+00
1883 1.331247259155e+01
1884 1.120072844118e+00
1885 0.000000000000e+00
1886 3.082985454872e+00
1887 1.307381233772e+01
1888 8.820856571959e+00
1889 2.312940876457e+01
1890 2.654974933090e+01
1891 0.000000000000e+00
1892 0.000000000000e+00
1893 0.000000000000e+00
1894 2.785109762360e+00
1895 0.000000000000e+00
1896 0.000000000000e+00
1897 0.000000000000e+00
1898 7.660044475162e+00
1899 9.207212845475e+00
1900 0.000000000000e+00
1901 0.000000000000e+00
1902 1.005129417557e+01
1903 6.261985592580e+00
1904 0.000000000000e+00
1905 0.000000000000e+00
1906 0.000000000000e+00
1907 0.000000000000e+00
1908 5.520471564454e+00
1909 8.732338334954e+00
1910 0.000000000000e+00
1911 4.338518173850e+00
1912 5.947064762367e+00
1913 8.104171393271e+00
1914 0.000000000000e+00
1915 3.430771132436e+00
1916 0.000000000000e+00
1917 0.000000000000e+00
1918 0.000000000000e+00
1919 0.000000000000e+00
1920 0.000000000000e+00
1921 4.803991953307e+00
1922 1.814693359588e+00
1923 0.000000000000e+00
1924 1.105548183213e+01
1925 9.396107683306e+00
1926 7.689315943750e+00
1927 1.130308122219e+01
1928 8.120573959441e-01
1929 0.000000000000e+00
1930 0.000000000000e+00
1931 4.252168566724e+00
1932 5.767569278058e+00
1933 0.000000000000e+00
1934 0.000000000000e+00
1935 0.000000000000e+00
1936 0.000000000000e+00
1937 0.000000000000e+00
1938 5.642177939629e+00
1939 1.867717618860e+01
1940 0.000000000000e+00
1941 2.878486368236e+00
1942 9.594596598796e+00
1943 5.983905439332e+00
1944 0.000000000000e+00
1945 0.000000000000e+00
1946 0.000000000000e+00
1947 0.000000000000e+00
1948 3.453151621018e+00
1949 0.000000000000e+00
1950 4.291181407910e+00
1951 2.027100002931e+01
1952 1.279418675999e+01
1953 0.000000000000e+00
1954 3.735379103617e+00
1955 0.000000000000e+00
1956 0.000000000000e+00
1957 0.000000000000e+00
1958 0.000000000000e+00
1959 0.000000000000e+00
1960 0.000000000000e+00
1961 0.000000000000e+00
1962 0.000000000000e+00
1963 0.000000000000e+00
1964 0.000000000000e+00
1965 0.000000000000e+00
1966 0.000000000000e+00
1967 0.000000000000e+00
1968 0.000000000000e+00
1969 0.000000000000e+00
1970 0.000000000000e+00
1971 0.000000000000e+00
1972 0.000000000000e+00
1973 0.000000000000e+00
1974 0.000000000000e+00
1975 0.000000000000e+00
1976 0.000000000000e+00
1977 0.000000000000e+00
1978 0.000000000000e+00
1979 0.000000000000e+00
1980 0.000000000000e+00
1981 0.000000000000e+00
1982 0.000000000000e+00
1983 0.000000000000e+00
1984 0.000000000000e+00
1985 0.000000000000e+00
1986 1.934630642458e+00
1987 0.000000000000e+00
1988 0.000000000000e+00
1989 0.000000000000e+00
1990 0.000000000000e+00
1991 8.554986742999e+00
1992 3.729238062740e+00
1993 0.000000000000e+00
1994 0.000000000000e+00
1995 1.265143655980e+00
1996 8.111978478306e+00
1997 4.331844485319e-01
1998 0.000000000000e+00
1999 6.492927521568e+00
2000 7.062517799441e+00
2001 0.000000000000e+00
2002 0.000000000000e+00
2003 0.000000000000e+00
2004 9.902371516217e+00
2005 4.848461635472e+00
2006 0.000000000000e+00
2007 1.954687766218e+01
2008 2.359213660682e+01
2009 0.000000000000e+00
2010 1.572817580706e+00
2011 0.000000000000e+00
2012 0.000000000000e+00
2013 0.000000000000e+00
2014 0.000000000000e+00
2015 1.328668628615e+01
2016 4.069122288684e-01
2017 6.281246016883e+00
2018 8.783610893558e+00
2019 6.661233112846e+00
2020 0.000000000000e+00
2021 0.000000000000e+00
2022 0.000000000000e+00
2023 0.000000000000e+00
2024 0.000000000000e+00
2025 0.000000000000e+00
2026 0.000000000000e+00
2027 0.000000000000e+00
2028 0.000000000000e+00
2029 0.000000000000e+00
2030 0.000000000000e+00
2031 0.000000000000e+00
2032 0.000000000000e+00
2033 0.000000000000e+00
2034 0.000000000000e+00
2035 0.000000000000e+00
2036 0.000000000000e+00
2037 0.000000000000e+00
2038 0.000000000000e+00
2039 0.000000000000e+00
2040 0.000000000000e+00
2041 0.000000000000e+00
2042 0.000000000000e+00
2043 0.000000000000e+00
2044 0.000000000000e+00
2045 0.000000000000e+00
2046 3.865602227390e+00
2047 0.000000000000e+00
2048 0.000000000000e+00
2049 0.000000000000e+00
2050 2.273776891116e+00
2051 1.806701270372e+01
2052 0.000000000000e+00
2053 5.449423203613e+00
2054 0.000000000000e+00
2055 9.523961376114e+00
2056 0.000000000000e+00
2057 0.000000000000e+00
2058 0.000000000000e+00
2059 0.000000000000e+00
2060 1.095730086229e+01
2061 0.000000000000e+00
2062 0.000000000000e+00
2063 2.526959414476e+00
2064 0.000000000000e+00
2065 0.000000000000e+00
2066 0.000000000000e+00
2067 0.000000000000e+00
2068 7.617267917281e+00
2069 1.034392722982e+00
2070 3.999095660862e-01
2071 6.940305182470e-01
2072 1.410872139975e+01
2073 2.627516788679e+01
2074 6.015529763882e+00
2075 2.188205937742e+00
2076 3.097536529148e+00
2077 1.272811721586e+01
2078 5.790691539302e-01
2079 0.000000000000e+00
2080 0.000000000000e+00
2081 0.000000000000e+00
2082 1.157270052467e+01
2083 6.804929972914e+00
2084 0.000000000000e+00
2085 4.056925457654e+00
2086 1.067233011591e+01
2087 0.000000000000e+00
2088 0.000000000000e+00
2089 0.000000000000e+00
2090 4.879915716460e+00
2091 0.000000000000e+00
2092 0.000000000000e+00
2093 1.205792173869e+00
2094 1.043655133837e+01
2095 2.183093971224e+01
2096 1.957564086639e+00
2097 6.245802540756e+00
2098 0.000000000000e+00
2099 0.000000000000e+00
2100 0.000000000000e+00
2101 0.000000000000e+00
2102 0.000000000000e+00
2103 0.000000000000e+00
2104 0.000000000000e+00
2105 7.659795463376e+00
2106 0.000000000000e+00
2107 0.000000000000e+00
2108 0.000000000000e+00
2109 0.000000000000e+00
2110 0.000000000000e+00
2111 0.000000000000e+00
2112 0.000000000000e+00
2113 0.000000000000e+00
2114 0.000000000000e+00
2115 0.000000000000e+00
2116 0.000000000000e+00
2117 0.000000000000e+00
2118 0.000000000000e+00
2119 0.000000000000e+00
2120 0.000000000000e+00
2121 0.000000000000e+00
2122 4.488151591436e-01
2123 2.060306688698e+00
2124 8.726554849640e+00
2125 4.317008558078e+00
2126 0.000000000000e+00
2127 8.755666426649e+00
2128 1.051919027027e+01
2129 7.033156338835e+00
2130 1.036065605707e+01
2131 0.000000000000e+00
2132 0.000000000000e+00
2133 0.000000000000e+00
2134 1.408351996701e+01
2135 0.000000000000e+00
2136 0.000000000000e+00
2137 0.000000000000e+00
2138 0.000000000000e+00
2139 0.000000000000e+00
2140 0.000000000000e+00
2141 0.000000000000e+00
2142 0.000000000000e+00
2143 0.000000000000e+00
2144 0.000000000000e+00
2145 0.000000000000e+00
2146 0.000000000000e+00
2147 0.000000000000e+00
2148 0.000000000000e+00
2149 0.000000000000e+00
2150 0.000000000000e+00
2151 0.000000000000e+00
2152 0.000000000000e+00
2153 0.000000000000e+00
2154 2.596585293667e+00
2155 0.000000000000e+00
2156 0.000000000000e+00
2157 0.000000000000e+00
2158 4.632351576400e+00
2159 0.000000000000e+00
2160 0.000000000000e+00
2161 6.112768468112e+00
2162 0.000000000000e+00
2163 8.544995901770e-01
2164 1.029549671985e+01
2165 0.000000000000e+00
2166 1.590858214070e+00
2167 9.392748890667e+00
2168 2.051515614871e+00
2169 1.962705073606e+00
2170 3.945573123052e+00
2171 1.800910949169e+01
2172 1.563117807170e+01
2173 1.192692766630e+01
2174 0.000000000000e+00
2175 8.449208696972e+00
2176 0.000000000000e+00
2177 1.089870800518e+01
2178 8.707840917258e+00
2179 0.000000000000e+00
2180 0.000000000000e+00
2181 1.989480309404e+00
2182 4.422457040487e+00
2183 9.272851687473e-01
2184 0.000000000000e+00
2185 0.000000000000e+00
2186 3.324834170630e+00
2187 0.000000000000e+00
2188 2.341316055026e+00
2189 0.000000000000e+00
2190 7.551684294584e+00
2191 8.043789946328e+00
2192 0.000000000000e+00
2193 7.608447059211e+00
2194 0.000000000000e+00
2195 1.220707992000e+01
2196 0.000000000000e+00
2197 1.106644600343e+01
2198 7.947172693687e+00
2199 0.000000000000e+00
2200 0.000000000000e+00
2201 0.000000000000e+00
2202 0.000000000000e+00
2203 1.291259414755e+01
2204 0.000000000000e+00
2205 0.000000000000e+00
2206 0.000000000000e+00
2207 0.000000000000e+00
2208 0.000000000000e+00
2209 0.000000000000e+00
2210 0.000000000000e+00
2211 0.000000000000e+00
2212 0.000000000000e+00
2213 0.000000000000e+00
2214 0.000000000000e+00
2215 0.000000000000e+00
2216 0.000000000000e+00
2217 0.000000000000e+00
2218 0.000000000000e+00
2219 0.000000000000e+00
2220 0.000000000000e+00
2221 0.000000000000e+00
2222 0.000000000000e+00
2223 0.000000000000e+00
2224 4.991682105772e+00
2225 0.000000000000e+00
2226 0.000000000000e+00
2227 0.000000000000e+00
2228 0.000000000000e+00
2229 0.000000000000e+00
2230 0.000000000000e+00
2231 1.184907184510e+01
2232 8.589823832945e-01
2233 0.000000000000e+00
2234 4.191637612444e+00
2235 1.192783765962e+01
2236 1.683395749503e+01
2237 0.000000000000e+00
2238 0.000000000000e+00
2239 1.164555557802e+00
2240 0.000000000000e+00
2241 3.575684837827e+00
2242 9.438621899343e+00
2243 0.000000000000e+00
2244 0.000000000000e+00
2245 0.000000000000e+00
2246 0.000000000000e+00
2247 1.338475524107e+00
2248 1.558577609079e+00
2249 6.067576507846e+00
2250 0.000000000000e+00
2251 8.536917931012e+00
2252 6.467233413114e+00
2253 3.066751233808e+00
2254 0.000000000000e+00
2255 0.000000000000e+00
2256 0.000000000000e+00
2257 0.000000000000e+00
2258 0.000000000000e+00
2259 0.000000000000e+00
2260 0.000000000000e+00
2261 0.000000000000e+00
2262 0.000000000000e+00
2263 3.124296389253e+00
2264 0.000000000000e+00
2265 0.000000000000e+00
2266 4.849873754054e+00
2267 0.000000000000e+00
2268 0.000000000000e+00
2269 6.655106234100e+00
2270 7.942114479548e+00
2271 2.667245529445e+00
2272 0.000000000000e+00
2273 7.072912170846e+00
2274 0.000000000000e+00
2275 0.000000000000e+00
2276 0.000000000000e+00
2277 0.000000000000e+00
2278 0.000000000000e+00
2279 0.000000000000e+00
2280 2.108649889509e+00
2281 0.000000000000e+00
2282 8.635096647881e+00
2283 0.000000000000e+00
2284 0.000000000000e+00
2285 1.727187425756e+01
2286 0.000000000000e+00
2287 0.000000000000e+00
2288 0.000000000000e+00
2289 0.000000000000e+00
2290 0.000000000000e+00
2291 0.000000000000e+00
2292 0.000000000000e+00
2293 0.000000000000e+00
2294 0.000000000000e+00
2295 0.000000000000e+00
2296 0.000000000000e+00
2297 0.000000000000e+00
2298 0.000000000000e+00
2299 0.000000000000e+00
2300 0.000000000000e+00
2301 0.000000000000e+00
2302 0.000000000000e+00
2303 0.000000000000e+00
2304 0.000000000000e+00
2305 0.000000000000e+00
2306 0.000000000000e+00
2307 0.000000000000e+00
2308 0.000000000000e+00
2309 0.000000000000e+00
2310 0.000000000000e+00
2311 0.000000000000e+00
2312 0.000000000000e+00
2313 0.000000000000e+00
2314 0.000000000000e+00
2315 0.000000000000e+00
2316 0.000000000000e+00
2317 0.000000000000e+00
2318 0.000000000000e+00
2319 0.000000000000e+00
2320 0.000000000000e+00
2321 8.202054098674e+00
2322 0.000000000000e+00
2323 3.275400675045e+00
2324 2.445537925517e+00
2325 0.000000000000e+00
2326 5.570729371260e+00
2327 0.000000000000e+00
2328 3.676951594637e+00
2329 0.000000000000e+00
2330 0.000000000000e+00
2331 0.000000000000e+00
2332 0.000000000000e+00
2333 0.000000000000e+00
2334 1.123935327132e+01
2335 3.438891751420e+00
2336 0.000000000000e+00
2337 2.002102282875e+00
2338 0.000000000000e+00
2339 0.000000000000e+00
2340 0.000000000000e+00
2341 0.000000000000e+00
2342 0.000000000000e+00
2343 0.000000000000e+00
2344 0.000000000000e+00
2345 0.000000000000e+00
2346 9.112927492264e+00
2347 0.000000000000e+00
2348 0.000000000000e+00
2349 0.000000000000e+00
2350 0.000000000000e+00
2351 0.000000000000e+00
2352 0.000000000000e+00
2353 0.000000000000e+00
2354 0.000000000000e+00
2355 0.000000000000e+00
2356 0.000000000000e+00
2357 5.031155340104e+00
2358 0.000000000000e+00
2359 0.000000000000e+00
2360 0.000000000000e+00
2361 0.000000000000e+00
2362 0.000000000000e+00
2363 0.000000000000e+00
2364 0.000000000000e+00
2365 0.000000000000e+00
2366 0.000000000000e+00
2367 0.000000000000e+00
2368 0.000000000000e+00
2369 0.000000000000e+00
2370 0.000000000000e+00
2371 0.000000000000e+00
2372 0.000000000000e+00
2373 0.000000000000e+00
2374 0.000000000000e+00
2375 0.000000000000e+00
2376 0.000000000000e+00
2377 0.000000000000e+00
2378 0.000000000000e+00
2379 0.000000000000e+00
2380 0.000000000000e+00
2381 0.000000000000e+00
2382 6.838535109787e+00
2383 8.729014153136e+00
2384 0.000000000000e+00
2385 0.000000000000e+00
2386 9.360528900449e-01
2387 6.377618307423e+00
2388 7.682630450972e+00
2389 0.000000000000e+00
2390 0.000000000000e+00
2391 6.198785827668e+00
2392 7.594984550316e+00
2393 0.000000000000e+00
2394 0.000000000000e+00
2395 0.000000000000e+00
2396 0.000000000000e+00
2397 5.210013030646e+00
2398 0.000000000000e+00
2399 0.000000000000e+00
2400 0.000000000000e+00
2401 0.000000000000e+00
2402 0.000000000000e+00
2403 0.000000000000e+00
2404 4.771431148593e+00
2405 0.000000000000e+00
2406 0.000000000000e+00
2407 2.621457108645e+00
2408 0.000000000000e+00
2409 7.550618559218e+00
2410 5.381532036079e+00
2411 3.145390895510e+00
2412 5.440790106597e+00
2413 0.000000000000e+00
2414 1.469157562022e+00
2415 1.373579357660e+01
2416 2.857505482664e+00
2417 0.000000000000e+00
2418 6.202571851978e+00
2419 2.430043128750e+00
2420 1.110301597892e+01
2421 0.000000000000e+00
2422 0.000000000000e+00
2423 0.000000000000e+00
2424 6.625593993578e+00
2425 0.000000000000e+00
2426 0.000000000000e+00
2427 0.000000000000e+00
2428 5.371311491176e+00
2429 0.000000000000e+00
2430 0.000000000000e+00
2431 0.000000000000e+00
2432 4.177924754230e+00
2433 0.000000000000e+00
2434 0.000000000000e+00
2435 0.000000000000e+00
2436 0.000000000000e+00
2437 0.000000000000e+00
2438 0.000000000000e+00
2439 0.000000000000e+00
2440 0.000000000000e+00
2441 7.249746166322e+00
2442 0.000000000000e+00
2443 0.000000000000e+00
2444 0.000000000000e+00
2445 2.531156038906e-01
2446 1.461648644843e+00
2447 3.961551221543e+00
2448 1.966017543866e+01
2449 1.493595628970e+01
2450 0.000000000000e+00
2451 4.355953861009e+00
2452 8.047347022656e+00
2453 0.000000000000e+00
2454 5.012216102651e+00
2455 5.971288171089e+00
2456 5.296139146783e+00
2457 0.000000000000e+00
2458 2.661088710014e+00
2459 1.439960012221e+01
2460 2.353502308130e+00
2461 0.000000000000e+00
2462 0.000000000000e+00
2463 4.053522133134e+00
2464 0.000000000000e+00
2465 1.619578859268e+00
2466 0.000000000000e+00
2467 0.000000000000e+00
2468 0.000000000000e+00
2469 0.000000000000e+00
2470 1.137365558734e+01
2471 0.000000000000e+00
2472 1.076652684539e+01
2473 0.000000000000e+00
2474 3.407615085047e+00
2475 9.445482697443e+00
2476 0.000000000000e+00
2477 0.000000000000e+00
2478 0.000000000000e+00
2479 0.000000000000e+00
2480 0.000000000000e+00
2481 1.548050061002e+00
2482 1.039474921199e+00
2483 4.277605312240e+00
2484 1.378528608906e+01
2485 0.000000000000e+00
2486 8.806700712938e+00
2487 3.379952921766e+00
2488 9.159993096377e+00
2489 8.490919361888e+00
2490 1.117860200697e+00
2491 0.000000000000e+00
2492 0.000000000000e+00
2493 0.000000000000e+00
2494 5.540469872730e+00
2495 0.000000000000e+00
2496 0.000000000000e+00
2497 0.000000000000e+00
2498 0.000000000000e+00
2499 0.000000000000e+00
2500 0.000000000000e+00
2501 0.000000000000e+00
2502 0.000000000000e+00
2503 0.000000000000e+00
2504 0.000000000000e+00
2505 0.000000000000e+00
2506 0.000000000000e+00
2507 0.000000000000e+00
2508 0.000000000000e+00
2509 0.000000000000e+00
2510 0.000000000000e+00
2511 0.000000000000e+00
2512 0.000000000000e+00
2513 0.000000000000e+00
2514 0.000000000000e+00
2515 0.000000000000e+00
2516 3.304326034835e+00
2517 0.000000000000e+00
2518 0.000000000000e+00
2519 1.968230691355e+00
2520 0.000000000000e+00
2521 9.960028081423e+00
2522 0.000000000000e+00
2523 0.000000000000e+00
2524 1.195508677890e+01
2525 1.511183386484e+00
2526 0.000000000000e+00
2527 0.000000000000e+00
2528 0.000000000000e+00
2529 0.000000000000e+00
2530 0.000000000000e+00
2531 0.000000000000e+00
2532 0.000000000000e+00
2533 0.000000000000e+00
2534 0.000000000000e+00
2535 0.000000000000e+00
2536 0.000000000000e+00
2537 0.000000000000e+00
2538 0.000000000000e+00
2539 0.000000000000e+00
2540 0.000000000000e+00
2541 0.000000000000e+00
2542 0.000000000000e+00
2543 0.000000000000e+00
2544 0.000000000000e+00
2545 0.000000000000e+00
2546 0.000000000000e+00
2547 0.000000000000e+00
2548 0.000000000000e+00
2549 0.000000000000e+00
2550 0.000000000000e+00
2551 4.771380694090e+00
2552 1.132288474025e+01
2553 1.148407144036e+01
2554 0.000000000000e+00
2555 0.000000000000e+00
2556 0.000000000000e+00
2557 0.000000000000e+00
2558 0.000000000000e+00
2559 0.000000000000e+00
2560 0.000000000000e+00
2561 0.000000000000e+00
2562 0.000000000000e+00
2563 0.000000000000e+00
2564 0.000000000000e+00
2565 0.000000000000e+00
2566 0.000000000000e+00
2567 0.000000000000e+00
2568 0.000000000000e+00
2569 0.000000000000e+00
2570 0.000000000000e+00
2571 0.000000000000e+00
2572 0.000000000000e+00
2573 0.000000000000e+00
2574 0.000000000000e+00
2575 0.000000000000e+00
2576 0.000000000000e+00
2577 0.000000000000e+00
2578 0.000000000000e+00
2579 0.000000000000e+00
2580 0.000000000000e+00
2581 0.000000000000e+00
2582 0.000000000000e+00
2583 0.000000000000e+00
2584 0.000000000000e+00
2585 0.000000000000e+00
2586 0.000000000000e+00
2587 0.000000000000e+00
2588 0.000000000000e+00
2589 0.000000000000e+00
2590 4.973881993214e-04
2591 4.101667673137e+00
2592 2.789166262534e+00
2593 1.970230522418e+01
2594 2.187050424692e+01
2595 0.000000000000e+00
2596 0.000000000000e+00
2597 0.000000000000e+00
2598 6.401158907120e+00
2599 0.000000000000e+00
2600 0.000000000000e+00
2601 0.000000000000e+00
2602 1.059949352825e+01
2603 0.000000000000e+00
2604 0.000000000000e+00
2605 0.000000000000e+00
2606 5.772877305816e+00
2607 0.000000000000e+00
2608 0.000000000000e+00
2609 0.000000000000e+00
2610 0.000000000000e+00
2611 0.000000000000e+00
2612 0.000000000000e+00
2613 1.115732534963e+00
2614 3.785486187614e+00
2615 4.206803868637e+00
2616 8.919499273857e+00
2617 3.536762025215e+00
2618 0.000000000000e+00
2619 0.000000000000e+00
2620 0.000000000000e+00
2621 0.000000000000e+00
2622 1.205423679063e+01
2623 2.369819386531e+01
2624 0.000000000000e+00
2625 3.864529437012e+00
2626 0.000000000000e+00
2627 0.000000000000e+00
2628 0.000000000000e+00
2629 0.000000000000e+00
2630 0.000000000000e+00
2631 0.000000000000e+00
2632 4.600336946126e+00
2633 0.000000000000e+00
2634 4.772890793842e+00
2635 0.000000000000e+00
2636 0.000000000000e+00
2637 0.000000000000e+00
2638 0.000000000000e+00
2639 4.056275795332e+00
2640 0.000000000000e+00
2641 3.858670303845e+00
2642 0.000000000000e+00
2643 9.812689208194e+00
2644 0.000000000000e+00
2645 2.262854428712e+00
2646 0.000000000000e+00
2647 0.000000000000e+00
2648 0.000000000000e+00
2649 1.824885216633e+00
2650 2.287735783980e+00
2651 3.794221956317e+00
2652 1.741424201105e+01
2653 1.206720619874e+01
2654 9.001395603882e+00
2655 0.000000000000e+00
2656 1.242867205546e+01
2657 0.000000000000e+00
2658 9.559580950693e+00
2659 9.610635267056e+00
2660 0.000000000000e+00
2661 0.000000000000e+00
2662 0.000000000000e+00
2663 0.000000000000e+00
2664 0.000000000000e+00
2665 1.087209189654e+00
2666 3.208622163853e+00
2667 1.005989779423e+01
2668 0.000000000000e+00
2669 8.390918238416e+00
2670 0.000000000000e+00
2671 5.694097418631e+00
2672 0.000000000000e+00
2673 0.000000000000e+00
2674 1.521038740417e+01
2675 1.617318395328e+01
2676 0.000000000000e+00
2677 0.000000000000e+00
2678 0.000000000000e+00
2679 0.000000000000e+00
2680 0.000000000000e+00
2681 0.000000000000e+00
2682 0.000000000000e+00
2683 0.000000000000e+00
2684 0.000000000000e+00
2685 0.000000000000e+00
2686 0.000000000000e+00
2687 0.000000000000e+00
2688 0.000000000000e+00
2689 0.000000000000e+00
2690 0.000000000000e+00
2691 3.747822020154e+00
2692 0.000000000000e+00
2693 0.000000000000e+00
2694 1.459259029634e+00
2695 0.000000000000e+00
2696 1.665365760403e+01
2697 0.000000000000e+00
2698 0.000000000000e+00
2699 0.000000000000e+00
2700 1.005617341102e+01
2701 0.000000000000e+00
2702 0.000000000000e+00
2703 0.000000000000e+00
2704 0.000000000000e+00
2705 9.833835622702e+00
2706 2.234044099329e+00
2707 0.000000000000e+00
2708 0.000000000000e+00
2709 0.000000000000e+00
2710 0.000000000000e+00
2711 0.000000000000e+00
2712 0.000000000000e+00
2713 1.446636524715e+01
2714 0.000000000000e+00
2715 2.169161537938e+00
2716 5.238372258739e+00
2717 2.054239264932e+01
2718 2.064146664522e+01
2719 1.210227634278e+01
2720 7.878386021962e+00
2721 0.000000000000e+00
2722 0.000000000000e+00
2723 0.000000000000e+00
2724 0.000000000000e+00
2725 1.134423618120e+01
2726 1.619630774053e+00
2727 0.000000000000e+00
2728 0.000000000000e+00
2729 1.221635103790e+00
2730 9.863320580608e+00
2731 0.000000000000e+00
2732 0.000000000000e+00
2733 0.000000000000e+00
2734 2.643397185192e+00
2735 6.997141066111e+00
2736 1.364714089361e+01
2737 1.193161167509e+01
2738 0.000000000000e+00
2739 0.000000000000e+00
2740 1.757960644887e+01
2741 0.000000000000e+00
2742 4.860335478041e+00
2743 5.491929297119e+00
2744 0.000000000000e+00
2745 0.000000000000e+00
2746 0.000000000000e+00
2747 0.000000000000e+00
2748 1.235896070516e+00
2749 8.387820622290e+00
2750 0.000000000000e+00
2751 0.000000000000e+00
2752 0.000000000000e+00
2753 4.637480874767e+00
2754 0.000000000000e+00
2755 0.000000000000e+00
2756 0.000000000000e+00
2757 0.000000000000e+00
2758 0.000000000000e+00
2759 0.000000000000e+00
2760 0.000000000000e+00
2761 0.000000000000e+00
2762 2.877278310667e+00
2763 1.087946815117e+01
2764 5.958746309625e-01
2765 1.726319579817e+00
2766 6.597398947574e+00
2767 1.978187738920e+01
2768 2.028194806859e+01
2769 9.990439218248e+00
2770 7.752071548592e+00
2771 8.453163186746e+00
2772 0.000000000000e+00
2773 1.021378421622e+01
2774 5.276696159792e+00
2775 2.581658061711e+00
2776 0.000000000000e+00
2777 1.856303441873e+00
2778 4.290078122543e+00
2779 9.182546196952e-01
2780 3.927694946720e+00
2781 0.000000000000e+00
2782 0.000000000000e+00
2783 7.722266415190e+00
2784 7.788552624262e+00
2785 1.640159470586e+01
2786 1.947777584721e+01
2787 0.000000000000e+00
2788 0.000000000000e+00
2789 3.830508326938e-01
2790 4.832297383457e+00
2791 0.000000000000e+00
2792 0.000000000000e+00
2793 0.000000000000e+00
2794 6.151221099648e+00
2795 4.287426758995e+00
2796 0.000000000000e+00
2797 0.000000000000e+00
2798 0.000000000000e+00
2799 0.000000000000e+00
2800 0.000000000000e+00
2801 0.000000000000e+00
2802 0.000000000000e+00
2803 0.000000000000e+00
2804 0.000000000000e+00
2805 0.000000000000e+00
2806 0.000000000000e+00
2807 0.000000000000e+00
2808 0.000000000000e+00
2809 0.000000000000e+00
2810 0.000000000000e+00
2811 2.432962214905e+00
2812 3.868506740413e+00
2813 5.565107419025e+00
2814 1.395075995668e+01
2815 1.078617191820e+01
2816 0.000000000000e+00
2817 7.409117394881e+00
2818 0.000000000000e+00
2819 5.903322192069e+00
2820 0.000000000000e+00
2821 1.989091326613e+00
2822 5.742903437732e-01
2823 0.000000000000e+00
2824 0.000000000000e+00
2825 4.352988749149e+00
2826 8.551577180008e+00
2827 0.000000000000e+00
2828 6.691791456686e+00
2829 9.868563947167e+00
2830 3.621533280713e+00
2831 0.000000000000e+00
2832 0.000000000000e+00
2833 0.000000000000e+00
2834 0.000000000000e+00
2835 0.000000000000e+00
2836 0.000000000000e+00
2837 0.000000000000e+00
2838 0.000000000000e+00
2839 0.000000000000e+00
2840 0.000000000000e+00
2841 0.000000000000e+00
2842 0.000000000000e+00
2843 0.000000000000e+00
2844 0.000000000000e+00
2845 0.000000000000e+00
2846 0.000000000000e+00
2847 0.000000000000e+00
2848 0.000000000000e+00
2849 0.000000000000e+00
2850 0.000000000000e+00
2851 0.000000000000e+00
2852 0.000000000000e+00
2853 0.000000000000e+00
2854 0.000000000000e+00
2855 4.361284115588e+00
2856 2.776327539068e+00
2857 6.610673155953e+00
2858 0.000000000000e+00
2859 0.000000000000e+00
2860 0.000000000000e+00
2861 0.000000000000e+00
2862 0.000000000000e+00
2863 0.000000000000e+00
2864 0.000000000000e+00
2865 0.000000000000e+00
2866 0.000000000000e+00
2867 0.000000000000e+00
2868 0.000000000000e+00
2869 0.000000000000e+00
2870 0.000000000000e+00
2871 0.000000000000e+00
2872 1.092998017021e+00
2873 3.255961374671e+00
2874 1.347878405678e+01
2875 0.000000000000e+00
2876 5.498325746146e-01
2877 0.000000000000e+00
2878 6.327574037871e+00
2879 3.841320229681e+00
2880 0.000000000000e+00
2881 1.255413276275e+01
2882 1.996088275379e+01
2883 0.000000000000e+00
2884 0.000000000000e+00
2885 0.000000000000e+00
2886 0.000000000000e+00
2887 0.000000000000e+00
2888 0.000000000000e+00
2889 0.000000000000e+00
2890 0.000000000000e+00
2891 0.000000000000e+00
2892 0.000000000000e+00
2893 0.000000000000e+00
2894 0.000000000000e+00
2895 0.000000000000e+00
2896 0.000000000000e+00
2897 0.000000000000e+00
2898 0.000000000000e+00
2899 0.000000000000e+00
2900 0.000000000000e+00
2901 0.000000000000e+00
2902 0.000000000000e+00
2903 0.000000000000e+00
2904 0.000000000000e+00
2905 0.000000000000e+00
2906 0.000000000000e+00
2907 0.000000000000e+00
2908 0.000000000000e+00
2909 0.000000000000e+00
2910 0.000000000000e+00
2911 0.000000000000e+00
2912 0.000000000000e+00
2913 0.000000000000e+00
2914 0.000000000000e+00
2915 0.000000000000e+00
2916 0.000000000000e+00
2917 0.000000000000e+00
2918 0.000000000000e+00
2919 0.000000000000e+00
2920 0.000000000000e+00
2921 0.000000000000e+00
2922 1.768752122214e+00
2923 7.671708941879e+00
2924 0.000000000000e+00
2925 0.000000000000e+00
2926 3.026157094223e+00
2927 2.189746004409e+00
2928 8.094368069124e+00
2929 2.557608869351e+01
2930 2.459436402370e+01
2931 0.000000000000e+00
2932 3.805837948021e+00
2933 0.000000000000e+00
2934 1.882699350698e+00
2935 0.000000000000e+00
2936 0.000000000000e+00
2937 0.000000000000e+00
2938 1.142183627240e+01
2939 6.209669334426e+00
2940 0.000000000000e+00
2941 0.000000000000e+00
2942 8.704386803216e+00
2943 0.000000000000e+00
2944 0.000000000000e+00
2945 0.000000000000e+00
2946 0.000000000000e+00
2947 2.744745088066e+00
2948 0.000000000000e+00
2949 4.755632707212e-03
2950 4.184657906534e+00
2951 1.140210122480e+01
2952 8.634524192848e+00
2953 1.211136691333e+01
2954 4.769694764387e+00
2955 2.684764486931e+00
2956 0.000000000000e+00
2957 7.124281548624e+00
2958 0.000000000000e+00
2959 0.000000000000e+00
2960 0.000000000000e+00
2961 0.000000000000e+00
2962 4.982403597089e+00
2963 0.000000000000e+00
2964 0.000000000000e+00
2965 0.000000000000e+00
2966 0.000000000000e+00
2967 0.000000000000e+00
2968 0.000000000000e+00
2969 0.000000000000e+00
2970 0.000000000000e+00
2971 0.000000000000e+00
2972 5.569527862148e+00
2973 0.000000000000e+00
2974 0.000000000000e+00
2975 2.004235563859e+00
2976 1.346678631272e+01
2977 2.376426864825e+01
2978 0.000000000000e+00
2979 3.317468293895e+00
2980 2.205108654725e+00
2981 0.000000000000e+00
2982 7.682391096072e+00
2983 0.000000000000e+00
2984 0.000000000000e+00
2985 0.000000000000e+00
2986 1.738756946195e+00
2987 1.064541019563e+01
2988 0.000000000000e+00
2989 7.074577096140e+00
2990 0.000000000000e+00
2991 2.347678748717e+00
2992 3.588319706241e-02
2993 0.000000000000e+00
2994 1.807132517129e+01
2995 4.714714350330e+00
2996 0.000000000000e+00
2997 9.153364424774e+00
2998 1.528805488912e+00
2999 1.077519219038e+01
3000 1.201720138961e+01
3001 0.000000000000e+00
3002 0.000000000000e+00
3003 5.366134213094e+00
3004 1.520916833565e+01
3005 1.256134080172e+00
3006 1.933717574165e+00
3007 3.974993351440e+00
3008 1.748736301748e+01
3009 1.638182098386e+01
3010 1.065048045345e+01
3011 5.710252885596e+00
3012 6.855666769027e+00
3013 0.000000000000e+00
3014 8.434587320973e+00
3015 2.271924961737e+00
3016 2.675991515311e+00
3017 2.231572828145e+00
3018 5.625180148737e+00
3019 1.741192408883e+01
3020 0.000000000000e+00
3021 1.030354594317e+01
3022 7.543634539919e+00
3023 5.440477504553e+00
3024 8.048677930015e-01
3025 0.000000000000e+00
3026 0.000000000000e+00
3027 9.150826279415e-01
3028 0.000000000000e+00
3029 6.877635914398e+00
3030 5.093650662701e+00
3031 0.000000000000e+00
3032 0.000000000000e+00
3033 4.060808790435e+00
3034 0.000000000000e+00
3035 0.000000000000e+00
3036 0.000000000000e+00
3037 1.457105193051e+00
3038 4.558459094322e+00
3039 1.419727805748e+01
3040 1.526682331530e+01
3041 0.000000000000e+00
3042 8.491289817266e+00
3043 3.369964273351e+00
3044 1.147783555116e+01
3045 0.000000000000e+00
3046 0.000000000000e+00
3047 3.549101688371e+00
3048 4.521013247440e+00
3049 0.000000000000e+00
3050 0.000000000000e+00
3051 0.000000000000e+00
3052 0.000000000000e+00
3053 0.000000000000e+00
3054 0.000000000000e+00
3055 0.000000000000e+00
3056 0.000000000000e+00
3057 0.000000000000e+00
3058 0.000000000000e+00
3059 0.000000000000e+00
3060 0.000000000000e+00
3061 0.000000000000e+00
3062 0.000000000000e+00
3063 0.000000000000e+00
3064 0.000000000000e+00
3065 0.000000000000e+00
3066 0.000000000000e+00
3067 0.000000000000e+00
3068 0.000000000000e+00
3069 2.378789815718e+01
3070 3.220316467317e+00
3071 6.678932036493e+00
3072 1.013275348759e+01
3073 3.741265040079e+00
3074 0.000000000000e+00
3075 0.000000000000e+00
3076 1.182259518861e+01
3077 0.000000000000e+00
3078 5.223056196822e+00
3079 0.000000000000e+00
3080 0.000000000000e+00
3081 1.473694544902e+01
3082 0.000000000000e+00
3083 0.000000000000e+00
3084 0.000000000000e+00
3085 0.000000000000e+00
3086 0.000000000000e+00
3087 4.097034290490e+00
3088 0.000000000000e+00
3089 1.136010800418e+01
3090 0.000000000000e+00
3091 3.720260621051e+00
3092 0.000000000000e+00
3093 0.000000000000e+00
3094 0.000000000000e+00
3095 0.000000000000e+00
3096 6.534697575054e+00
3097 0.000000000000e+00
3098 0.000000000000e+00
3099 0.000000000000e+00
3100 0.000000000000e+00
3101 0.000000000000e+00
3102 0.000000000000e+00
3103 1.759818385253e+00
3104 4.624577612102e+00
3105 4.209858760449e+00
3106 9.742580598741e+00
3107 0.000000000000e+00
3108 0.000000000000e+00
3109 9.521324862859e+00
3110 0.000000000000e+00
3111 8.992254263640e+00
3112 0.000000000000e+00
3113 9.995427469468e+00
3114 1.193316858197e+01
3115 3.742554337627e+00
3116 6.080878861538e+00
3117 0.000000000000e+00
3118 0.000000000000e+00
3119 1.871687952458e+01
3120 3.699360892423e-01
3121 0.000000000000e+00
3122 3.882045573454e+00
3123 0.000000000000e+00
3124 0.000000000000e+00
3125 0.000000000000e+00
3126 0.000000000000e+00
3127 0.000000000000e+00
3128 1.194653795612e+01
3129 7.441000221240e+00
3130 1.083376475912e+01
3131 0.000000000000e+00
3132 4.875469357173e+00
3133 9.051281615682e+00
3134 8.804757531453e+00
3135 0.000000000000e+00
3136 0.000000000000e+00
3137 4.792392455937e+00
3138 9.026983237898e+00
3139 4.662713920018e+00
3140 2.872320182183e+00
3141 1.711833808057e+01
3142 0.000000000000e+00
3143 7.321892940025e+00
3144 9.663899258424e+00
3145 9.559089129551e+00
3146 0.000000000000e+00
