16.264 53.631 26.85
16.716 52.843 25.669
15.65 51.875 25.166
15.025 51.158 25.949
17.996 52.032 25.993
18.213 50.936 24.959
19.192 52.955 26.011
20.034 52.417 25.951
16.566 53.17 27.681
16.663 54.544 26.802
17.852 51.584 26.869
18.297 51.346 24.051
19.05 50.434 25.176
17.435 50.308 24.97
15.268 53.693 26.836
19.145 53.583 25.233
19.198 53.483 26.861
16.921 53.501 24.93
15.448 51.875 23.852
14.503 50.974 23.204
15.342 50.225 22.187
15.787 50.811 21.197
13.398 51.733 22.455
12.561 52.545 23.447
12.536 50.744 21.681
11.522 53.419 22.798
14.232 50.32 23.885
11.839 51.249 21.176
13.116 50.236 21.048
13.831 52.368 21.827
12.111 51.907 24.072
13.184 53.121 23.979
10.887 52.852 22.272
16.022 52.573 23.327
11.016 53.918 23.502
12.104 50.117 22.327
11.968 54.072 22.186
15.561 48.936 22.421
16.397 48.154 21.518
15.946 46.71 21.333
16.771 45.83 21.102
17.848 48.185 22.015
18.081 47.271 23.205
16.344 48.599 20.602
15.106 48.554 23.262
18.067 49.119 22.283
18.441 47.894 21.269
17.195 47.059 24.029
19.286 46.73 23.301
19.502 46.113 24.06
19.986 46.936 22.615
14.641 46.473 21.442
14.072 45.138 21.255
13.301 45.154 19.937
12.896 46.213 19.475
13.114 44.761 22.404
12.137 45.793 22.578
13.885 44.582 23.695
14.814 44.484 21.178
14.868 44.517 23.502
13.724 45.365 24.303
14.065 47.31 21.669
12.627 43.899 22.155
13.588 43.742 24.159
12.53 46.564 23.09
13.094 43.99 19.329
12.39 43.94 18.05
11.043 44.662 18.014
10.815 45.51 17.15
12.214 42.49 17.595
13.488 41.845 17.115
14.129 42.309 15.966
14.035 40.761 17.792
15.292 41.7 15.495
15.202 40.143 17.329
15.829 40.615 16.176
16.66 40.176 15.841
12.989 44.409 17.366
15.733 42.052 14.663
15.583 39.356 17.834
13.458 43.162 19.819
13.594 40.417 18.619
13.754 43.088 15.472
11.569 42.483 16.847
11.88 41.969 18.365
10.146 44.343 18.938
8.846 44.995 18.926
8.888 46.471 19.267
8.197 47.274 18.639
7.878 44.27 19.854
7.42 42.952 19.269
6.915 42.967 18.125
7.575 41.914 19.937
10.436 43.637 19.62
8.483 44.918 17.975
7.088 44.851 19.992
8.344 44.095 20.71
9.691 46.823 20.263
9.804 48.214 20.656
10.299 49.087 19.518
9.735 50.148 19.252
10.204 46.05 20.712
8.901 48.552 20.967
10.442 48.293 21.438
11.353 48.643 18.84
11.91 49.413 17.733
10.987 49.386 16.51
10.835 50.389 15.827
13.315 48.887 17.357
13.875 49.653 16.156
14.245 49.043 18.557
11.999 50.373 18.029
13.247 50.39 15.913
14.785 49.877 18.447
13.217 47.939 17.075
14.765 50.036 16.395
13.975 49.028 15.384
11.73 47.735 19.156
13.698 49.102 19.391
14.852 48.251 18.606
10.366 48.244 16.241
9.452 48.133 15.103
8.27 49.086 15.287
7.872 49.781 14.352
8.938 46.702 14.975
10.576 47.463 16.884
9.943 48.39 14.267
9.71 46.083 14.836
8.452 46.447 15.81
8.316 46.641 14.195
7.704 49.104 16.493
6.567 49.971 16.782
6.98 51.43 16.686
6.235 52.266 16.183
6.014 49.715 18.187
5.227 48.416 18.286
4.922 47.819 17.232
4.913 48.001 19.425
8.131 48.466 17.186
5.88 49.809 16.067
5.414 50.469 18.424
6.782 49.67 18.816
8.172 51.729 17.185
8.677 53.092 17.163
8.858 53.558 15.715
8.458 54.668 15.349
10.001 53.153 17.928
10.423 54.554 18.316
11.128 55.369 17.427
10.112 55.065 19.576
11.517 56.668 17.792
10.495 56.356 19.949
11.197 57.149 19.054
11.582 58.417 19.436
8.001 53.692 17.597
12.019 57.237 17.144
10.263 56.703 20.856
8.696 50.927 17.581
9.606 54.501 20.224
11.362 55.029 16.519
10.714 52.763 17.35
9.906 52.614 18.761
12.567 58.425 19.595
9.45 52.699 14.891
9.675 53.019 13.482
8.364 53.288 12.758
8.253 54.236 11.978
10.412 51.869 12.787
11.927 51.783 13.003
12.446 50.404 12.588
12.605 52.882 12.198
12.272 53.775 12.502
13.595 52.834 12.333
12.396 52.764 11.227
9.733 51.8 15.325
12.244 50.252 11.621
13.433 50.365 12.735
11.996 49.702 13.139
10.245 53.849 13.431
12.127 51.933 13.968
10.257 51.956 11.805
10.017 51.011 13.115
7.371 52.449 13.019
6.06 52.589 12.384
5.324 53.851 12.811
4.607 54.461 12.027
5.156 51.42 12.758
5.53 50.061 12.207
4.476 49.037 12.587
5.578 50.113 11.22
6.207 52.64 11.382
6.397 49.782 12.594
7.597 51.698 13.699
4.211 51.633 12.448
5.126 51.349 13.771
3.916 48.891 10.651
4.302 48.711 13.769
3.745 48.549 11.596
3.025 47.846 11.771
5.496 54.212 14.076
4.803 55.344 14.662
5.424 56.718 14.436
4.699 57.691 14.216
4.637 55.112 16.17
4.105 53.795 16.387
3.689 56.151 16.778
3.845 55.366 14.28
3.202 56.629 16.045
3.027 55.693 17.374
6.169 53.614 14.608
5.551 55.16 16.616
4.216 56.813 17.314
4.834 53.108 16.306
6.75 56.801 14.489
7.441 58.08 14.323
8.298 58.155 13.067
8.891 59.196 12.773
8.306 58.347 15.558
7.522 58.205 16.842
6.533 59.127 17.181
7.709 57.104 17.676
5.742 58.951 18.321
6.924 56.917 18.815
5.943 57.841 19.128
5.139 57.64 20.222
6.736 58.812 14.268
5.038 59.622 18.548
7.073 56.12 19.398
7.24 55.904 14.654
8.416 56.435 17.456
6.383 59.929 16.604
8.65 59.273 15.503
9.046 57.69 15.568
4.475 56.923 20.015
8.37 57.052 12.328
9.16 57.004 11.101
10.621 57.404 11.282
11.187 58.123 10.46
8.518 57.88 10.02
7.231 57.329 9.489
6.737 56.096 9.862
6.335 57.845 8.616
5.593 55.876 9.238
5.326 56.922 8.476
7.178 55.47 10.505
6.394 58.728 8.158
7.828 56.246 12.691
5.029 55.06 9.325
9.137 56.049 10.745
9.162 57.975 9.254
8.338 58.792 10.403
11.222 56.917 12.361
12.623 57.172 12.677
12.978 56.221 13.802
12.096 55.737 14.5
12.83 58.619 13.139
12.07 58.993 14.402
12.351 60.436 14.802
11.55 60.837 16.03
11.75 62.277 16.372
13.178 56.961 11.886
10.577 60.675 15.852
11.839 60.273 16.807
11.091 58.889 14.237
12.353 58.391 15.146
11.625 62.831 15.55
11.083 62.546 17.065
12.675 62.405 16.727
12.098 61.033 14.049
13.319 60.528 15.009
10.601 56.33 12.97
12.533 59.225 12.401
13.806 58.754 13.308
14.264 55.943 13.972
14.71 55.048 15.03
14.717 55.778 16.368
14.693 57.008 16.41
16.134 54.561 14.749
16.397 53.569 13.616
17.896 53.524 13.324
15.882 52.185 14.015
14.9 52.235 14.192
16.056 51.54 13.272
16.356 51.881 14.84
14.906 56.407 13.303
18.385 53.233 14.145
18.07 52.876 12.583
18.209 54.434 13.053
14.069 54.278 15.093
15.912 53.867 12.802
16.483 54.138 15.601
16.703 55.38 14.563
14.728 55.021 17.477
14.757 55.579 18.836
16.082 56.339 18.98
17.008 56.115 18.2
14.713 54.333 19.718
13.891 53.384 18.908
14.435 53.577 17.509
14.027 52.448 19.214
13.987 56.176 18.995
13.755 53.339 16.82
15.265 53.046 17.367
12.928 53.627 18.949
14.276 54.531 20.591
15.63 53.973 19.869
16.181 57.213 19.978
17.388 58.017 20.178
18.66 57.272 20.572
19.754 57.842 20.517
17.121 59.118 21.208
15.932 59.983 20.841
15.797 60.348 19.652
15.133 60.305 21.748
15.346 57.275 20.59
17.584 58.484 19.281
17.93 59.69 21.262
16.943 58.682 22.082
18.541 56.01 20.968
19.726 55.255 21.355
20.477 54.656 20.16
21.341 53.792 20.329
19.353 54.152 22.351
18.151 53.343 21.909
20.363 55.904 21.803
17.586 55.633 20.976
19.146 54.579 23.228
20.133 53.539 22.446
17.005 53.755 22.098
18.406 52.187 21.311
17.655 51.608 20.991
19.353 51.889 21.179
20.151 55.123 18.957
20.806 54.634 17.744
21.681 55.681 17.063
21.345 56.862 17.04
19.764 54.134 16.733
19.195 52.779 17.089
19.93 51.613 16.856
17.964 52.67 17.733
19.452 50.361 17.269
17.472 51.423 18.151
18.224 50.279 17.918
17.763 49.059 18.36
21.398 53.849 18.001
19.99 49.54 17.099
16.591 51.365 18.61
19.41 55.847 18.954
17.42 53.486 17.903
20.81 51.667 16.388
20.202 54.065 15.845
19.019 54.79 16.706
18.39 48.343 18.057
22.806 55.23 16.516
23.725 56.1 15.784
24.352 55.267 14.675
24.584 54.064 14.842
24.854 56.663 16.682
25.712 55.524 17.231
24.255 57.478 17.814
26.931 56.006 17.987
23.165 56.789 15.342
24.994 57.862 18.365
23.701 58.214 17.428
25.43 57.242 16.117
25.151 54.97 17.84
26.012 54.961 16.465
26.64 56.566 18.761
22.976 54.21 16.653
27.448 55.218 18.319
23.685 56.882 18.378
27.505 56.55 17.377
24.623 55.902 13.541
25.21 55.203 12.406
26.657 54.824 12.689
27.245 55.255 13.685
25.187 56.074 11.152
26.075 57.179 11.337
23.777 56.597 10.882
24.687 54.357 12.245
23.603 57.405 11.449
23.689 56.846 9.915
24.387 56.91 13.535
25.522 55.527 10.36
23.106 55.887 11.103
25.662 57.863 11.948
27.23 54.018 11.806
28.61 53.582 11.957
29.574 54.765 11.892
30.534 54.828 12.655
28.955 52.567 10.869
28.141 51.296 10.958
28.274 50.469 9.695
27.354 49.251 9.721
27.311 48.586 8.385
28.716 53.131 12.853
27.695 48.603 10.4
26.433 49.546 9.971
28.462 50.753 11.735
27.178 51.53 11.092
26.566 47.92 8.372
27.158 49.276 7.679
28.18 48.122 8.22
29.213 50.15 9.611
28.028 51.03 8.911
26.621 53.732 11.015
29.92 52.334 10.957
28.786 52.991 9.984
29.316 55.704 10.988
30.188 56.869 10.859
30.138 57.738 12.115
31.174 58.175 12.611
29.801 57.699 9.63
28.469 58.163 9.733
28.48 55.544 10.409
31.134 56.541 10.749
29.885 57.127 8.82
30.415 58.479 9.566
28.011 57.7 10.491
28.938 57.976 12.635
28.783 58.788 13.835
29.52 58.136 14.993
30.198 58.813 15.775
27.304 58.938 14.199
26.446 59.532 13.095
24.999 59.698 13.518
24.388 58.699 13.961
24.473 60.827 13.41
26.796 60.422 12.877
29.154 59.705 13.674
26.462 58.922 12.327
28.146 57.545 12.126
27.247 59.538 14.978
26.953 58.039 14.4
29.382 56.819 15.106
30.047 56.093 16.175
31.556 56.219 15.997
32.277 56.452 16.964
29.631 54.63 16.162
28.782 56.376 14.392
29.794 56.499 17.053
28.664 54.559 15.917
30.181 54.132 15.492
29.774 54.233 17.069
32.032 56.07 14.761
33.464 56.181 14.492
33.984 57.528 14.958
35.057 57.614 15.553
33.755 56.021 13
33.581 54.611 12.483
33.706 54.534 10.976
34.283 54.028 12.89
33.933 55.467 15.02
32.676 54.279 12.745
31.324 55.876 14.037
34.703 56.305 12.827
33.137 56.623 12.487
31.817 53.822 10.854
34.747 54.872 10.408
32.64 54.093 10.318
32.644 54.026 9.3
33.216 58.577 14.688
33.596 59.924 15.081
33.679 60.055 16.603
34.347 60.954 17.122
32.596 60.933 14.52
32.336 58.353 14.181
34.503 60.135 14.695
32.908 61.859 14.726
32.527 60.816 13.531
31.702 60.781 14.938
33.002 59.162 17.32
33.023 59.21 18.778
34.143 58.34 19.334
34.315 58.241 20.544
31.68 58.746 19.354
30.415 59.475 18.892
29.21 58.846 19.563
30.501 60.957 19.233
31.294 61.36 18.775
29.669 61.42 18.926
30.597 61.067 20.222
32.481 58.46 16.774
29.298 58.924 20.558
28.376 59.315 19.268
29.151 57.878 19.312
33.186 60.16 19.065
30.334 59.386 17.906
31.728 58.837 20.351
31.567 57.777 19.119
34.896 57.701 18.445
35.991 56.855 18.884
35.733 55.365 18.781
36.532 54.56 19.267
34.641 57.855 17.458
36.831 57.086 18.341
36.224 57.087 19.856
34.623 54.982 18.157
34.307 53.567 18.013
35.277 52.862 17.081
35.598 53.361 16.001
32.875 53.371 17.485
32.509 51.919 17.248
32.621 50.886 18.14
31.968 51.346 16.044
32.186 49.711 17.569
31.78 49.964 16.285
31.625 51.867 14.789
31.262 49.095 15.314
31.107 51.001 13.822
30.932 49.63 14.093
30.559 49.044 13.375
34.393 53.139 18.925
32.169 48.819 18.018
31.743 52.832 14.581
30.861 51.364 12.932
31.144 48.121 15.521
32.969 50.97 19.072
34.031 55.745 17.799
32.784 53.839 16.617
32.234 53.726 18.151
35.744 51.7 17.519
36.641 50.864 16.733
36.073 49.455 16.838
36.239 48.782 17.854
38.081 50.88 17.286
38.939 49.889 16.515
38.663 52.282 17.169
36.588 51.147 15.79
39.477 50.377 15.827
39.198 52.348 16.327
38.046 50.566 18.226
39.555 49.418 17.146
38.351 49.218 16.062
35.413 51.436 18.476
37.918 52.948 17.147
39.252 52.461 17.957
35.384 49.029 15.785
34.747 47.716 15.741
35.589 46.593 16.334
35.127 45.869 17.218
34.364 47.375 14.3
35.337 49.711 14.995
33.868 47.766 16.258
35.19 47.325 13.742
33.894 46.495 14.283
33.76 48.085 13.942
36.819 46.442 15.851
37.695 45.382 16.345
37.966 45.508 17.845
38.402 44.549 18.483
39.019 45.381 15.583
39.728 46.586 15.796
37.092 47.118 15.12
37.233 44.497 16.189
38.829 45.284 14.61
39.572 44.617 15.902
39.255 47.136 16.484
37.708 46.689 18.399
37.911 46.928 19.824
36.67 46.569 20.645
36.79 46.181 21.803
38.256 48.4 20.089
39.679 48.811 19.747
39.937 50.242 20.214
41.373 50.68 19.955
41.621 52.077 20.426
38.682 46.359 20.145
41.995 50.058 20.436
41.556 50.629 18.971
40.316 48.204 20.209
39.807 48.767 18.763
41.658 52.688 19.637
40.879 52.355 21.034
42.49 52.108 20.918
39.76 50.297 21.193
39.324 50.854 19.721
37.356 47.412 17.742
38.1 48.583 21.065
37.626 48.967 19.55
35.488 46.708 20.047
34.254 46.412 20.762
34.02 47.436 21.86
33.471 47.122 22.92
35.525 47.032 19.069
33.481 46.429 20.12
34.313 45.495 21.168
34.412 48.677 21.585
34.309 49.771 22.547
33.125 50.717 22.366
33.142 51.835 22.892
35.598 50.596 22.494
35.717 51.397 21.21
34.205 49.343 23.474
34.8 48.802 20.622
36.372 49.974 22.554
35.6 51.226 23.263
35.249 50.967 20.155
36.35 52.558 21.29
36.456 53.133 20.48
36.727 52.864 22.168
32.096 50.292 21.639
30.954 51.175 21.418
30.347 51.699 22.717
30.173 52.906 22.884
29.867 50.471 20.601
28.709 51.394 20.198
29.222 52.508 19.281
27.625 50.582 19.498
27.285 49.875 20.118
26.872 51.186 19.237
28.006 50.152 18.68
32.172 49.341 21.268
29.622 52.102 18.46
28.461 53.102 19.025
29.915 53.04 19.764
31.265 51.97 20.87
28.315 51.798 21.018
29.491 49.747 21.15
30.277 50.133 19.772
30.035 50.793 23.637
29.432 51.185 24.909
30.355 52.076 25.729
29.9 52.817 26.603
29.05 49.948 25.714
30.25 49.814 23.382
28.578 51.694 24.718
28.13 50.064 26.086
29.071 49.145 25.12
29.699 49.825 26.463
31.651 52.015 25.446
32.604 52.834 26.185
32.655 54.269 25.679
32.749 55.202 26.473
34 52.209 26.126
34.028 50.806 26.696
33.422 50.591 27.765
34.658 49.918 26.083
31.911 51.366 24.691
32.285 52.87 27.146
34.615 52.782 26.652
34.28 52.174 25.175
32.582 54.448 24.364
32.632 55.785 23.78
31.251 56.399 23.554
31.128 57.607 23.324
33.382 55.773 22.434
34.785 55.223 22.629
32.612 54.941 21.412
33.137 56.389 24.422
34.772 54.228 22.529
32.557 55.447 20.552
33.476 56.714 22.133
35.398 55.617 21.944
35.114 55.46 23.544
32.489 53.581 23.807
33.091 54.076 21.266
31.692 54.764 21.76
30.215 55.567 23.615
28.849 56.035 23.41
27.89 55.198 24.247
27.144 54.373 23.72
28.483 55.943 21.927
30.459 54.579 23.816
28.785 56.99 23.707
29.293 55.688 21.402
27.773 55.252 21.805
28.147 56.829 21.614
27.899 55.406 25.572
27.031 54.669 26.492
25.571 54.648 26.047
25.027 55.667 25.606
27.219 55.419 27.811
28.622 55.913 27.714
28.684 56.422 26.298
28.785 56.647 28.363
27.375 53.723 26.626
29.62 56.449 25.96
28.261 57.318 26.213
29.268 55.172 27.854
27.107 54.804 28.587
26.575 56.177 27.881
24.949 53.477 26.15
23.549 53.339 25.786
23.208 53.354 24.306
22.042 53.182 23.944
25.534 52.699 26.501
23.182 52.464 26.201
23.008 54.085 26.258
24.201 53.552 23.445
23.946 53.586 22.005
24.157 52.238 21.315
24.911 51.391 21.789
24.855 54.62 21.327
24.789 56.017 21.916
23.413 56.644 21.768
23.447 58.09 22.243
22.153 58.798 22.069
22.983 53.878 21.853
23.703 58.103 23.22
24.165 58.582 21.73
25.02 55.972 22.893
25.462 56.601 21.452
22.31 59.669 21.602
21.535 58.233 21.522
21.744 58.969 22.965
22.768 56.144 22.325
23.153 56.631 20.814
25.134 53.675 23.866
24.596 54.671 20.36
25.8 54.292 21.395
23.476 52.06 20.186
23.595 50.86 19.368
23.791 51.335 17.933
23.345 52.423 17.567
22.322 50.005 19.441
22.164 49.396 20.712
22.846 52.859 19.936
24.411 50.373 19.644
22.377 49.292 18.744
21.534 50.591 19.261
21.315 48.871 20.726
24.483 50.541 17.126
24.682 50.9 15.73
23.324 50.737 15.036
22.627 49.741 15.249
25.719 49.965 15.056
27.109 50.212 15.648
25.721 50.18 13.543
27.671 51.584 15.351
24.889 51.867 15.712
26.369 49.544 13.13
24.802 50.011 13.194
25.458 49.03 15.257
27.056 50.09 16.639
27.732 49.522 15.277
27.062 52.281 15.728
24.852 49.681 17.56
28.575 51.67 15.768
25.993 51.12 13.353
27.746 51.705 14.362
22.936 51.72 14.231
21.67 51.627 13.524
21.367 52.806 12.619
21.837 53.92 12.851
23.584 52.515 14.158
21.66 50.768 12.968
20.913 51.526 14.205
20.582 52.559 11.576
20.213 53.627 10.664
20.964 53.641 9.348
20.647 54.431 8.467
20.272 51.58 11.478
19.206 53.57 10.473
20.348 54.53 11.135
21.961 52.776 9.205
22.733 52.719 7.968
21.941 52.039 6.858
21.034 51.253 7.119
24.046 51.961 8.19
25.089 52.798 8.908
25.553 53.795 8.319
25.445 52.459 10.056
22.137 52.166 10.02
22.897 53.669 7.675
24.402 51.698 7.302
23.847 51.158 8.739
22.299 52.351 5.619
21.641 51.781 4.456
21.931 50.284 4.353
23.055 49.839 4.602
22.134 52.487 3.162
21.652 53.942 3.159
21.631 51.744 1.92
22.3 54.799 2.097
20.654 51.868 4.614
21.983 52.204 1.109
21.962 50.805 1.955
23.122 52.488 3.178
20.662 53.944 3.022
21.85 54.336 4.057
22.1 54.419 1.195
23.086 53.034 5.555
21.939 55.729 2.155
20.635 51.759 1.921
23.289 54.815 2.24
20.906 49.51 4.014
21.053 48.064 3.832
20.866 47.865 2.331
19.793 48.131 1.797
19.975 47.303 4.598
20.041 45.811 4.414
21.038 45.066 5.027
19.104 45.154 3.62
21.104 43.682 4.854
19.158 43.78 3.44
20.159 43.038 4.058
20.204 42.05 3.935
21.987 47.842 4.035
21.834 43.16 5.304
18.469 43.321 2.858
20.003 50.01 3.89
18.381 45.684 3.174
21.717 45.515 5.599
19.094 47.611 4.272
20.091 47.496 5.56
21.916 47.418 1.656
21.887 47.235 0.208
20.931 46.181 -0.326
20.456 46.3 -1.453
23.295 46.934 -0.306
24.148 48.049 -0.12
22.754 47.211 2.24
21.622 48.137 -0.212
23.243 46.723 -1.277
23.661 46.158 0.196
23.797 48.617 0.624
20.654 45.148 0.464
19.751 44.094 0.019
20.276 43.535 -1.309
19.507 43.24 -2.225
18.346 44.674 -0.158
17.285 43.607 -0.321
19.803 43.354 0.684
21.118 45.159 1.385
18.346 45.252 -0.971
18.128 45.22 0.648
17.38 42.523 0.267
16.249 43.915 -1.102
15.514 43.255 -1.244
16.21 44.811 -1.546
21.598 43.394 -1.39
22.275 42.89 -2.587
21.725 41.552 -3.074
21.577 41.342 -4.273
23.776 42.72 -2.317
24.472 43.937 -1.737
25.698 43.508 -0.933
26.222 44.577 -0.084
26.899 45.621 -0.544
27.131 45.728 -1.843
27.349 46.551 0.288
23.857 44.415 -1.125
22.165 43.573 -3.331
26.059 44.515 0.905
24.777 44.53 -2.469
27.873 47.325 -0.051
27.158 46.474 1.273
22.114 43.675 -0.524
26.404 43.224 -1.58
25.434 42.732 -0.362
27.666 46.52 -2.187
26.789 45.048 -2.48
24.221 42.49 -3.183
23.89 41.961 -1.675
21.434 40.645 -2.148
20.939 39.328 -2.525
19.429 39.238 -2.716
18.889 38.154 -2.914
21.413 38.279 -1.513
22.937 38.202 -1.414
23.433 36.873 -0.873
23.164 35.837 -1.517
24.092 36.853 0.187
23.307 38.314 -2.318
21.403 39.028 -3.388
23.24 38.906 -0.798
21.585 40.947 -1.172
21.092 37.406 -1.812
21.073 38.536 -0.633
18.759 40.385 -2.654
17.322 40.437 -2.856
16.447 39.57 -1.97
15.399 39.106 -2.411
19.343 41.22 -2.453
17.01 41.424 -2.765
17.118 40.208 -3.849
16.855 39.344 -0.724
16.05 38.529 0.175
14.862 39.322 0.715
13.832 38.749 1.068
16.908 37.992 1.33
17.861 36.89 0.898
18.596 36.273 2.079
19.479 35.113 1.624
20.332 34.563 2.723
15.7 37.731 -0.331
18.89 34.378 1.268
20.074 35.432 0.877
17.34 36.171 0.431
18.535 37.271 0.261
20.121 33.595 2.849
21.293 34.67 2.476
20.142 35.062 3.566
17.932 35.927 2.729
19.173 36.963 2.496
17.751 39.778 -0.466
16.298 37.628 2.025
17.441 38.746 1.695
14.999 40.642 0.771
13.91 41.479 1.261
13.164 42.041 0.055
13.735 42.172 -1.028
14.462 42.611 2.141
15.231 42.191 3.403
15.749 43.43 4.128
14.321 41.394 4.325
13.997 40.575 3.851
14.827 41.124 5.144
13.537 41.956 4.59
15.907 41.007 0.45
14.977 44.01 4.388
16.248 43.151 4.948
16.36 43.939 3.522
13.281 40.914 1.786
15.999 41.617 3.137
13.692 43.171 2.436
15.085 43.154 1.583
11.873 42.371 0.222
11.066 42.913 -0.878
11.749 44.069 -1.599
11.976 45.127 -1.014
9.779 43.348 -0.182
9.66 42.34 0.937
11.083 42.299 1.464
9.036 42.663 1.629
10.821 42.177 -1.533
11.263 41.45 1.949
11.272 43.079 2.049
9.388 41.46 0.583
9.001 43.285 -0.794
9.863 44.268 0.183
12.072 43.848 -2.87
12.727 44.866 -3.674
11.741 45.59 -4.574
10.851 44.981 -5.165
11.82 42.906 -3.226
13.178 45.536 -3.067
13.444 44.436 -4.243
11.903 46.902 -4.687
11.005 47.702 -5.507
11.685 49.029 -5.78
12.24 49.644 -4.872
9.695 47.923 -4.748
8.645 48.743 -5.466
7.415 48.885 -4.581
6.299 49.635 -5.28
5.101 49.755 -4.398
10.849 47.233 -6.372
6.62 50.551 -5.521
6.043 49.143 -6.113
9.008 49.647 -5.659
8.385 48.284 -6.307
4.64 48.87 -4.346
5.391 50.037 -3.485
4.478 50.437 -4.779
7.669 49.385 -3.757
7.087 47.975 -4.34
12.7 47.294 -4.156
9.915 48.381 -3.878
9.303 47.02 -4.539
11.648 49.469 -7.031
12.27 50.731 -7.391
11.744 51.814 -6.466
10.537 51.912 -6.236
11.953 51.079 -8.845
12.338 50.016 -9.699
11.155 48.856 -7.7
13.255 50.649 -7.243
12.458 51.896 -9.097
10.976 51.229 -8.934
12.401 49.17 -9.171
12.658 52.607 -5.917
12.267 53.676 -5.023
12.321 53.289 -3.561
12.457 54.15 -2.695
13.635 52.396 -6.179
12.871 54.483 -5.177
11.321 53.979 -5.253
12.208 51.995 -3.273
12.252 51.542 -1.89
13.682 51.356 -1.434
14.478 50.684 -2.088
11.505 50.222 -1.714
11.648 49.647 -0.309
10.975 48.297 -0.198
9.527 48.409 -0.326
8.769 47.52 -0.959
9.326 46.461 -1.525
7.455 47.687 -1.017
11.221 50.266 0.344
11.812 52.237 -1.308
9.076 49.205 0.088
12.614 49.537 -0.096
6.883 47.034 -1.506
7.031 48.477 -0.564
12.092 51.37 -4.083
11.198 47.91 0.692
11.325 47.713 -0.924
8.742 45.799 -2.021
10.307 46.31 -1.467
11.876 49.564 -2.353
10.543 50.381 -1.884
14.008 51.957 -0.302
15.342 51.844 0.245
15.239 51.165 1.596
14.283 51.376 2.341
15.998 53.229 0.401
15.131 54.086 1.15
16.234 53.851 -0.951
15.891 51.268 -0.357
15.372 54.21 -1.324
16.893 54.607 -0.876
13.244 52.499 0.143
16.869 53.123 0.921
16.601 53.166 -1.589
14.17 53.912 0.907
16.219 50.328 1.897
16.236 49.612 3.156
17.333 50.152 4.05
18.331 50.703 3.573
16.473 48.115 2.922
15.317 47.407 2.278
15.086 47.244 0.938
14.204 46.816 2.953
13.89 46.587 0.741
13.329 46.316 1.962
13.858 46.662 4.303
12.127 45.672 2.28
12.658 46.016 4.619
11.811 45.532 3.607
10.961 45.076 3.872
15.358 49.776 3.617
13.498 46.348 -0.144
14.447 47 5.028
12.409 45.903 5.572
11.529 45.332 1.548
15.691 47.554 0.21
16.954 50.234 1.17
16.638 47.675 3.798
17.258 48.004 2.323
17.125 49.999 5.353
18.09 50.418 6.355
18.034 49.364 7.44
17.043 48.642 7.561
17.722 51.781 6.932
17.998 52.94 5.986
17.575 54.25 6.615
17.827 55.372 5.721
19.03 55.863 5.451
20.117 55.342 6.013
19.15 56.874 4.602
17.48 52.813 5.148
18.994 50.422 5.955
17.032 55.807 5.276
18.971 52.984 5.792
20.05 57.264 4.406
18.337 57.251 4.152
16.21 49.552 5.592
18.095 54.374 7.454
16.602 54.2 6.815
21.019 55.739 5.812
20.04 54.563 6.629
18.255 51.926 7.759
16.75 51.781 7.143
19.091 49.264 8.231
19.117 48.268 9.287
19.529 48.886 10.611
19.994 50.023 10.654
20.083 47.147 8.916
21.515 47.617 8.713
22.501 46.467 8.697
22.55 45.712 9.691
23.228 46.317 7.697
21.57 48.069 7.844
18.204 47.848 9.382
21.756 48.205 9.46
19.856 49.925 8.039
19.777 46.752 8.07
20.086 46.496 9.652
19.344 48.126 11.686
19.706 48.568 13.028
19.932 47.36 13.925
19.265 46.324 13.776
18.606 49.459 13.608
18.921 47.193 11.488
20.558 49.095 12.977
18.876 49.767 14.518
18.472 50.249 13.012
17.757 48.938 13.669
20.877 47.495 14.853
21.206 46.426 15.783
20.14 46.266 16.855
19.65 47.251 17.419
22.543 46.705 16.464
23.724 46.482 15.546
23.539 46.483 14.309
24.845 46.31 16.069
21.353 48.422 14.853
21.226 45.565 15.255
22.624 46.096 17.245
22.544 47.653 16.763
19.793 45.016 17.137
18.796 44.707 18.156
19.44 43.88 19.273
20.336 43.082 19.021
17.62 43.91 17.546
16.849 44.796 16.563
16.689 43.415 18.651
16.11 45.952 17.225
18.53 45.579 18.567
15.951 42.888 18.237
17.211 42.841 19.278
17.999 43.147 17.042
17.493 45.166 15.897
16.183 44.227 16.084
16.769 46.532 17.697
20.284 44.29 16.579
15.635 46.479 16.524
16.318 44.204 19.135
15.451 45.586 17.878
18.978 44.087 20.503
19.48 43.369 21.669
20.942 43.65 22.007
21.59 42.84 22.675
19.291 41.854 21.498
17.832 41.46 21.373
18.928 43.677 22.47
18.223 44.81 20.562
19.678 41.4 22.295
19.77 41.571 20.673
16.978 41.961 22.105
17.54 40.553 20.449
16.596 40.256 20.315
18.269 40.163 19.883
21.462 44.788 21.559
22.852 45.125 21.85
22.942 45.952 23.122
22.164 46.878 23.317
23.484 45.921 20.705
24.901 46.361 21.012
25.961 45.457 20.956
25.171 47.667 21.426
27.262 45.843 21.312
26.459 48.062 21.783
27.498 47.149 21.725
28.771 47.543 22.08
23.36 44.27 21.994
28.008 45.183 21.266
26.629 49.001 22.08
20.826 45.383 21.013
24.427 48.331 21.466
25.799 44.517 20.659
22.935 46.731 20.547
23.504 45.346 19.898
29.412 46.809 21.865
23.886 45.603 23.989
24.095 46.339 25.232
25.534 46.846 25.271
25.77 48.044 25.39
23.823 45.461 26.478
25.062 45.072 27.077
23.051 44.219 26.091
23.483 47.128 25.244
23.611 43.637 25.494
22.802 43.698 26.912
24.451 44.777 23.711
23.298 46.014 27.156
22.212 44.474 25.601
25.836 45.368 26.507
26.496 45.94 25.137
27.898 46.339 25.16
28.82 45.279 24.581
28.421 44.134 24.38
28.324 46.637 26.594
28.201 45.472 27.386
26.175 44.967 25.02
27.993 47.176 24.595
27.735 47.345 26.964
29.271 46.932 26.594
27.241 45.197 27.43
30.063 45.669 24.324
31.027 44.734 23.781
30.919 44.611 22.278
30.516 45.553 21.598
30.268 46.657 24.538
31.964 45.035 24.026
30.887 43.822 24.203
31.283 43.444 21.759
31.226 43.204 20.323
29.772 43.072 19.893
28.915 42.694 20.691
32.016 41.944 19.973
33.48 42.053 20.288
34.302 42.898 19.547
34.027 41.362 21.362
35.648 43.057 19.875
35.373 41.516 21.698
36.183 42.366 20.952
37.146 42.48 21.19
31.588 44.021 19.874
36.222 43.673 19.325
35.752 41.005 22.484
31.602 42.738 22.447
33.453 40.748 21.902
33.929 43.399 18.772
31.922 41.787 19.003
31.644 41.197 20.5
29.5 43.392 18.632
28.141 43.335 18.109
27.618 41.917 17.973
28.389 40.976 17.773
28.078 44.071 16.767
28.338 45.563 16.909
28.499 46.238 15.563
27.268 46.22 14.777
27.217 45.885 13.493
28.327 45.535 12.859
26.064 45.916 12.839
29.177 45.704 17.432
27.53 43.847 18.74
26.412 46.476 15.234
27.57 45.989 17.384
26.024 45.684 11.872
25.222 46.175 13.323
30.321 43.679 18.067
29.217 45.759 15.059
28.774 47.186 15.72
28.281 45.299 11.875
29.197 45.501 13.338
27.173 43.95 16.388
28.77 43.691 16.172
26.3 41.767 18.086
25.673 40.453 17.994
25.192 40.14 16.579
25.598 40.793 15.621
24.505 40.337 18.997
23.416 41.377 18.766
26.38 39.768 18.222
25.772 42.645 18.241
24.872 40.458 19.915
24.105 39.43 18.903
23.193 41.816 17.641
22.716 41.758 19.836
21.99 42.43 19.744
22.927 41.364 20.732
24.33 39.138 16.445
23.821 38.752 15.127
22.368 39.156 14.892
21.742 38.686 13.934
23.933 37.24 14.954
23.119 36.595 15.91
24.057 38.668 17.323
24.39 39.219 14.426
24.876 36.971 15.093
23.625 36.997 14.045
22.33 36.182 15.455
21.833 40.017 15.756
20.439 40.449 15.646
20.275 41.815 14.981
20.918 42.787 15.371
19.793 40.464 17.033
19.816 39.096 17.694
20.13 38.116 16.992
19.514 39 18.902
22.477 40.348 16.498
19.964 39.774 15.054
18.851 40.753 16.931
20.298 41.1 17.601
19.403 41.878 13.978
19.178 43.116 13.243
17.722 43.292 12.852
17.004 42.319 12.608
20.006 43.129 11.953
21.484 42.788 12.118
22.321 44.007 12.467
23.743 43.668 12.492
24.361 43.092 13.518
23.693 42.79 14.626
25.649 42.805 13.431
21.832 42.406 11.263
19.453 43.895 13.829
24.292 43.887 11.675
21.588 42.117 12.851
26.128 42.388 14.204
26.153 43.003 12.586
18.91 40.989 13.771
22.043 44.327 13.364
22.161 44.701 11.778
24.18 42.371 15.401
22.716 42.975 14.691
19.945 44.044 11.553
19.606 42.465 11.32
17.288 44.544 12.801
15.943 44.846 12.366
16.176 45.547 11.036
17.124 46.329 10.891
15.188 45.756 13.381
13.742 45.953 12.916
15.896 47.086 13.546
12.798 46.36 14.021
15.515 43.992 12.157
15.41 47.633 14.227
16.834 46.922 13.849
15.174 45.286 14.251
13.734 46.653 12.204
13.423 45.092 12.52
13.103 47.225 14.418
17.978 45.259 13.092
11.877 46.47 13.649
15.902 47.564 12.669
12.789 45.654 14.728
15.346 45.227 10.052
15.467 45.805 8.723
14.172 46.511 8.399
13.092 45.91 8.475
15.713 44.717 7.672
16.976 43.857 7.713
18.188 44.747 7.646
16.991 42.999 8.966
16.19 42.4 8.973
17.822 42.441 8.982
16.972 43.586 9.776
14.611 44.536 10.311
18.193 45.379 8.425
19.023 44.192 7.672
18.177 45.278 6.795
16.206 46.475 8.731
16.967 43.236 6.934
15.69 45.167 6.761
14.92 44.08 7.706
14.272 47.781 8.026
13.078 48.544 7.712
13.25 49.311 6.414
14.327 49.841 6.122
12.738 49.502 8.857
13.842 50.474 9.208
14.948 50.068 9.957
13.775 51.803 8.804
15.958 50.973 10.296
14.783 52.716 9.136
15.866 52.294 9.881
16.853 53.196 10.214
12.31 47.901 7.597
16.743 50.666 10.834
14.713 53.664 8.833
15.229 48.156 7.982
12.995 52.117 8.266
15.022 49.119 10.257
12.533 48.957 9.669
11.93 50.028 8.594
17.504 52.756 10.829
12.173 49.355 5.638
12.174 50.02 4.346
11.622 51.431 4.444
11.092 51.832 5.479
11.323 49.225 3.36
9.954 49.307 3.717
11.335 48.875 6.034
13.13 50.082 4.026
11.607 48.274 3.384
11.444 49.604 2.451
9.422 49.617 2.93
11.738 52.169 3.344
11.252 53.54 3.279
9.728 53.589 3.338
9.159 54.62 3.7
11.772 54.23 2.008
11.542 53.437 0.861
12.2 51.687 2.545
11.607 54.038 4.08
12.752 54.383 2.109
11.3 55.101 1.905
10.856 52.74 1.068
9.061 52.488 2.979
7.603 52.458 3.075
7.159 51.662 4.302
6.031 51.185 4.394
6.947 51.944 1.781
7.474 50.603 1.329
8.572 50.187 1.754
6.778 49.968 0.513
9.636 51.709 2.648
7.294 53.404 3.212
7.118 52.618 1.068
5.967 51.868 1.95
8.087 51.533 5.245
7.871 50.891 6.539
7.537 49.412 6.671
6.752 49.012 7.534
6.874 51.74 7.331
7.288 53.177 7.25
6.699 54.158 6.505
8.488 53.75 7.787
7.463 55.301 6.533
8.567 55.078 7.313
9.509 53.266 8.618
9.627 55.929 7.64
10.564 54.11 8.944
10.614 55.43 8.454
11.389 56.006 8.711
8.746 51.054 7.103
7.249 56.155 6.062
9.483 52.335 8.972
11.292 53.775 9.53
9.651 56.867 7.284
5.837 54.062 6.009
9.023 51.946 4.973
6.902 51.475 8.268
5.993 51.662 6.924
8.143 48.601 5.815
7.984 47.158 5.909
9.052 46.858 6.95
10.114 47.485 6.938
8.351 46.489 4.591
7.504 46.89 3.385
8.068 46.215 2.141
6.054 46.498 3.611
5.703 46.962 4.425
5.506 46.764 2.817
5.99 45.508 3.741
8.721 49.071 5.097
8.041 45.222 2.258
7.52 46.471 1.345
9.014 46.508 2.002
7.119 46.957 6.286
7.542 47.875 3.273
8.256 45.506 4.707
9.296 46.722 4.38
8.792 45.934 7.859
9.79 45.652 8.874
10.058 44.163 8.992
9.136 43.362 9.158
9.353 46.246 10.241
9.131 47.758 10.081
10.415 45.967 11.313
8.777 48.489 11.356
10.648 46.075 8.555
10.101 46.348 12.178
10.535 44.981 11.392
8.492 45.833 10.488
9.967 48.157 9.697
8.391 47.892 9.416
9.515 48.376 12.019
7.886 45.469 7.786
8.652 49.46 11.158
11.268 46.399 11.034
7.931 48.112 11.73
11.331 43.805 8.885
11.764 42.419 8.988
12.837 42.33 10.057
13.393 43.347 10.484
12.37 41.924 7.665
11.38 41.627 6.572
10.641 42.644 5.979
11.188 40.316 6.118
9.733 42.377 4.956
10.281 40.034 5.095
9.557 41.069 4.52
8.663 40.808 3.512
10.985 41.865 9.277
9.213 43.121 4.538
10.155 39.096 4.782
11.991 44.598 8.722
11.708 39.574 6.531
10.759 43.59 6.29
12.887 41.086 7.859
13.005 42.628 7.336
8.36 41.67 3.109
13.136 41.108 10.483
14.174 40.912 11.478
14.997 39.692 11.104
14.57 38.871 10.297
13.562 40.713 12.871
12.814 39.391 13.062
12.415 39.2 14.522
11.689 37.873 14.745
11.376 37.644 16.201
14.773 41.714 11.491
10.833 37.879 14.227
12.268 37.125 14.418
11.991 39.401 12.501
13.408 38.641 12.788
11.088 36.698 16.324
12.195 37.825 16.739
10.644 38.262 16.474
11.807 39.94 14.79
13.236 39.208 15.084
12.586 40.346 10.06
12.919 41.461 13.039
14.3 40.752 13.545
16.199 39.611 11.666
17.078 38.477 11.471
17.814 38.282 12.787
18.216 39.255 13.435
18.123 38.694 10.35
18.912 37.507 10.214
19.048 39.874 10.67
16.532 37.67 11.295
19.977 39.663 10.364
18.72 40.694 10.198
16.45 40.437 12.259
17.631 38.855 9.474
19.052 40.037 11.658
18.388 36.79 9.742
17.958 37.028 13.193
18.67 36.707 14.416
19.825 35.768 14.076
20.532 35.294 14.965
17.734 36.057 15.464
17.059 34.932 14.886
16.703 37.063 15.945
19.052 37.546 14.799
16.732 37.13 16.946
16.896 37.965 15.551
17.527 36.315 12.573
18.301 35.723 16.244
15.785 36.772 15.663
17.061 35.001 13.883
20.014 35.503 12.783
21.102 34.636 12.345
22.043 35.326 11.357
22.489 34.739 10.372
20.57 33.328 11.745
19.617 33.545 10.581
19.596 34.65 9.991
18.896 32.584 10.247
19.342 35.953 12.141
21.652 34.408 13.164
20.09 32.835 12.463
21.35 32.799 11.425
22.346 36.583 11.648
23.252 37.39 10.834
22.913 37.39 9.344
23.741 37.045 8.497
24.699 36.925 11.036
25.713 38.013 10.852
21.881 36.951 12.511
23.207 38.351 11.167
24.9 36.191 10.378
24.796 36.556 11.966
25.688 39.325 11.193
27.264 36.916 9.914
28.551 39.04 9.895
27.632 38.923 10.258
26.943 37.794 10.271
26.893 39.868 10.811
24.939 39.807 11.638
21.681 37.782 9.041
21.189 37.892 7.672
21.01 36.611 6.854
20.838 36.691 5.645
22.072 38.859 6.866
22.519 40.108 7.611
23.795 40.183 8.175
21.687 41.224 7.719
24.234 41.343 8.824
22.114 42.387 8.368
23.392 42.438 8.916
23.839 43.58 9.542
20.267 38.368 7.707
25.153 41.375 9.216
21.506 43.173 8.437
21.086 38.008 9.876
20.771 41.194 7.326
24.409 39.396 8.117
21.557 39.15 6.057
22.891 38.362 6.574
23.153 44.298 9.441
21.052 35.436 7.475
20.853 34.206 6.702
19.366 34.059 6.367
18.996 33.747 5.232
21.339 32.979 7.486
22.826 33.014 7.824
23.286 31.797 8.602
23.346 33.063 6.97
21.352 34.297 5.842
23.009 33.832 8.371
21.225 35.463 8.481
21.164 32.16 6.939
20.827 32.923 8.343
23.554 32.945 10.246
23.342 30.689 8.067
23.616 31.998 9.879
23.921 31.225 10.466
18.516 34.294 7.362
17.074 34.202 7.173
16.409 35.419 7.8
16.914 35.987 8.77
16.495 32.913 7.811
16.735 32.916 9.22
17.153 31.675 7.2
16.879 34.205 6.192
16.464 30.961 7.063
17.564 31.913 6.318
18.961 34.544 8.266
15.486 32.9 7.656
17.865 31.334 7.816
17.716 32.797 9.41
15.276 35.821 7.235
14.546 36.986 7.722
13.104 36.623 8.05
12.542 35.704 7.462
14.542 38.078 6.653
15.905 38.618 6.324
16.427 39.704 7.025
16.675 38.033 5.323
17.701 40.195 6.732
17.954 38.516 5.02
18.466 39.597 5.726
19.376 39.951 5.522
14.98 37.264 8.586
18.062 40.978 7.246
18.492 38.075 4.29
14.961 35.244 6.43
16.313 37.255 4.81
15.892 40.136 7.742
13.989 38.828 6.987
14.158 37.692 5.826
12.516 37.347 8.996
11.129 37.138 9.377
10.426 38.49 9.282
10.882 39.476 9.856
10.996 36.624 10.831
11.665 35.363 10.966
9.533 36.467 11.206
10.705 36.519 8.727
9.106 37.37 11.303
9.051 35.952 10.492
13.129 38.067 9.434
11.447 37.293 11.456
9.454 35.973 12.076
12.657 35.501 11.05
9.329 38.546 8.539
8.573 39.786 8.425
7.821 39.976 9.746
7.144 39.056 10.202
7.576 39.681 7.265
6.619 40.864 7.13
5.677 40.647 5.947
4.636 41.753 5.823
5.246 43.071 5.444
9.2 40.544 8.305
3.965 41.493 5.123
4.162 41.856 6.702
6.08 40.942 7.961
7.144 41.692 6.976
4.634 43.543 4.814
5.374 43.619 6.268
6.126 42.908 5.004
5.203 39.778 6.07
6.217 40.624 5.109
9.068 37.667 8.067
7.031 38.852 7.397
8.096 39.602 6.413
7.953 41.138 10.388
7.216 41.348 11.632
6.196 42.483 11.533
5.348 42.637 12.407
8.15 41.552 12.865
9.094 42.737 12.647
8.903 40.248 13.149
10.084 42.965 13.817
6.688 40.502 11.794
9.451 40.369 13.972
8.238 39.518 13.281
7.571 41.753 13.647
9.623 42.582 11.82
8.552 43.564 12.542
10.638 42.147 13.922
8.575 41.821 9.958
10.655 43.747 13.596
9.49 40.043 12.37
9.559 43.139 14.642
6.264 43.262 10.459
5.278 44.317 10.233
5.06 44.444 8.726
6.04 44.24 7.973
5.747 45.659 10.802
5.969 45.686 12.314
4.674 45.65 13.127
4.961 45.835 14.549
5.526 44.914 15.325
5.854 43.728 14.821
5.792 45.184 16.598
3.922 44.756 8.315
4.418 44.055 10.659
4.715 46.717 14.967
6.523 44.893 12.582
6.464 46.524 12.561
6.197 44.492 17.186
5.583 46.094 16.969
7.049 43.064 9.818
4.25 44.767 12.987
4.093 46.383 12.809
6.265 43.032 15.425
5.699 43.527 13.86
5.058 46.35 10.582
6.612 45.9 10.362
47.58 45.712 11.489
47.885 45.369 10.07
47.413 43.944 9.792
48.218 43.018 9.687
49.391 45.468 9.816
49.778 45.885 8.396
48.973 44.94 7.083
47.844 46.175 6.413
48.187 46.491 5.529
46.939 45.767 6.296
47.785 46.946 7.045
47.733 44.906 12.056
48.182 46.453 11.778
49.578 46.895 8.295
50.807 45.821 8.313
46.627 46 11.554
47.367 45.992 9.493
49.816 44.57 10.006
49.79 46.138 10.46
46.099 43.78 9.684
45.495 42.479 9.418
45.8 42.032 7.99
45.816 42.838 7.062
43.979 42.563 9.622
43.227 41.244 9.453
43.574 40.255 10.553
42.73 38.992 10.458
42.993 38.038 11.585
45.879 41.803 10.055
41.758 39.247 10.469
42.93 38.529 9.588
42.244 41.427 9.479
43.468 40.845 8.568
42.872 37.104 11.256
43.928 38.165 11.908
42.35 38.223 12.325
43.406 40.681 11.436
44.533 40.002 10.469
45.542 44.653 9.805
43.611 43.219 8.959
43.807 42.903 10.549
46.046 40.741 7.823
46.344 40.18 6.514
45.438 38.985 6.25
45.179 38.181 7.147
47.813 39.743 6.457
48.199 38.92 5.225
48.036 39.699 3.933
48.567 38.909 2.746
50.018 38.584 2.879
46.172 40.876 5.812
48.046 38.053 2.665
48.428 39.447 1.908
49.157 38.635 5.317
47.619 38.102 5.19
50.244 37.829 2.265
50.559 39.388 2.638
50.211 38.319 3.823
48.546 40.549 4
47.071 39.881 3.785
46.008 40.173 8.694
48.007 39.193 7.271
48.384 40.565 6.472
44.947 38.872 5.023
44.09 37.752 4.661
44.499 37.215 3.296
44.727 37.98 2.364
42.633 38.188 4.642
45.218 39.625 4.368
44.203 37.023 5.339
42.042 37.385 4.72
42.458 38.804 5.41
42.437 38.663 3.784
44.605 35.895 3.189
44.982 35.266 1.93
43.952 34.251 1.459
43.474 33.425 2.236
46.328 34.532 2.038
46.722 33.976 0.672
47.397 35.47 2.561
45.05 35.991 1.225
46.586 34.679 -0.024
47.935 35.823 1.794
46.204 33.754 2.641
47.683 33.704 0.689
46.154 33.182 0.461
44.401 35.367 4.057
46.964 36.232 3.044
47.997 34.974 3.19
43.617 34.321 0.175
42.674 33.389 -0.426
43.376 32.685 -1.587
43.803 33.33 -2.543
41.421 34.112 -0.986
40.693 34.857 0.134
40.483 33.093 -1.639
39.563 35.758 -0.363
42.49 32.691 0.258
39.698 33.578 -2.017
40.979 32.622 -2.364
41.731 34.779 -1.653
40.312 34.189 0.767
41.355 35.423 0.62
38.89 35.2 -0.841
44.081 35.088 -0.354
39.139 36.207 0.419
40.185 32.443 -0.945
39.942 36.44 -0.983
43.515 31.367 -1.49
44.143 30.59 -2.552
43.002 30.136 -3.446
42.41 29.08 -3.225
44.881 29.382 -1.976
46.025 29.779 -1.068
44.7 31.21 -3.081
43.147 30.951 -0.615
45.245 28.846 -2.733
44.232 28.837 -1.452
46.069 29.392 0.101
46.959 30.559 -1.599
47.743 30.851 -1.052
46.879 30.857 -2.552
42.695 30.963 -4.442
41.605 30.695 -5.361
41.463 29.288 -5.903
40.349 28.774 -6.004
43.301 31.81 -4.501
40.712 30.966 -4.904
41.677 31.353 -6.162
42.579 28.661 -6.255
42.529 27.318 -6.812
42.069 26.273 -5.805
41.797 25.133 -6.173
43.896 26.928 -7.394
44.95 26.466 -6.39
45.344 27.533 -5.386
45.158 28.731 -5.681
45.856 27.17 -4.304
44.579 25.704 -5.886
41.905 27.307 -7.614
45.761 26.213 -6.891
43.451 29.192 -6.104
44.26 27.723 -7.861
43.747 26.183 -8.032
41.973 26.661 -4.537
41.537 25.733 -3.501
40.065 25.93 -3.142
39.484 25.124 -2.42
42.412 25.89 -2.253
43.885 25.616 -2.521
44.759 25.784 -1.294
43.98 24.675 -2.854
41.641 24.794 -3.859
44.204 26.249 -3.23
42.227 27.646 -4.358
42.097 25.247 -1.558
42.325 26.824 -1.916
43.115 25.886 -0.124
45.986 25.802 -1.396
44.135 25.901 -0.126
44.659 26.003 0.74
39.47 27.003 -3.652
38.065 27.297 -3.392
37.204 26.421 -4.299
37.273 26.526 -5.52
37.749 28.785 -3.675
38.638 29.678 -2.807
36.278 29.077 -3.4
38.413 29.5 -1.317
37.883 27.003 -2.457
36.094 30.034 -3.613
35.719 28.485 -3.976
37.963 28.965 -4.626
39.592 29.474 -3.016
38.454 30.63 -3.046
38.605 28.553 -1.066
40.081 27.603 -4.241
39.024 30.111 -0.817
36.088 28.897 -2.437
37.464 29.72 -1.099
36.398 25.55 -3.702
35.544 24.67 -4.486
34.06 25.003 -4.389
33.222 24.248 -4.875
35.793 23.211 -4.089
37.068 22.63 -4.695
37.425 21.278 -4.088
38.579 20.665 -4.746
38.544 20.097 -5.949
37.409 20.057 -6.634
39.646 19.57 -6.471
37.828 23.255 -4.528
35.823 24.732 -5.465
39.458 20.673 -4.255
36.941 22.506 -5.677
39.62 19.128 -7.361
40.511 19.619 -5.963
36.431 25.554 -2.67
36.634 20.679 -4.185
37.632 21.418 -3.123
37.392 19.606 -7.538
36.581 20.467 -6.266
35.027 22.666 -4.405
35.874 23.166 -3.102
33.738 26.135 -3.767
32.348 26.574 -3.639
32.245 27.92 -2.929
33.196 28.376 -2.294
31.521 25.538 -2.879
31.87 25.513 -1.511
34.543 26.669 -3.388
31.97 26.684 -4.568
31.691 24.64 -3.275
30.556 25.772 -2.966
32.864 25.572 -1.417
31.083 28.553 -3.042
30.854 29.847 -2.415
30.969 29.73 -0.896
31.484 30.634 -0.233
29.459 30.405 -2.782
29.338 31.855 -2.311
28.369 29.549 -2.16
30.306 32.794 -2.993
31.603 30.443 -2.712
27.478 29.909 -2.432
28.47 28.609 -2.483
29.377 30.392 -3.77
28.406 32.166 -2.484
29.507 31.878 -1.327
30.14 32.784 -3.978
30.367 28.054 -3.605
30.174 33.72 -2.641
28.459 29.579 -1.166
31.242 32.497 -2.809
30.495 28.612 -0.35
30.557 28.384 1.09
32.015 28.156 1.486
32.416 28.397 2.625
29.715 27.163 1.47
30.216 25.991 0.855
30.089 27.936 -1.021
30.239 29.209 1.552
28.779 27.314 1.168
29.743 27.05 2.458
31.184 26.114 0.641
32.799 27.681 0.527
34.216 27.431 0.743
34.865 28.802 0.902
35.723 29.012 1.758
34.808 26.727 -0.478
35.752 25.608 -0.107
35.269 24.496 0.204
36.978 25.845 -0.121
32.319 27.505 -0.38
34.308 26.964 1.61
35.304 27.404 -1.011
34.056 26.351 -1.009
34.429 29.738 0.07
34.962 31.089 0.1
34.621 31.795 1.412
35.474 32.463 1.998
34.428 31.882 -1.098
34.933 33.305 -1.331
36.457 33.338 -1.279
34.429 33.798 -2.693
33.431 33.788 -2.698
34.757 34.728 -2.848
34.774 33.195 -3.41
33.69 29.426 -0.59
36.827 32.739 -1.989
36.775 34.273 -1.433
36.766 33.024 -0.382
35.966 31.044 0.019
34.566 33.902 -0.621
33.425 31.933 -1.005
34.639 31.352 -1.93
33.382 31.641 1.878
32.953 32.279 3.124
33.644 31.7 4.352
33.965 32.434 5.287
31.43 32.179 3.29
30.664 32.968 2.276
32.766 31.047 1.297
33.18 33.265 3.068
31.182 32.512 4.205
31.158 31.215 3.214
29.903 32.576 1.226
31.147 34.933 2.904
29.79 35.72 0.977
29.949 34.769 1.226
30.67 34.347 2.249
29.473 33.714 0.588
29.693 31.638 0.965
33.87 30.389 4.356
34.539 29.75 5.482
35.989 30.214 5.528
36.572 30.355 6.604
34.482 28.224 5.356
33.083 27.643 5.529
33.05 26.128 5.414
32.739 27.901 6.433
34.093 30.055 6.323
32.487 28.029 4.824
33.54 29.883 3.519
35.074 27.821 6.056
34.816 27.964 4.45
35.067 26.084 5.307
31.98 25.52 5.417
34.224 25.51 5.315
34.278 24.497 5.248
36.568 30.453 4.356
37.947 30.917 4.275
38.04 32.341 4.813
38.951 32.67 5.573
38.466 30.899 2.826
38.513 29.547 2.352
39.862 31.502 2.754
38.519 30.326 4.847
40.404 31.2 3.542
40.317 31.207 1.91
35.969 30.285 3.528
37.816 31.42 2.237
39.801 32.503 2.761
37.595 29.241 2.078
37.093 33.187 4.415
37.075 34.572 4.879
36.819 34.632 6.38
37.354 35.491 7.075
35.988 35.363 4.156
36.158 35.583 2.651
34.983 36.405 2.129
37.472 36.296 2.377
38.232 35.741 2.716
37.578 36.437 1.392
37.476 37.182 2.841
36.392 32.789 3.768
34.961 37.288 2.597
35.09 36.551 1.146
34.13 35.913 2.303
37.973 34.984 4.693
36.174 34.702 2.193
35.931 36.267 4.583
35.119 34.881 4.287
35.981 33.725 6.872
35.664 33.683 8.291
36.956 33.482 9.072
37.197 34.156 10.066
34.69 32.538 8.578
34.278 32.419 10.036
33.195 31.369 10.217
32.758 31.279 11.672
31.725 30.228 11.871
35.256 34.553 8.562
33.558 31.067 12.238
32.385 32.166 11.954
35.075 32.159 10.58
33.93 33.301 10.351
31.293 30.352 12.764
31.034 30.301 11.152
32.156 29.327 11.83
33.551 30.485 9.939
32.408 31.619 9.665
35.586 33.07 6.174
35.127 31.682 8.303
33.868 32.684 8.03
37.795 32.564 8.603
39.064 32.291 9.266
40.063 33.435 9.108
40.551 33.996 10.094
39.698 31.012 8.711
41.108 30.766 9.237
41.086 30.527 10.743
42.476 30.577 11.347
43.059 31.948 11.273
38.892 32.149 10.255
42.426 30.294 12.308
43.072 29.941 10.851
41.487 29.961 8.789
41.672 31.564 9.045
44.025 31.883 11.027
42.571 32.477 10.58
42.968 32.394 12.162
40.693 29.628 10.918
40.526 31.233 11.17
37.476 32.074 7.749
39.742 31.09 7.721
39.128 30.242 8.973
40.364 33.765 7.857
41.324 34.816 7.533
41.025 36.185 8.134
41.942 36.954 8.41
41.446 34.95 6.011
42.036 33.722 5.325
43.48 33.464 5.739
44.299 34.398 5.634
43.796 32.329 6.162
41.509 32.939 5.589
42.26 34.518 7.83
42.03 33.876 4.357
39.859 33.212 7.13
42.041 35.709 5.823
40.542 35.086 5.649
39.75 36.499 8.335
39.392 37.804 8.883
38.893 37.75 10.324
38.387 38.746 10.847
38.34 38.469 7.992
38.749 38.69 6.527
37.547 39.167 5.727
39.885 39.706 6.447
40.673 39.366 6.96
40.143 39.842 5.491
39.583 40.575 6.838
39.067 35.773 8.081
37.209 40.028 6.11
37.814 39.311 4.773
36.822 38.478 5.768
40.216 38.4 8.855
39.08 37.829 6.153
38.13 39.36 8.377
37.532 37.891 7.987
39.051 36.595 10.966
38.611 36.422 12.346
37.186 36.943 12.498
36.891 37.74 13.387
39.548 37.164 13.296
39.505 35.845 10.41
38.621 35.445 12.57
40.383 36.631 13.422
39.776 38.056 12.908
39.096 37.289 14.178
36.303 36.487 11.616
34.909 36.913 11.646
34.172 36.296 12.835
34.606 35.283 13.385
34.221 36.525 10.331
34.855 37.126 9.067
33.984 36.83 7.846
35.002 38.634 9.235
35.586 38.827 10.023
35.415 39.023 8.412
34.101 39.043 9.381
36.684 35.818 10.921
33.078 37.23 7.98
34.408 37.226 7.033
33.899 35.841 7.731
34.88 37.914 11.742
35.757 36.723 8.935
33.285 36.841 10.371
34.264 35.54 10.243
33.047 36.909 13.253
32.274 36.39 14.386
31.86 34.947 14.161
31.667 34.514 13.022
31.08 37.338 14.457
30.909 37.776 13.036
32.339 38.029 12.612
30.501 37.056 12.492
32.796 36.486 15.245
32.67 38.901 12.958
32.435 37.989 11.624
30.373 38.607 12.986
31.277 38.116 15.049
30.266 36.862 14.783
31.724 34.197 15.246
31.341 32.798 15.13
29.957 32.643 14.496
29.659 31.626 13.869
31.374 32.132 16.508
31.275 30.615 16.455
32.279 29.993 15.486
33.466 30.387 15.514
31.878 29.103 14.701
31.472 30.26 17.348
32.02 32.303 14.569
30.377 30.372 16.142
31.906 34.674 16.141
30.604 32.464 17.02
32.231 32.36 16.93
29.117 33.658 14.647
27.771 33.615 14.076
27.736 34.075 12.612
26.659 34.176 12.016
26.824 34.487 14.908
27.241 35.939 14.984
27.212 36.755 13.85
27.699 36.491 16.182
27.631 38.073 13.905
28.12 37.811 16.249
28.084 38.596 15.108
28.501 39.902 15.167
27.444 32.658 14.107
27.607 38.647 13.086
28.447 38.193 17.112
29.484 34.46 15.187
27.722 35.924 17.003
26.882 36.377 12.983
26.798 34.121 15.834
25.918 34.443 14.497
28.039 40.428 14.454
28.907 34.351 12.041
29.011 34.822 10.654
27.998 34.157 9.727
27.982 32.938 9.59
30.426 34.589 10.118
30.632 35.079 8.698
30.393 36.41 8.358
31.084 34.215 7.699
30.601 36.873 7.059
31.294 34.668 6.394
31.048 36 6.086
31.239 36.456 4.802
28.835 35.82 10.649
30.427 37.834 6.838
31.617 34.04 5.692
29.735 34.206 12.654
31.261 33.26 7.918
30.065 37.048 9.057
30.611 33.61 10.137
31.068 35.07 10.709
30.364 36.756 4.427
27.177 34.977 9.072
26.135 34.465 8.194
26.54 33.83 6.879
25.73 33.15 6.248
27.344 35.986 9.24
25.56 33.781 8.73
25.463 35.236 7.997
27.779 34.049 6.456
28.263 33.473 5.208
27.374 33.857 4.017
26.911 33.003 3.26
28.363 31.949 5.346
29.369 31.513 6.415
29.498 30.004 6.55
29.371 29.292 5.532
29.749 29.533 7.676
30.253 31.867 6.163
29.207 33.787 5.03
29.065 31.865 7.283
28.355 34.648 7.074
28.668 31.589 4.49
27.485 31.614 5.614
27.138 35.158 3.879
26.348 35.72 2.788
26.865 37.145 2.602
27.665 37.623 3.417
24.843 35.696 3.116
24.495 36.469 4.375
26.577 35.22 1.969
27.572 35.752 4.628
24.568 34.745 3.237
24.352 36.098 2.347
24.543 37.697 4.396
24.133 35.747 5.433
23.887 36.199 6.288
24.108 34.748 5.37
26.423 37.826 1.548
26.915 39.175 1.279
26.573 40.223 2.333
27.411 41.074 2.656
26.442 39.64 -0.101
26.893 38.723 -1.247
26.431 39.291 -2.58
28.406 38.578 -1.236
28.699 38.182 -0.365
28.692 37.979 -1.985
28.83 39.477 -1.35
25.732 37.338 0.963
26.827 40.201 -2.712
26.728 38.689 -3.322
25.433 39.359 -2.587
27.936 39.131 1.195
26.494 37.82 -1.113
26.82 40.532 -0.27
25.457 39.649 -0.1
25.353 40.177 2.865
24.95 41.138 3.888
25.82 40.964 5.142
26.221 41.942 5.779
23.469 40.95 4.234
24.742 39.43 2.503
25.086 42.066 3.536
23.377 40.204 4.891
23.114 41.794 4.632
22.962 40.731 3.403
26.1 39.713 5.489
26.925 39.389 6.652
28.355 39.878 6.428
29.001 40.387 7.337
26.927 37.882 6.886
25.685 38.986 4.867
26.55 39.856 7.456
27.748 37.483 6.48
26.918 37.698 7.868
26.116 37.479 6.463
28.845 39.706 5.209
30.193 40.125 4.871
30.305 41.638 4.942
31.281 42.167 5.47
30.562 39.644 3.47
31.973 40.022 3.02
32.995 39.459 4.007
32.223 39.467 1.622
31.555 39.852 0.986
33.145 39.713 1.326
32.133 38.472 1.637
28.196 39.257 4.535
32.912 38.464 4.039
33.916 39.708 3.709
32.823 39.839 4.915
30.832 39.727 5.537
32.053 41.014 2.994
29.927 40.049 2.829
30.502 38.656 3.459
29.306 42.337 4.408
29.311 43.794 4.44
29.304 44.269 5.885
30.031 45.197 6.251
28.083 44.359 3.724
27.885 45.824 3.973
26.979 46.399 4.822
28.645 46.902 3.407
27.13 47.768 4.818
28.147 48.101 3.96
29.702 46.968 2.484
28.67 49.355 3.624
30.221 48.217 2.148
29.704 49.393 2.719
30.103 50.27 2.456
30.165 44.107 4.021
26.588 48.414 5.352
30.078 46.143 2.075
30.966 48.271 1.495
28.292 50.187 4.037
26.306 45.902 5.365
28.552 41.772 3.983
27.275 43.891 4.052
28.195 44.238 2.748
28.476 43.617 6.697
28.345 43.95 8.107
29.664 43.73 8.839
30.087 44.568 9.631
27.244 43.103 8.754
27.022 43.453 10.214
26.738 44.634 10.505
27.127 42.55 11.069
27.934 42.853 6.237
28.137 44.933 8.165
27.513 42.15 8.69
26.401 43.263 8.255
30.315 42.605 8.566
31.588 42.299 9.208
32.696 43.269 8.781
33.51 43.69 9.601
32.001 40.87 8.898
29.854 41.985 7.879
31.474 42.37 10.21
31.905 40.698 7.917
32.954 40.73 9.167
31.417 40.235 9.404
32.735 43.619 7.502
33.766 44.534 7.019
33.585 45.951 7.556
34.561 46.669 7.761
33.786 44.568 5.484
34.219 43.283 4.771
34.219 43.49 3.256
35.608 42.887 5.246
35.593 42.731 6.234
35.895 42.048 4.783
36.256 43.62 5.036
32.006 43.207 6.905
34.855 44.224 3.022
34.503 42.644 2.806
33.298 43.736 2.955
34.668 44.191 7.325
33.582 42.551 5.003
34.414 45.29 5.204
32.862 44.783 5.173
32.343 46.346 7.815
32.08 47.697 8.297
31.75 47.805 9.785
31.511 48.905 10.288
30.92 48.343 7.502
29.74 47.534 7.631
31.288 48.467 6.019
32.911 48.268 8.117
32.242 48.76 5.934
31.171 47.58 5.57
31.61 45.64 7.651
30.723 49.26 7.9
30.692 49.142 5.582
29.842 46.684 7.105
31.731 46.679 10.49
31.404 46.728 11.904
31.929 45.582 12.744
31.286 45.177 13.712
31.955 45.824 9.973
31.751 47.615 12.296
30.381 46.776 12.008
33.093 45.052 12.377
33.693 43.963 13.126
35.186 43.834 12.85
36.012 43.908 13.762
33 42.646 12.781
33.586 41.483 13.491
34.743 40.825 13.179
33.092 40.883 14.688
35.001 39.858 14.113
34.003 39.87 15.053
31.965 41.105 15.493
33.823 39.075 16.192
31.786 40.313 16.629
32.712 39.312 16.964
32.551 38.765 17.785
33.584 44.167 14.11
35.788 39.241 14.114
31.302 41.811 15.267
30.991 40.465 17.202
34.491 38.362 16.42
35.316 41.022 12.385
33.518 45.476 11.533
33.091 42.483 11.807
32.046 42.71 13.042
35.513 43.632 11.58
36.883 43.462 11.123
37.859 44.548 11.563
37.501 45.719 11.698
36.91 43.346 9.584
38.328 43.479 9.062
36.323 42.004 9.176
37.228 42.569 11.49
38.452 44.383 8.651
35.325 42.072 9.156
36.388 44.11 9.216
38.976 43.367 9.816
38.5 42.776 8.371
34.689 43.605 10.927
36.661 41.758 8.268
36.6 41.307 9.838
39.102 44.131 11.779
40.176 45.025 12.196
40.87 45.594 10.96
40.955 44.929 9.93
41.198 44.248 13.033
42.392 45.066 13.514
43.587 44.192 13.88
43.393 43.149 14.547
44.723 44.551 13.503
42.673 45.659 12.786
39.802 45.774 12.743
42.127 45.555 14.321
39.244 43.105 11.624
41.547 43.513 12.474
40.731 43.905 13.833
41.366 46.822 11.077
42.075 47.497 9.992
43.396 48.074 10.52
43.587 48.184 11.729
41.202 48.619 9.421
40.001 48.101 8.663
40.167 47.369 7.489
38.703 48.307 9.134
39.082 46.851 6.803
37.598 47.79 8.449
37.8 47.059 7.282
36.737 46.518 6.591
42.294 46.822 9.287
39.224 46.324 5.96
36.678 47.945 8.794
41.206 47.264 12.012
38.559 48.828 9.969
41.093 47.215 7.133
41.756 49.158 8.798
40.879 49.177 10.175
35.903 46.646 7.123
44.335 48.421 9.624
44.259 48.315 8.163
44.19 46.848 7.78
44.558 45.977 8.569
45.566 48.956 7.695
45.907 49.899 8.808
45.585 49.084 10.027
46.87 50.139 8.78
43.472 48.818 7.81
45.436 49.661 10.825
46.293 48.412 10.216
45.342 50.713 8.761
45.433 49.449 6.838
46.279 48.266 7.581
43.735 46.577 6.564
43.613 45.206 6.099
44.143 45.038 4.686
43.959 45.902 3.825
42.144 44.765 6.145
41.733 43.493 5.393
42.428 42.278 5.988
40.217 43.331 5.462
39.778 44.124 5.041
39.948 42.502 4.972
39.933 43.26 6.418
43.483 47.404 5.994
42.172 42.184 6.951
42.152 41.456 5.489
43.42 42.391 5.918
44.149 44.608 6.714
41.991 43.588 4.433
41.589 45.519 5.777
41.898 44.629 7.112
44.811 43.915 4.464
45.344 43.585 3.158
44.767 42.233 2.792
44.97 41.245 3.499
46.878 43.491 3.168
47.373 42.814 1.892
47.468 44.883 3.285
45.011 44.251 2.504
47.161 43.393 1.106
47.216 45.278 4.169
47.143 42.906 3.926
48.361 42.678 1.951
46.919 41.93 1.788
44.917 43.301 5.3
48.465 44.829 3.215
47.112 45.459 2.548
44.02 42.207 1.698
43.418 40.98 1.213
44.166 40.558 -0.038
44.174 41.283 -1.032
41.942 41.212 0.882
41.225 40.081 0.135
41.263 38.787 0.955
39.791 40.509 -0.146
39.793 41.337 -0.707
39.313 39.778 -0.633
39.322 40.694 0.717
43.906 43.129 1.227
40.808 38.939 1.831
40.792 38.064 0.452
42.214 38.523 1.111
43.528 40.27 1.903
41.68 39.929 -0.74
41.88 42.028 0.314
41.455 41.355 1.74
44.807 39.396 0.017
45.544 38.882 -1.133
44.736 37.737 -1.742
44.686 36.639 -1.191
46.916 38.375 -0.7
47.862 38.089 -1.855
49.134 37.399 -1.401
49.655 37.76 -0.321
49.616 36.501 -2.125
47.407 37.49 -2.485
45.664 39.602 -1.809
48.118 38.943 -2.265
44.74 38.9 0.923
46.785 37.533 -0.207
47.331 39.071 -0.141
44.102 37.998 -2.879
43.285 36.988 -3.541
44.048 36.389 -4.713
44.161 37.016 -5.761
41.99 37.625 -4.051
40.882 36.656 -4.316
40.992 35.399 -4.833
39.482 36.884 -4.113
39.747 34.829 -4.965
38.803 35.72 -4.53
38.736 37.962 -3.62
37.41 35.601 -4.469
37.35 37.842 -3.56
36.703 36.668 -3.983
35.706 36.623 -3.923
43.113 36.252 -2.882
39.562 33.914 -5.32
39.179 38.799 -3.316
36.814 38.603 -3.212
36.963 34.756 -4.776
41.85 34.952 -5.082
44.235 38.958 -3.245
42.181 38.099 -4.907
41.661 38.273 -3.369
44.558 35.175 -4.532
45.319 34.486 -5.571
44.408 33.63 -6.444
43.338 33.206 -6.007
46.37 33.575 -4.938
47.348 34.275 -4.022
48.124 33.259 -3.201
49.104 33.902 -2.332
49.814 33.269 -1.404
49.656 31.965 -1.215
50.685 33.944 -0.663
46.856 34.867 -3.395
45.769 35.174 -6.154
49.253 34.893 -2.443
47.997 34.799 -4.561
51.208 33.48 0.048
50.819 34.926 -0.819
44.37 34.761 -3.594
48.593 32.646 -3.831
47.474 32.749 -2.645
50.188 31.501 -0.494
49.02 31.446 -1.778
46.888 33.141 -5.675
45.893 32.873 -4.409
44.853 33.362 -7.669
44.088 32.543 -8.601
42.622 32.949 -8.583
41.748 32.09 -8.46
44.192 31.068 -8.212
45.606 30.552 -8.04
46.448 30.744 -9.282
46.038 31.042 -7.283
44.443 32.711 -9.526
45.569 29.576 -7.827
45.776 33.78 -7.898
43.742 30.516 -8.924
43.7 30.93 -7.345
47.898 31.609 -8.17
46.042 30.377 -10.384
47.633 31.32 -9.11
48.261 31.47 -9.899
42.354 34.248 -8.706
40.982 34.741 -8.676
40.088 34.047 -9.694
39.033 33.516 -9.341
40.931 36.248 -8.924
39.538 36.811 -8.9
38.873 37.007 -7.69
38.872 37.108 -10.086
37.567 37.488 -7.661
37.563 37.59 -10.069
36.908 37.781 -8.854
35.974 38.126 -8.834
40.61 34.519 -7.761
37.105 37.621 -6.779
37.095 37.797 -10.94
43.182 34.857 -8.821
39.336 36.976 -10.961
39.336 36.802 -6.833
41.316 36.422 -9.817
41.452 36.69 -8.212
40.509 34.064 -10.954
39.741 33.439 -12.021
39.357 32.007 -11.698
38.219 31.603 -11.931
40.52 33.481 -13.336
40.526 34.847 -13.99
39.125 35.372 -14.249
38.369 34.705 -14.99
38.783 36.451 -13.711
40.971 35.48 -13.385
38.902 33.982 -12.196
40.979 34.776 -14.858
41.413 34.551 -11.106
40.092 32.852 -13.957
41.451 33.238 -13.139
40.3 31.237 -11.166
40.009 29.856 -10.818
38.886 29.785 -9.79
38.009 28.925 -9.882
41.255 29.156 -10.272
42.314 28.859 -11.327
43.347 27.852 -10.85
41.863 28.491 -12.139
39.694 29.383 -11.648
42.782 29.71 -11.559
41.215 31.689 -11.029
40.98 28.286 -9.856
41.671 29.739 -9.571
44.831 29.141 -11.32
43.001 26.751 -10.416
44.621 28.221 -10.933
45.367 27.603 -10.619
38.904 30.693 -8.816
37.869 30.699 -7.787
36.548 31.187 -8.373
35.473 30.816 -7.9
38.283 31.581 -6.598
38.387 32.948 -6.958
39.684 31.365 -8.853
37.737 29.756 -7.471
39.169 31.265 -6.262
37.598 31.485 -5.877
38.632 33.02 -7.924
36.634 32.012 -9.411
35.443 32.536 -10.067
34.701 31.412 -10.78
33.471 31.414 -10.852
35.825 33.631 -11.071
34.717 33.981 -12.059
34.944 35.324 -12.743
34.712 36.479 -11.771
34.777 37.819 -12.426
34.836 32.934 -9.373
33.806 36.365 -11.345
35.409 36.435 -11.044
34.67 33.265 -12.762
33.841 34.012 -11.569
34.578 37.72 -13.4
34.103 38.424 -12.005
35.693 38.2 -12.307
34.306 35.414 -13.497
35.881 35.367 -13.065
37.601 32.245 -9.706
36.618 33.316 -11.588
36.059 34.454 -10.559
35.457 30.448 -11.294
34.877 29.319 -12.008
34.185 28.33 -11.076
33.126 27.797 -11.4
35.961 28.583 -12.798
36.675 29.434 -13.834
37.751 28.66 -14.576
37.697 28.514 -15.799
38.736 28.159 -13.837
36.006 29.762 -14.498
34.178 29.679 -12.647
37.102 30.211 -13.374
36.478 30.568 -11.144
38.721 28.332 -12.833
39.486 27.616 -14.264
35.539 27.803 -13.272
36.648 28.235 -12.153
34.784 28.086 -9.917
34.223 27.136 -8.967
33.19 27.737 -8.019
32.689 27.052 -7.125
35.352 26.485 -8.166
36.374 25.723 -9.016
37.434 25.093 -8.127
35.657 24.655 -9.825
34.98 25.085 -10.423
36.32 24.154 -10.382
35.196 24.018 -9.207
35.658 28.615 -9.754
37.001 24.455 -7.489
38.095 24.598 -8.692
37.908 25.808 -7.611
33.773 26.385 -9.49
36.807 26.361 -9.65
34.949 25.839 -7.537
35.84 27.2 -7.687
32.869 29.012 -8.212
31.886 29.674 -7.365
30.763 30.269 -8.201
29.869 30.924 -7.669
32.517 30.808 -6.536
33.039 31.81 -7.416
33.632 30.266 -5.656
31.489 28.99 -6.741
33.987 29.411 -6.043
34.378 30.935 -5.6
33.363 29.477 -8.992
31.792 31.236 -5.96
33.282 30.087 -4.733
33.978 31.578 -7.693
30.82 30.043 -9.51
29.806 30.558 -10.424
29.649 32.068 -10.278
28.569 32.559 -9.949
28.465 29.873 -10.155
28.491 28.37 -10.352
27.149 27.724 -10.063
26.726 27.725 -8.886
26.515 27.22 -11.017
28.713 28.184 -11.29
30.063 30.338 -11.374
29.145 27.985 -9.728
31.635 29.478 -9.82
27.807 30.247 -10.783
28.223 30.049 -9.217
30.734 32.796 -10.525
30.744 34.254 -10.428
30.493 34.802 -9.028
30.609 36.009 -8.804
29.728 34.868 -11.394
30.387 35.486 -12.612
31.677 34.563 -10.704
31.576 32.239 -10.793
29.224 35.577 -10.91
29.109 34.15 -11.697
30.916 34.782 -13.473
30.371 36.812 -12.682
30.785 37.28 -13.463
29.944 37.347 -11.951
30.144 33.926 -8.091
29.909 34.377 -6.733
31.162 35.049 -6.202
31.103 35.918 -5.336
30.061 32.951 -8.404
29.15 35.03 -6.719
29.679 33.595 -6.151
32.308 34.64 -6.734
33.581 35.207 -6.32
33.596 36.7 -6.605
34.161 37.479 -5.844
34.721 34.524 -7.058
32.215 33.898 -7.454
33.695 35.067 -5.333
34.618 33.532 -6.989
34.706 34.793 -8.021
35.594 34.795 -6.652
32.967 37.098 -7.705
32.922 38.502 -8.083
32.079 39.321 -7.117
32.45 40.432 -6.752
32.359 38.657 -9.497
32.474 40.064 -10.059
33.919 40.53 -10.192
34.803 39.69 -10.453
34.17 41.742 -10.054
32.079 40.072 -10.958
33.861 38.877 -8.109
32.022 40.683 -9.445
32.523 36.339 -8.255
31.403 38.425 -9.466
32.867 38.056 -10.089
30.941 38.774 -6.709
30.06 39.485 -5.792
30.754 39.7 -4.448
30.549 40.717 -3.794
28.749 38.71 -5.602
28.993 37.388 -5.159
30.742 37.833 -7.086
29.862 40.388 -6.183
28.27 38.678 -6.475
28.194 39.184 -4.924
29.379 36.851 -5.908
31.582 38.743 -4.044
32.305 38.868 -2.784
33.354 39.972 -2.914
33.495 40.805 -2.018
32.989 37.54 -2.395
33.892 37.747 -1.19
31.931 36.489 -2.08
31.656 39.142 -2.074
33.393 37.517 -0.354
31.191 36.556 -2.749
33.571 37.268 -3.154
34.697 37.158 -1.269
34.183 38.703 -1.15
31.665 37.933 -4.678
32.346 35.581 -2.126
31.571 36.649 -1.161
34.081 39.981 -4.033
35.093 41.011 -4.282
34.42 42.381 -4.267
34.957 43.35 -3.737
35.767 40.793 -5.646
36.765 41.864 -6.121
37.97 41.908 -5.187
37.225 41.55 -7.538
36.435 41.54 -8.152
37.873 42.248 -7.842
37.67 40.655 -7.555
33.872 39.213 -4.696
38.422 41.016 -5.184
38.612 42.606 -5.504
37.666 42.13 -4.261
35.767 40.98 -3.547
36.31 42.75 -6.119
35.047 40.734 -6.336
36.264 39.926 -5.605
33.23 42.447 -4.853
32.466 43.681 -4.92
32.226 44.271 -3.53
32.361 45.476 -3.333
31.132 43.409 -5.617
30.321 44.642 -5.95
31.095 45.647 -6.789
29.506 44.367 -6.461
33.001 44.354 -5.448
30.044 45.089 -5.099
32.896 41.544 -5.256
30.575 42.818 -5.021
31.315 42.912 -6.473
30.137 47.164 -5.855
31.904 45.275 -7.644
30.836 46.931 -6.557
31.325 47.663 -7.071
31.867 43.423 -2.569
31.621 43.885 -1.207
32.902 44.52 -0.65
32.869 45.61 -0.074
31.159 42.709 -0.296
30.897 43.2 1.123
29.896 42.08 -0.866
30.917 44.593 -1.236
31.768 43.343 1.592
29.394 41.623 -0.132
31.909 42.059 -0.249
30.391 44.061 1.089
30.36 42.517 1.618
31.78 42.436 -2.865
29.325 42.794 -1.27
30.147 41.413 -1.567
34.031 43.843 -0.836
35.312 44.364 -0.369
35.587 45.718 -1.005
36.01 46.659 -0.336
36.44 43.398 -0.727
36.585 42.26 0.232
37.261 42.434 1.437
36.027 41.018 -0.054
37.381 41.386 2.346
36.14 39.964 0.846
36.822 40.152 2.053
36.904 39.397 2.701
35.223 44.518 0.618
37.875 41.533 3.209
35.732 39.067 0.627
33.925 42.938 -1.328
35.539 40.882 -0.915
37.664 43.317 1.656
37.286 43.91 -0.729
36.245 43.025 -1.622
35.336 45.82 -2.304
35.575 47.072 -3.003
34.637 48.182 -2.581
35.03 49.346 -2.544
35.495 46.864 -4.512
36.733 46.211 -5.063
37.124 46.868 -6.371
36.428 46.274 -7.495
36.229 46.884 -8.657
36.667 48.121 -8.855
35.601 46.242 -9.624
36.558 45.25 -5.24
36.532 47.368 -2.819
36.07 45.337 -7.391
37.485 46.319 -4.425
35.427 46.697 -10.503
35.295 45.297 -9.49
34.972 44.967 -2.753
38.107 46.756 -6.49
36.895 47.836 -6.311
36.491 48.576 -9.736
37.169 48.599 -8.139
35.388 47.75 -4.941
34.718 46.28 -4.703
33.395 47.828 -2.268
32.43 48.82 -1.836
32.771 49.31 -0.429
32.56 50.483 -0.107
31.012 48.237 -1.896
30.461 48.201 -3.321
29.096 47.544 -3.435
28.219 47.846 -2.605
28.898 46.737 -4.369
30.372 49.131 -3.638
32.433 49.601 -2.468
31.088 47.684 -3.879
33.19 46.82 -2.358
30.429 48.813 -1.368
31.053 47.318 -1.571
33.316 48.422 0.402
33.693 48.804 1.761
34.865 49.781 1.697
34.946 50.723 2.487
34.076 47.568 2.583
33.443 47.475 0.014
32.919 49.262 2.196
33.518 46.794 2.292
35.041 47.361 2.436
33.915 47.754 3.55
35.773 49.558 0.753
36.915 50.453 0.608
36.397 51.794 0.106
36.788 52.845 0.606
37.937 49.886 -0.387
39.331 50.512 -0.279
39.342 51.987 -0.653
40.618 52.677 -0.177
41.84 51.991 -0.677
37.342 50.585 1.498
40.613 53.625 -0.505
40.628 52.68 0.826
39.655 50.414 0.666
39.955 50.017 -0.889
42.481 52.671 -1.032
42.268 51.487 0.073
41.589 51.356 -1.407
38.564 52.435 -0.226
39.29 52.07 -1.643
35.606 48.735 0.16
37.595 50.046 -1.31
38.023 48.907 -0.222
35.508 51.748 -0.881
34.941 52.962 -1.452
34.357 53.859 -0.371
34.376 55.083 -0.492
33.865 52.609 -2.477
35.26 50.793 -1.201
35.672 53.468 -1.93
33.497 51.703 -2.273
33.131 53.285 -2.434
34.266 52.609 -3.392
33.841 53.257 0.695
33.256 54.047 1.766
34.196 54.416 2.906
33.773 55.048 3.874
32.014 53.352 2.323
30.767 53.626 1.505
29.53 53.013 2.118
29.297 53.238 3.325
28.789 52.315 1.392
30.631 54.598 1.466
32.858 54.909 1.37
30.887 53.229 0.614
33.891 52.23 0.693
31.86 53.694 3.228
32.179 52.386 2.304
35.464 54.032 2.807
36.393 54.401 3.859
37.165 53.296 4.546
38.124 53.572 5.264
35.706 53.49 1.977
37.07 55.091 3.476
35.877 54.944 4.58
36.759 52.046 4.356
37.478 50.955 4.993
38.894 50.927 4.423
39.083 50.911 3.205
36.772 49.634 4.729
35.939 51.929 3.753
37.533 51.127 5.973
36.343 49.309 5.572
36.07 49.764 4.029
37.436 48.957 4.412
39.886 50.945 5.307
41.279 50.918 4.89
41.609 49.494 4.458
42.15 48.709 5.227
42.177 51.354 6.049
43.637 51.431 5.663
44.422 51.996 6.451
44.006 50.925 4.582
39.584 50.979 6.3
41.361 51.495 4.082
42.072 50.692 6.783
41.876 52.253 6.348
41.265 49.174 3.218
41.494 47.848 2.672
42.313 47.901 1.395
41.978 48.638 0.47
40.166 47.153 2.301
39.232 47.1 3.506
40.449 45.748 1.783
37.836 46.606 3.163
42.051 47.353 3.352
39.587 45.324 1.513
41.061 45.811 0.997
39.728 47.695 1.591
39.628 46.494 4.191
39.158 48.018 3.889
37.898 45.684 2.787
40.822 49.948 2.677
37.279 46.596 3.991
40.879 45.217 2.51
37.428 47.219 2.49
43.381 47.118 1.347
44.206 47.035 0.15
43.906 45.657 -0.425
44.022 44.649 0.274
45.713 47.119 0.468
46.003 48.373 1.098
46.527 47.012 -0.81
43.906 47.715 -0.493
47.425 46.611 -0.61
46.048 46.43 -1.472
43.573 46.583 2.214
45.953 46.372 1.12
46.657 47.923 -1.209
45.862 48.306 2.091
43.503 45.615 -1.689
43.183 44.354 -2.334
44.262 44.015 -3.344
44.633 44.845 -4.167
41.821 44.431 -3.06
40.719 44.812 -2.066
41.5 43.092 -3.712
39.341 44.969 -2.714
43.225 43.653 -1.621
40.63 43.168 -4.194
42.228 42.863 -4.354
41.88 45.146 -3.744
40.662 44.107 -1.366
40.965 45.678 -1.639
39.083 44.105 -3.137
43.439 46.536 -2.159
38.68 45.216 -2.011
41.438 42.394 -3.002
39.389 45.686 -3.404
44.77 42.793 -3.269
45.799 42.343 -4.187
45.271 41.165 -4.983
45.068 40.072 -4.444
47.073 41.903 -3.446
47.644 43.077 -2.651
48.103 41.385 -4.452
48.872 42.72 -1.836
45.944 43.087 -4.838
48.913 41.084 -3.954
47.704 40.622 -4.954
46.824 41.188 -2.804
47.881 43.807 -3.289
46.935 43.41 -2.031
49.591 42.395 -2.448
44.374 42.201 -2.512
49.189 43.53 -1.346
48.338 42.124 -5.078
48.637 42.002 -1.183
45.043 41.399 -6.27
44.543 40.363 -7.154
45.693 39.742 -7.936
46.199 40.32 -8.898
43.508 40.948 -8.116
42.227 41.469 -7.461
41.356 42.143 -8.503
41.48 40.315 -6.806
42.06 39.894 -6.109
40.643 40.658 -6.379
41.244 39.633 -7.499
45.251 42.37 -6.579
41.116 41.485 -9.219
40.518 42.484 -8.073
41.852 42.91 -8.913
44.113 39.644 -6.601
42.471 42.126 -6.752
43.247 40.236 -8.755
43.929 41.711 -8.592
46.113 38.564 -7.5
47.191 37.847 -8.157
46.622 36.568 -8.761
45.377 36.474 -8.865
48.302 37.521 -7.153
47.8 36.833 -6.018
47.421 35.683 -9.129
45.612 38.205 -6.662
47.536 38.411 -8.904
48.723 38.375 -6.854
48.983 36.948 -7.604
46.805 36.915 -5.993
