0 2.557862288606e+01
1 0.000000000000e+00
2 1.855907765916e+00
3 1.332948140314e+01
4 5.382623921955e-01
5 2.265798455307e+00
6 0.000000000000e+00
7 6.758520876861e+00
8 6.747228107398e+00
9 9.192253942333e+00
10 6.810400171149e+00
11 0.000000000000e+00
12 0.000000000000e+00
13 8.909708010057e+00
14 6.053972536191e+00
15 0.000000000000e+00
16 0.000000000000e+00
17 1.085027785398e+01
18 9.829608094210e+00
19 4.817063772977e+00
20 2.959470728045e-01
21 0.000000000000e+00
22 0.000000000000e+00
23 0.000000000000e+00
24 0.000000000000e+00
25 9.003315657352e-01
26 3.052203590881e+00
27 2.804879823465e+01
28 6.908095671812e+00
29 5.234985416310e+00
30 0.000000000000e+00
31 7.929167074659e+00
32 0.000000000000e+00
33 0.000000000000e+00
34 0.000000000000e+00
35 0.000000000000e+00
36 1.111226994746e+01
37 7.367744883066e+00
38 0.000000000000e+00
39 0.000000000000e+00
40 1.133798585450e+01
41 4.516186118707e+00
42 0.000000000000e+00
43 0.000000000000e+00
44 1.369170989803e+01
45 0.000000000000e+00
46 0.000000000000e+00
47 1.227508607241e+00
48 1.630505248817e+01
49 4.160930211840e+00
50 0.000000000000e+00
51 0.000000000000e+00
52 2.914792031434e+00
53 0.000000000000e+00
54 0.000000000000e+00
55 0.000000000000e+00
56 0.000000000000e+00
57 0.000000000000e+00
58 1.187697799951e+01
59 1.161183121251e+01
60 0.000000000000e+00
61 1.024876410905e+01
62 6.411945361698e+00
63 0.000000000000e+00
64 0.000000000000e+00
65 0.000000000000e+00
66 0.000000000000e+00
67 0.000000000000e+00
68 0.000000000000e+00
69 0.000000000000e+00
70 0.000000000000e+00
71 0.000000000000e+00
72 0.000000000000e+00
73 0.000000000000e+00
74 0.000000000000e+00
75 0.000000000000e+00
76 7.688522222740e+00
77 0.000000000000e+00
78 0.000000000000e+00
79 6.790758459747e-01
80 0.000000000000e+00
81 5.096008927694e+00
82 0.000000000000e+00
83 9.453195803908e+00
84 0.000000000000e+00
85 0.000000000000e+00
86 0.000000000000e+00
87 7.070997394899e+00
88 1.076118455700e+01
89 0.000000000000e+00
90 0.000000000000e+00
91 0.000000000000e+00
92 0.000000000000e+00
93 0.000000000000e+00
94 0.000000000000e+00
95 0.000000000000e+00
96 0.000000000000e+00
97 2.777961142119e+00
98 0.000000000000e+00
99 0.000000000000e+00
100 0.000000000000e+00
101 0.000000000000e+00
102 0.000000000000e+00
103 0.000000000000e+00
104 0.000000000000e+00
105 0.000000000000e+00
106 3.059492489572e+00
107 0.000000000000e+00
108 6.667071931268e+00
109 0.000000000000e+00
110 0.000000000000e+00
111 1.785769677169e+00
112 0.000000000000e+00
113 1.483842918207e+00
114 0.000000000000e+00
115 0.000000000000e+00
116 0.000000000000e+00
117 2.770010789505e+00
118 1.814235133714e+01
119 1.454177462900e+01
120 0.000000000000e+00
121 0.000000000000e+00
122 0.000000000000e+00
123 0.000000000000e+00
124 0.000000000000e+00
125 0.000000000000e+00
126 0.000000000000e+00
127 0.000000000000e+00
128 0.000000000000e+00
129 0.000000000000e+00
130 0.000000000000e+00
131 0.000000000000e+00
132 1.595265272809e+01
133 0.000000000000e+00
134 1.226403667271e+00
135 4.663225047458e+00
136 6.757896996950e+00
137 1.124172197111e+01
138 6.182194518468e+00
139 0.000000000000e+00
140 1.319961882200e+01
141 0.000000000000e+00
142 0.000000000000e+00
143 6.686095973459e+00
144 0.000000000000e+00
145 0.000000000000e+00
146 7.831810794570e+00
147 1.331052355428e+01
148 0.000000000000e+00
149 0.000000000000e+00
150 4.035403878599e+00
151 1.205164360102e+01
152 7.253565686377e+00
153 0.000000000000e+00
154 0.000000000000e+00
155 9.744399215025e+00
156 7.433963896925e+00
157 0.000000000000e+00
158 1.947100537339e+01
159 1.874136366272e+01
160 0.000000000000e+00
161 0.000000000000e+00
162 0.000000000000e+00
163 0.000000000000e+00
164 0.000000000000e+00
165 0.000000000000e+00
166 2.942288397742e-01
167 0.000000000000e+00
168 0.000000000000e+00
169 0.000000000000e+00
170 0.000000000000e+00
171 0.000000000000e+00
172 0.000000000000e+00
173 3.317449812337e+00
174 2.339207573745e+00
175 0.000000000000e+00
176 0.000000000000e+00
177 0.000000000000e+00
178 0.000000000000e+00
179 0.000000000000e+00
180 0.000000000000e+00
181 0.000000000000e+00
182 0.000000000000e+00
183 1.260434595263e+01
184 4.707946228649e-01
185 0.000000000000e+00
186 1.632033319834e+00
187 9.509553891429e+00
188 7.108914388717e+00
189 2.419706232186e+01
190 2.607432520653e+01
191 7.789997567239e+00
192 0.000000000000e+00
193 0.000000000000e+00
194 0.000000000000e+00
195 0.000000000000e+00
196 0.000000000000e+00
197 0.000000000000e+00
198 4.961546124582e+00
199 9.313844151318e+00
200 0.000000000000e+00
201 0.000000000000e+00
202 1.002375387186e+01
203 1.051829094431e+01
204 0.000000000000e+00
205 0.000000000000e+00
206 0.000000000000e+00
207 0.000000000000e+00
208 5.123532478002e+00
209 7.979478871642e+00
210 0.000000000000e+00
211 4.505966283810e+00
212 5.452671226679e+00
213 9.048690316550e+00
214 0.000000000000e+00
215 3.008316483689e+00
216 0.000000000000e+00
217 0.000000000000e+00
218 0.000000000000e+00
219 0.000000000000e+00
220 0.000000000000e+00
221 2.928295818029e+00
222 1.015425347881e+00
223 0.000000000000e+00
224 1.135068624943e+01
225 1.033063975443e+01
226 6.925366535340e+00
227 1.185762976817e+01
228 0.000000000000e+00
229 2.349880859468e+00
230 0.000000000000e+00
231 3.217575611170e+00
232 7.709994489329e+00
233 0.000000000000e+00
234 0.000000000000e+00
235 0.000000000000e+00
236 0.000000000000e+00
237 0.000000000000e+00
238 6.900559729578e+00
239 1.593987373267e+01
240 0.000000000000e+00
241 5.203162182635e+00
242 4.783619368318e+00
243 1.057314311952e+01
244 0.000000000000e+00
245 1.918367541211e+00
246 3.521454561069e-01
247 0.000000000000e+00
248 0.000000000000e+00
249 0.000000000000e+00
250 0.000000000000e+00
251 1.721911096046e+01
252 6.675663316616e+00
253 0.000000000000e+00
254 2.968889458909e+00
255 0.000000000000e+00
256 6.336981755328e+00
257 0.000000000000e+00
258 0.000000000000e+00
259 0.000000000000e+00
260 0.000000000000e+00
261 0.000000000000e+00
262 0.000000000000e+00
263 0.000000000000e+00
264 0.000000000000e+00
265 0.000000000000e+00
266 0.000000000000e+00
267 0.000000000000e+00
268 0.000000000000e+00
269 0.000000000000e+00
270 0.000000000000e+00
271 0.000000000000e+00
272 0.000000000000e+00
273 0.000000000000e+00
274 0.000000000000e+00
275 0.000000000000e+00
276 0.000000000000e+00
277 0.000000000000e+00
278 0.000000000000e+00
279 0.000000000000e+00
280 0.000000000000e+00
281 0.000000000000e+00
282 0.000000000000e+00
283 0.000000000000e+00
284 0.000000000000e+00
285 0.000000000000e+00
286 1.713412900798e+00
287 0.000000000000e+00
288 0.000000000000e+00
289 0.000000000000e+00
290 0.000000000000e+00
291 7.266095289361e+00
292 3.322453107468e+00
293 0.000000000000e+00
294 0.000000000000e+00
295 1.667662457016e+00
296 6.882367900136e+00
297 0.000000000000e+00
298 0.000000000000e+00
299 4.683863706832e+00
300 7.113437906565e+00
301 0.000000000000e+00
302 0.000000000000e+00
303 0.000000000000e+00
304 1.072369344083e+01
305 2.922735519082e+00
306 0.000000000000e+00
307 1.979900281828e+01
308 2.164514607657e+01
309 0.000000000000e+00
310 1.852158169989e+00
311 0.000000000000e+00
312 0.000000000000e+00
313 0.000000000000e+00
314 0.000000000000e+00
315 1.435630325035e+01
316 3.448736114098e-01
317 6.373777336834e+00
318 2.112791882437e+00
319 1.588122858286e+01
320 0.000000000000e+00
321 0.000000000000e+00
322 1.728805327748e+00
323 0.000000000000e+00
324 0.000000000000e+00
325 0.000000000000e+00
326 0.000000000000e+00
327 0.000000000000e+00
328 0.000000000000e+00
329 0.000000000000e+00
330 0.000000000000e+00
331 0.000000000000e+00
332 0.000000000000e+00
333 0.000000000000e+00
334 0.000000000000e+00
335 0.000000000000e+00
336 0.000000000000e+00
337 0.000000000000e+00
338 0.000000000000e+00
339 0.000000000000e+00
340 0.000000000000e+00
341 0.000000000000e+00
342 0.000000000000e+00
343 0.000000000000e+00
344 0.000000000000e+00
345 0.000000000000e+00
346 3.379411816139e+00
347 0.000000000000e+00
348 0.000000000000e+00
349 0.000000000000e+00
350 2.911265018852e+00
351 2.117843192992e+01
352 0.000000000000e+00
353 5.565499225969e+00
354 0.000000000000e+00
355 8.526201634358e+00
356 0.000000000000e+00
357 0.000000000000e+00
358 0.000000000000e+00
359 0.000000000000e+00
360 1.198095269710e+01
361 0.000000000000e+00
362 0.000000000000e+00
363 0.000000000000e+00
364 0.000000000000e+00
365 0.000000000000e+00
366 0.000000000000e+00
367 0.000000000000e+00
368 1.141918813568e+01
369 9.597516033749e-01
370 0.000000000000e+00
371 1.257715818599e+00
372 1.340912047980e+01
373 2.471679050961e+01
374 3.987992315451e+00
375 3.168482335432e+00
376 3.379468126736e+00
377 1.267930595600e+01
378 6.330974553105e+00
379 0.000000000000e+00
380 0.000000000000e+00
381 0.000000000000e+00
382 1.118727996599e+01
383 8.700140268733e+00
384 0.000000000000e+00
385 5.816812298348e+00
386 9.240781856093e+00
387 0.000000000000e+00
388 0.000000000000e+00
389 0.000000000000e+00
390 1.084480360527e+01
391 0.000000000000e+00
392 0.000000000000e+00
393 2.764767791510e+00
394 1.085668606972e+01
395 2.077129783369e+01
396 6.460055356127e+00
397 4.033928125064e+00
398 0.000000000000e+00
399 0.000000000000e+00
400 0.000000000000e+00
401 0.000000000000e+00
402 0.000000000000e+00
403 0.000000000000e+00
404 0.000000000000e+00
405 1.033198115236e+01
406 0.000000000000e+00
407 0.000000000000e+00
408 0.000000000000e+00
409 0.000000000000e+00
410 1.972970638302e+00
411 0.000000000000e+00
412 4.430391902257e+00
413 0.000000000000e+00
414 0.000000000000e+00
415 0.000000000000e+00
416 0.000000000000e+00
417 3.101779021859e+00
418 0.000000000000e+00
419 0.000000000000e+00
420 0.000000000000e+00
421 0.000000000000e+00
422 2.998994057487e-01
423 1.721894340398e+00
424 4.208055621935e+00
425 4.744523870443e+00
426 0.000000000000e+00
427 7.982628989505e+00
428 1.029160156498e+01
429 1.256853681837e+01
430 1.051401727544e+01
431 0.000000000000e+00
432 0.000000000000e+00
433 0.000000000000e+00
434 1.410507276237e+01
435 0.000000000000e+00
436 0.000000000000e+00
437 0.000000000000e+00
438 0.000000000000e+00
439 0.000000000000e+00
440 0.000000000000e+00
441 0.000000000000e+00
442 0.000000000000e+00
443 0.000000000000e+00
444 0.000000000000e+00
445 0.000000000000e+00
446 0.000000000000e+00
447 0.000000000000e+00
448 0.000000000000e+00
449 0.000000000000e+00
450 0.000000000000e+00
451 0.000000000000e+00
452 0.000000000000e+00
453 0.000000000000e+00
454 0.000000000000e+00
455 0.000000000000e+00
456 0.000000000000e+00
457 8.919049378643e+00
458 1.000469074498e+01
459 0.000000000000e+00
460 8.244201339358e+00
461 0.000000000000e+00
462 8.944273007101e+00
463 0.000000000000e+00
464 5.253169966840e+00
465 0.000000000000e+00
466 1.373094759731e+00
467 1.147848243238e+01
468 1.337935453838e+00
469 0.000000000000e+00
470 7.327696875672e+00
471 1.804953843007e+01
472 2.177490872898e+01
473 1.042107798644e+01
474 6.263324106905e+00
475 2.673763836193e+00
476 0.000000000000e+00
477 1.023614939213e+01
478 9.947017537477e+00
479 0.000000000000e+00
480 0.000000000000e+00
481 2.158507827701e+00
482 1.104987453827e+01
483 1.605199778890e+00
484 2.608425188563e+00
485 3.895427940371e+00
486 4.074123159408e+00
487 4.296706613487e+00
488 5.051518045685e+00
489 2.746289275747e+00
490 2.110740479448e+01
491 8.393333424833e+00
492 1.353010913172e+01
493 1.213836753272e+01
494 0.000000000000e+00
495 7.751818114144e+00
496 7.197228610635e+00
497 9.397403930871e+00
498 9.719152474015e+00
499 0.000000000000e+00
500 0.000000000000e+00
501 0.000000000000e+00
502 0.000000000000e+00
503 1.250086984180e+01
504 0.000000000000e+00
505 0.000000000000e+00
506 0.000000000000e+00
507 0.000000000000e+00
508 0.000000000000e+00
509 0.000000000000e+00
510 0.000000000000e+00
511 0.000000000000e+00
512 6.592473881173e+00
513 0.000000000000e+00
514 0.000000000000e+00
515 0.000000000000e+00
516 0.000000000000e+00
517 5.973954586285e+00
518 0.000000000000e+00
519 0.000000000000e+00
520 0.000000000000e+00
521 5.288877462706e+00
522 2.831754084613e+00
523 1.880729797172e+00
524 1.083262782044e+01
525 0.000000000000e+00
526 8.821431145502e+00
527 5.238693042736e+00
528 0.000000000000e+00
529 0.000000000000e+00
530 0.000000000000e+00
531 1.197941830227e+01
532 2.925364008678e-01
533 0.000000000000e+00
534 4.489614076443e+00
535 1.420650682441e+01
536 1.791341145438e+01
537 0.000000000000e+00
538 0.000000000000e+00
539 0.000000000000e+00
540 0.000000000000e+00
541 4.427193194358e+00
542 7.600741388365e+00
543 0.000000000000e+00
544 0.000000000000e+00
545 0.000000000000e+00
546 0.000000000000e+00
547 2.110468902900e+00
548 4.430960254138e+00
549 6.123865987747e+00
550 0.000000000000e+00
551 7.930347836980e+00
552 1.172937331092e+01
553 1.334314911157e+00
554 1.585284822637e+01
555 0.000000000000e+00
556 0.000000000000e+00
557 0.000000000000e+00
558 0.000000000000e+00
559 2.377271031485e+00
560 3.082314863050e+00
561 3.587872193186e-01
562 0.000000000000e+00
563 4.684360338063e+00
564 0.000000000000e+00
565 0.000000000000e+00
566 2.228722371519e+00
567 0.000000000000e+00
568 0.000000000000e+00
569 9.511456850999e+00
570 6.087558818376e+00
571 1.092257630796e+01
572 0.000000000000e+00
573 1.140953343748e+01
574 6.333621109808e+00
575 1.099059031702e+01
576 0.000000000000e+00
577 0.000000000000e+00
578 1.788353413976e+00
579 6.318725234200e+00
580 1.419794577568e+00
581 4.990023785343e+00
582 2.160410942213e+01
583 2.065390997814e+01
584 0.000000000000e+00
585 5.452278658084e+00
586 1.140800983527e+01
587 6.820360060743e+00
588 2.052540381493e+00
589 8.119842915396e-01
590 0.000000000000e+00
591 4.407475154648e+00
592 1.285315456337e+00
593 0.000000000000e+00
594 6.029478650337e+00
595 4.623452207498e+00
596 0.000000000000e+00
597 5.691637495829e+00
598 0.000000000000e+00
599 0.000000000000e+00
600 0.000000000000e+00
601 0.000000000000e+00
602 0.000000000000e+00
603 0.000000000000e+00
604 0.000000000000e+00
605 0.000000000000e+00
606 0.000000000000e+00
607 0.000000000000e+00
608 0.000000000000e+00
609 0.000000000000e+00
610 0.000000000000e+00
611 0.000000000000e+00
612 0.000000000000e+00
613 0.000000000000e+00
614 0.000000000000e+00
615 0.000000000000e+00
616 0.000000000000e+00
617 0.000000000000e+00
618 0.000000000000e+00
619 0.000000000000e+00
620 0.000000000000e+00
621 1.950867581166e+00
622 1.854102639569e+00
623 6.978563314109e+00
624 3.041299278632e+00
625 1.226300198774e+01
626 3.214935088582e+00
627 3.133076994456e+00
628 5.831749425715e+00
629 0.000000000000e+00
630 2.808998339165e+00
631 0.000000000000e+00
632 0.000000000000e+00
633 0.000000000000e+00
634 0.000000000000e+00
635 0.000000000000e+00
636 1.275677046615e+01
637 1.061499200444e+01
638 0.000000000000e+00
639 1.884852699076e+00
640 5.910568275112e+00
641 0.000000000000e+00
642 0.000000000000e+00
643 3.736776888303e-01
644 8.090902097902e+00
645 3.714880734756e+00
646 0.000000000000e+00
647 5.821983431653e+00
648 1.230981879526e+01
649 2.029077329935e+00
650 1.081698164171e+01
651 1.971134332991e+00
652 3.590808531524e-01
653 0.000000000000e+00
654 0.000000000000e+00
655 0.000000000000e+00
656 0.000000000000e+00
657 6.339900878295e+00
658 4.894971186478e+00
659 0.000000000000e+00
660 0.000000000000e+00
661 0.000000000000e+00
662 0.000000000000e+00
663 0.000000000000e+00
664 3.591694347010e+00
665 0.000000000000e+00
666 0.000000000000e+00
667 0.000000000000e+00
668 0.000000000000e+00
669 0.000000000000e+00
670 0.000000000000e+00
671 0.000000000000e+00
672 0.000000000000e+00
673 0.000000000000e+00
674 0.000000000000e+00
675 0.000000000000e+00
676 0.000000000000e+00
677 0.000000000000e+00
678 0.000000000000e+00
679 0.000000000000e+00
680 0.000000000000e+00
681 0.000000000000e+00
682 7.185697265693e+00
683 1.649650865581e+01
684 1.442103318744e-01
685 1.145971448691e+01
686 8.642739049640e-01
687 6.403098976813e+00
688 1.181506517410e+01
689 0.000000000000e+00
690 0.000000000000e+00
691 9.142991135785e+00
692 6.472613241463e+00
693 0.000000000000e+00
694 0.000000000000e+00
695 2.804615053901e+00
696 2.834813112417e+00
697 1.573053225484e+01
698 0.000000000000e+00
699 7.485036317812e+00
700 9.841352743429e+00
701 5.330809670588e+00
702 6.401886657652e-01
703 1.431094923530e+00
704 1.410303302056e+01
705 0.000000000000e+00
706 0.000000000000e+00
707 0.000000000000e+00
708 1.003588063217e+00
709 8.743815942421e+00
710 3.969259801961e+00
711 4.632375839807e+00
712 5.734860381876e+00
713 6.857966981423e+00
714 7.381173117724e+00
715 1.270616765130e+01
716 5.470725821237e+00
717 0.000000000000e+00
718 9.862325330985e+00
719 1.283663751187e+01
720 1.140757165811e+01
721 0.000000000000e+00
722 0.000000000000e+00
723 0.000000000000e+00
724 6.465369061733e+00
725 0.000000000000e+00
726 0.000000000000e+00
727 0.000000000000e+00
728 1.148193748012e+01
729 0.000000000000e+00
730 0.000000000000e+00
731 0.000000000000e+00
732 6.606719658703e+00
733 0.000000000000e+00
734 0.000000000000e+00
735 0.000000000000e+00
736 6.792321947764e+00
737 0.000000000000e+00
738 0.000000000000e+00
739 0.000000000000e+00
740 0.000000000000e+00
741 5.159406885460e+00
742 0.000000000000e+00
743 2.659918658701e+00
744 2.094410036007e+00
745 3.390382690687e-01
746 1.410562595482e+00
747 6.089912159679e+00
748 1.936997570730e+01
749 2.086256918052e+01
750 1.186195494451e+01
751 5.314900134894e+00
752 5.113031368505e+00
753 0.000000000000e+00
754 9.564503136780e+00
755 1.232146169772e+01
756 4.688845407246e+00
757 0.000000000000e+00
758 5.575889668226e+00
759 1.691752544836e+01
760 0.000000000000e+00
761 0.000000000000e+00
762 0.000000000000e+00
763 7.341940665662e-01
764 0.000000000000e+00
765 1.029073235614e+00
766 0.000000000000e+00
767 0.000000000000e+00
768 0.000000000000e+00
769 0.000000000000e+00
770 1.125071695511e+01
771 0.000000000000e+00
772 1.251652512187e+01
773 0.000000000000e+00
774 0.000000000000e+00
775 1.087721564524e+01
776 0.000000000000e+00
777 1.276757187768e+00
778 0.000000000000e+00
779 0.000000000000e+00
780 4.929393804548e+00
781 0.000000000000e+00
782 8.710956183125e-01
783 3.592588056448e+00
784 0.000000000000e+00
785 0.000000000000e+00
786 1.079470984149e+01
787 8.536131180923e+00
788 1.278311297848e+01
789 1.571013800808e+00
790 0.000000000000e+00
791 0.000000000000e+00
792 0.000000000000e+00
793 0.000000000000e+00
794 0.000000000000e+00
795 0.000000000000e+00
796 0.000000000000e+00
797 0.000000000000e+00
798 0.000000000000e+00
799 0.000000000000e+00
800 0.000000000000e+00
801 0.000000000000e+00
802 0.000000000000e+00
803 0.000000000000e+00
804 0.000000000000e+00
805 0.000000000000e+00
806 0.000000000000e+00
807 0.000000000000e+00
808 0.000000000000e+00
809 0.000000000000e+00
810 0.000000000000e+00
811 0.000000000000e+00
812 0.000000000000e+00
813 0.000000000000e+00
814 0.000000000000e+00
815 0.000000000000e+00
816 3.827531702148e+00
817 0.000000000000e+00
818 0.000000000000e+00
819 2.467630547619e+00
820 0.000000000000e+00
821 1.010379749129e+01
822 0.000000000000e+00
823 0.000000000000e+00
824 0.000000000000e+00
825 1.139099556947e+01
826 0.000000000000e+00
827 0.000000000000e+00
828 0.000000000000e+00
829 0.000000000000e+00
830 0.000000000000e+00
831 0.000000000000e+00
832 0.000000000000e+00
833 0.000000000000e+00
834 0.000000000000e+00
835 0.000000000000e+00
836 0.000000000000e+00
837 0.000000000000e+00
838 0.000000000000e+00
839 0.000000000000e+00
840 0.000000000000e+00
841 0.000000000000e+00
842 0.000000000000e+00
843 0.000000000000e+00
844 0.000000000000e+00
845 0.000000000000e+00
846 0.000000000000e+00
847 0.000000000000e+00
848 0.000000000000e+00
849 0.000000000000e+00
850 0.000000000000e+00
851 2.182483482840e+00
852 1.276881678118e+01
853 1.060484820649e+01
854 0.000000000000e+00
855 0.000000000000e+00
856 0.000000000000e+00
857 0.000000000000e+00
858 0.000000000000e+00
859 0.000000000000e+00
860 0.000000000000e+00
861 0.000000000000e+00
862 0.000000000000e+00
863 0.000000000000e+00
864 0.000000000000e+00
865 0.000000000000e+00
866 0.000000000000e+00
867 0.000000000000e+00
868 0.000000000000e+00
869 0.000000000000e+00
870 0.000000000000e+00
871 0.000000000000e+00
872 0.000000000000e+00
873 0.000000000000e+00
874 0.000000000000e+00
875 0.000000000000e+00
876 0.000000000000e+00
877 0.000000000000e+00
878 0.000000000000e+00
879 0.000000000000e+00
880 0.000000000000e+00
881 0.000000000000e+00
882 0.000000000000e+00
883 0.000000000000e+00
884 0.000000000000e+00
885 0.000000000000e+00
886 0.000000000000e+00
887 0.000000000000e+00
888 0.000000000000e+00
889 0.000000000000e+00
890 4.676024176773e-01
891 3.369605662647e+00
892 3.193482057885e+00
893 1.624773826713e+01
894 2.125528551040e+01
895 0.000000000000e+00
896 0.000000000000e+00
897 0.000000000000e+00
898 4.563182303576e+00
899 0.000000000000e+00
900 0.000000000000e+00
901 0.000000000000e+00
902 1.092770581341e+01
903 0.000000000000e+00
904 0.000000000000e+00
905 0.000000000000e+00
906 9.452092781436e+00
907 0.000000000000e+00
908 0.000000000000e+00
909 0.000000000000e+00
910 0.000000000000e+00
911 0.000000000000e+00
912 0.000000000000e+00
913 1.329102897606e+00
914 4.030370395773e+00
915 7.727149431969e+00
916 0.000000000000e+00
917 7.195150422359e+00
918 0.000000000000e+00
919 0.000000000000e+00
920 0.000000000000e+00
921 0.000000000000e+00
922 9.220846097774e+00
923 2.206730089449e+01
924 0.000000000000e+00
925 0.000000000000e+00
926 0.000000000000e+00
927 0.000000000000e+00
928 0.000000000000e+00
929 0.000000000000e+00
930 0.000000000000e+00
931 0.000000000000e+00
932 3.220653014837e+00
933 0.000000000000e+00
934 4.792229092056e+00
935 0.000000000000e+00
936 0.000000000000e+00
937 0.000000000000e+00
938 0.000000000000e+00
939 1.427434573642e+00
940 0.000000000000e+00
941 8.725735508747e+00
942 0.000000000000e+00
943 6.181018885899e+00
944 0.000000000000e+00
945 0.000000000000e+00
946 0.000000000000e+00
947 2.167157565939e+00
948 4.298781764852e+00
949 2.635571482868e+00
950 1.039356898727e+00
951 2.985548106719e+00
952 1.076353810362e+01
953 1.730582320500e+01
954 0.000000000000e+00
955 1.770437655043e+00
956 1.232114136249e+01
957 0.000000000000e+00
958 1.106054643552e+01
959 1.190444223139e+01
960 0.000000000000e+00
961 0.000000000000e+00
962 0.000000000000e+00
963 0.000000000000e+00
964 0.000000000000e+00
965 1.196612896602e+00
966 3.784363870671e+00
967 1.259870498656e+01
968 4.799246664577e+00
969 2.023480205063e+00
970 0.000000000000e+00
971 3.619779861375e+00
972 0.000000000000e+00
973 0.000000000000e+00
974 1.332781025670e+01
975 1.398623945421e+01
976 0.000000000000e+00
977 0.000000000000e+00
978 0.000000000000e+00
979 0.000000000000e+00
980 0.000000000000e+00
981 0.000000000000e+00
982 0.000000000000e+00
983 0.000000000000e+00
984 0.000000000000e+00
985 0.000000000000e+00
986 0.000000000000e+00
987 0.000000000000e+00
988 0.000000000000e+00
989 0.000000000000e+00
990 0.000000000000e+00
991 3.919088242353e+00
992 0.000000000000e+00
993 0.000000000000e+00
994 1.134223299818e+00
995 4.027759885645e+00
996 2.780275741352e+01
997 0.000000000000e+00
998 0.000000000000e+00
999 0.000000000000e+00
1000 7.499640280180e+00
1001 4.265363753074e+00
1002 0.000000000000e+00
1003 0.000000000000e+00
1004 0.000000000000e+00
1005 1.261712891877e+01
1006 1.164344446511e+01
1007 0.000000000000e+00
1008 0.000000000000e+00
1009 0.000000000000e+00
1010 0.000000000000e+00
1011 0.000000000000e+00
1012 0.000000000000e+00
1013 1.283638337800e+01
1014 1.307660125026e-01
1015 1.279829355309e+00
1016 4.636432249896e+00
1017 5.337259871883e+00
1018 6.236265035412e+00
1019 1.268834205922e+01
1020 0.000000000000e+00
1021 8.272506324810e+00
1022 3.714265117030e+00
1023 0.000000000000e+00
1024 1.885838145815e+01
1025 2.693946601040e+01
1026 0.000000000000e+00
1027 0.000000000000e+00
1028 0.000000000000e+00
1029 5.321975758044e-01
1030 9.134132479468e+00
1031 0.000000000000e+00
1032 0.000000000000e+00
1033 1.871567553850e+00
1034 2.755720800550e+00
1035 7.105107899931e+00
1036 1.245510587105e+01
1037 1.057293612136e+01
1038 0.000000000000e+00
1039 8.245974696399e+00
1040 1.147793489816e+01
1041 0.000000000000e+00
1042 5.352287805684e+00
1043 4.032811859680e+00
1044 0.000000000000e+00
1045 0.000000000000e+00
1046 0.000000000000e+00
1047 0.000000000000e+00
1048 0.000000000000e+00
1049 0.000000000000e+00
1050 3.485808784740e-01
1051 1.553888953099e+01
1052 2.443938893632e+00
1053 0.000000000000e+00
1054 4.952970759580e+00
1055 1.366665172947e+01
1056 0.000000000000e+00
1057 6.171933111388e+00
1058 4.641882028787e+00
1059 0.000000000000e+00
1060 0.000000000000e+00
1061 0.000000000000e+00
1062 2.291901627606e+00
1063 8.566810600640e+00
1064 6.533206478325e-01
1065 5.227769813650e+00
1066 5.995444714694e+00
1067 0.000000000000e+00
1068 1.122175640298e+01
1069 1.041395618403e+01
1070 1.627246086064e+01
1071 2.652230226839e+01
1072 0.000000000000e+00
1073 0.000000000000e+00
1074 4.595989061512e+00
1075 2.493631400403e+00
1076 0.000000000000e+00
1077 0.000000000000e+00
1078 0.000000000000e+00
1079 6.193659712491e+00
1080 4.337358832821e+00
1081 0.000000000000e+00
1082 0.000000000000e+00
1083 0.000000000000e+00
1084 0.000000000000e+00
1085 0.000000000000e+00
1086 0.000000000000e+00
1087 0.000000000000e+00
1088 0.000000000000e+00
1089 0.000000000000e+00
1090 0.000000000000e+00
1091 0.000000000000e+00
1092 0.000000000000e+00
1093 0.000000000000e+00
1094 0.000000000000e+00
1095 1.089009143381e+00
1096 3.038052436247e+00
1097 4.101610094758e+00
1098 7.232983417746e+00
1099 1.600164476893e+01
1100 1.298275892397e+01
1101 0.000000000000e+00
1102 0.000000000000e+00
1103 0.000000000000e+00
1104 8.666140879887e+00
1105 4.530012659757e+00
1106 2.057337570565e+00
1107 1.337584388758e+00
1108 0.000000000000e+00
1109 3.934338495206e+00
1110 4.532109851301e+00
1111 6.397211615993e+00
1112 0.000000000000e+00
1113 0.000000000000e+00
1114 8.903125784403e+00
1115 5.942472709487e+00
1116 0.000000000000e+00
1117 0.000000000000e+00
1118 0.000000000000e+00
1119 0.000000000000e+00
1120 0.000000000000e+00
1121 0.000000000000e+00
1122 0.000000000000e+00
1123 0.000000000000e+00
1124 0.000000000000e+00
1125 0.000000000000e+00
1126 0.000000000000e+00
1127 0.000000000000e+00
1128 0.000000000000e+00
1129 0.000000000000e+00
1130 0.000000000000e+00
1131 0.000000000000e+00
1132 0.000000000000e+00
1133 0.000000000000e+00
1134 0.000000000000e+00
1135 0.000000000000e+00
1136 0.000000000000e+00
1137 0.000000000000e+00
1138 0.000000000000e+00
1139 0.000000000000e+00
1140 4.835431217569e+00
1141 1.417519681427e+00
1142 6.359856528845e+00
1143 0.000000000000e+00
1144 0.000000000000e+00
1145 0.000000000000e+00
1146 4.048021527458e+00
1147 0.000000000000e+00
1148 0.000000000000e+00
1149 0.000000000000e+00
1150 0.000000000000e+00
1151 0.000000000000e+00
1152 0.000000000000e+00
1153 0.000000000000e+00
1154 0.000000000000e+00
1155 4.176283385475e+00
1156 0.000000000000e+00
1157 0.000000000000e+00
1158 4.883592759620e+00
1159 1.268547176270e+01
1160 1.346160336333e+00
1161 0.000000000000e+00
1162 0.000000000000e+00
1163 1.198409964008e+01
1164 2.416225373633e+00
1165 0.000000000000e+00
1166 1.841482377806e+01
1167 2.171822165122e+01
1168 0.000000000000e+00
1169 0.000000000000e+00
1170 0.000000000000e+00
1171 0.000000000000e+00
1172 0.000000000000e+00
1173 0.000000000000e+00
1174 0.000000000000e+00
1175 2.282439480409e-01
1176 0.000000000000e+00
1177 3.745340793425e+00
1178 4.675814400446e+00
1179 0.000000000000e+00
1180 0.000000000000e+00
1181 0.000000000000e+00
1182 0.000000000000e+00
1183 1.354141933104e+01
1184 0.000000000000e+00
1185 0.000000000000e+00
1186 0.000000000000e+00
1187 0.000000000000e+00
1188 0.000000000000e+00
1189 0.000000000000e+00
1190 0.000000000000e+00
1191 0.000000000000e+00
1192 0.000000000000e+00
1193 0.000000000000e+00
1194 0.000000000000e+00
1195 0.000000000000e+00
1196 0.000000000000e+00
1197 0.000000000000e+00
1198 0.000000000000e+00
1199 0.000000000000e+00
1200 0.000000000000e+00
1201 0.000000000000e+00
1202 0.000000000000e+00
1203 0.000000000000e+00
1204 0.000000000000e+00
1205 0.000000000000e+00
1206 0.000000000000e+00
1207 1.842178236588e+00
1208 6.308643507615e+00
1209 7.358088075174e-01
1210 0.000000000000e+00
1211 6.022388438445e-01
1212 1.073106739092e+01
1213 6.752058178886e+00
1214 2.353454625705e+01
1215 2.625504441357e+01
1216 0.000000000000e+00
1217 0.000000000000e+00
1218 0.000000000000e+00
1219 5.087285900475e+00
1220 0.000000000000e+00
1221 0.000000000000e+00
1222 0.000000000000e+00
1223 3.911489079227e+00
1224 4.569118771023e+00
1225 0.000000000000e+00
1226 0.000000000000e+00
1227 1.079333313250e+01
1228 5.854986172964e+00
1229 2.416233587084e+00
1230 2.460450630527e-01
1231 0.000000000000e+00
1232 0.000000000000e+00
1233 0.000000000000e+00
1234 0.000000000000e+00
1235 5.158272232342e+00
1236 1.879750154388e+01
1237 1.945104461640e+01
1238 0.000000000000e+00
1239 5.292850704526e+00
1240 1.089694603753e+01
1241 0.000000000000e+00
1242 0.000000000000e+00
1243 8.374563660519e+00
1244 0.000000000000e+00
1245 0.000000000000e+00
1246 0.000000000000e+00
1247 3.703258201192e+00
1248 0.000000000000e+00
1249 0.000000000000e+00
1250 3.391077796730e+00
1251 0.000000000000e+00
1252 0.000000000000e+00
1253 0.000000000000e+00
1254 0.000000000000e+00
1255 0.000000000000e+00
1256 0.000000000000e+00
1257 1.054886850579e+01
1258 0.000000000000e+00
1259 3.154007869083e-01
1260 0.000000000000e+00
1261 1.024705440138e+01
1262 2.572394071122e+01
1263 0.000000000000e+00
1264 2.941467175123e+00
1265 3.638041035129e+00
1266 9.088861862528e+00
1267 5.167472268583e+00
1268 0.000000000000e+00
1269 0.000000000000e+00
1270 0.000000000000e+00
1271 6.934362659621e+00
1272 0.000000000000e+00
1273 0.000000000000e+00
1274 2.434662911993e+00
1275 0.000000000000e+00
1276 0.000000000000e+00
1277 8.750801563788e-01
1278 1.654182693878e+00
1279 1.832224499269e+01
1280 4.373188801033e+00
1281 0.000000000000e+00
1282 9.416058053304e+00
1283 9.267669922733e+00
1284 5.801274799839e+00
1285 1.085329191537e+01
1286 0.000000000000e+00
1287 0.000000000000e+00
1288 3.974853109995e+00
1289 1.576560982454e+01
1290 3.263285216408e-01
1291 0.000000000000e+00
1292 7.834320846051e+00
1293 1.684348869518e+01
1294 2.010156593186e+01
1295 4.650487524816e+00
1296 2.633383696799e+00
1297 8.768268523381e+00
1298 0.000000000000e+00
1299 8.349197653042e+00
1300 2.910830018241e+00
1301 4.605777344709e+00
1302 2.763244055023e+00
1303 5.982706510921e+00
1304 1.655420623665e+01
1305 0.000000000000e+00
1306 1.061416521989e+01
1307 7.216715197827e+00
1308 3.043338360854e+00
1309 5.552672452308e-01
1310 0.000000000000e+00
1311 4.776405141201e+00
1312 3.326960229834e+00
1313 0.000000000000e+00
1314 6.387297501967e+00
1315 6.287857817136e+00
1316 0.000000000000e+00
1317 0.000000000000e+00
1318 2.995725338470e+00
1319 0.000000000000e+00
1320 0.000000000000e+00
1321 0.000000000000e+00
1322 1.505118006214e+00
1323 4.585247600192e+00
1324 2.009606662252e+01
1325 1.536392699218e+01
1326 0.000000000000e+00
1327 8.539349062424e+00
1328 2.625616500408e+00
1329 1.228030485708e+01
1330 0.000000000000e+00
1331 0.000000000000e+00
1332 0.000000000000e+00
1333 7.797042624157e+00
1334 0.000000000000e+00
1335 0.000000000000e+00
1336 0.000000000000e+00
1337 0.000000000000e+00
1338 0.000000000000e+00
1339 0.000000000000e+00
1340 0.000000000000e+00
1341 0.000000000000e+00
1342 0.000000000000e+00
1343 0.000000000000e+00
1344 0.000000000000e+00
1345 0.000000000000e+00
1346 0.000000000000e+00
1347 0.000000000000e+00
1348 0.000000000000e+00
1349 0.000000000000e+00
1350 0.000000000000e+00
1351 0.000000000000e+00
1352 0.000000000000e+00
1353 0.000000000000e+00
1354 1.885969862494e+01
1355 1.927508126749e+00
1356 5.115601769955e+00
1357 2.873804654319e+00
1358 1.201076573896e+01
1359 0.000000000000e+00
1360 0.000000000000e+00
1361 9.249515245103e+00
1362 0.000000000000e+00
1363 5.197336147262e+00
1364 0.000000000000e+00
1365 0.000000000000e+00
1366 1.334094495530e+01
1367 0.000000000000e+00
1368 0.000000000000e+00
1369 0.000000000000e+00
1370 0.000000000000e+00
1371 0.000000000000e+00
1372 3.319508280935e+00
1373 0.000000000000e+00
1374 1.021725792753e+01
1375 0.000000000000e+00
1376 0.000000000000e+00
1377 0.000000000000e+00
1378 0.000000000000e+00
1379 0.000000000000e+00
1380 0.000000000000e+00
1381 7.599198672216e+00
1382 0.000000000000e+00
1383 0.000000000000e+00
1384 0.000000000000e+00
1385 0.000000000000e+00
1386 0.000000000000e+00
1387 0.000000000000e+00
1388 1.771141758504e+00
1389 4.197079479049e+00
1390 3.712521871733e+00
1391 1.035498051674e+01
1392 0.000000000000e+00
1393 0.000000000000e+00
1394 0.000000000000e+00
1395 1.033446924074e+01
1396 6.160655485866e+00
1397 0.000000000000e+00
1398 8.442009231138e+00
1399 9.842269171239e+00
1400 9.189293892619e+00
1401 5.946792747024e+00
1402 0.000000000000e+00
1403 1.532097377454e+00
1404 1.747750052287e+01
1405 4.070605054501e-01
1406 0.000000000000e+00
1407 3.668749404381e+00
1408 0.000000000000e+00
1409 0.000000000000e+00
1410 0.000000000000e+00
1411 0.000000000000e+00
1412 0.000000000000e+00
1413 1.188304804504e+01
1414 7.634431949698e+00
1415 1.097605336368e+01
1416 0.000000000000e+00
1417 5.591795872931e+00
1418 8.334255487989e+00
1419 7.761321504084e+00
1420 0.000000000000e+00
1421 0.000000000000e+00
1422 4.549593793411e+00
1423 9.467686281817e+00
1424 5.111934389871e+00
1425 2.297435925631e+00
1426 1.886068334879e+01
1427 0.000000000000e+00
1428 7.383918057318e+00
1429 6.278187375235e+00
1430 8.035393911165e+00
1431 0.000000000000e+00
