5.263000 -9.193000 -18.880000 1.824000
6.178000 -8.060000 -18.560000 1.908000
5.809000 -7.423000 -17.224000 1.908000
4.971000 -6.525000 -17.159000 1.661200
6.124000 -7.009000 -19.669000 1.908000
7.039000 -5.819000 -19.434000 1.908000
8.753000 -6.303000 -19.162000 2.000000
9.435000 -6.177000 -20.837000 1.908000
8.952000 -6.815000 -21.433000 1.387000
9.314000 -5.244000 -21.168000 1.387000
10.406000 -6.405000 -20.811000 1.387000
5.773000 -9.887000 -19.383000 0.600000
4.913000 -9.576000 -18.028000 0.600000
6.963000 -5.187000 -20.239000 1.387000
6.681000 -5.286000 -18.634000 1.387000
4.509000 -8.852000 -19.437000 0.600000
7.106000 -8.435000 -18.488000 1.100000
5.177000 -6.671000 -19.753000 1.487000
6.382000 -7.442000 -20.542000 1.487000
6.451000 -7.904000 -16.163000 1.824000
6.226000 -7.423000 -14.804000 1.908000
6.916000 -6.079000 -14.578000 1.908000
7.911000 -5.767000 -15.232000 1.661200
6.765000 -8.459000 -13.812000 1.908000
6.807000 -8.018000 -12.354000 1.908000
5.442000 -8.068000 -11.687000 1.908000
5.561000 -7.759000 -10.199000 1.908000
4.260000 -7.889000 -9.484000 1.824000
5.236000 -7.304000 -14.659000 1.387000
6.227000 -8.392000 -9.789000 1.100000
5.904000 -6.820000 -10.090000 1.100000
7.436000 -8.620000 -11.851000 1.487000
7.156000 -7.077000 -12.308000 1.487000
4.431000 -8.013000 -8.507000 0.600000
3.720000 -7.061000 -9.628000 0.600000
3.764000 -8.680000 -9.841000 0.600000
5.064000 -8.978000 -11.791000 1.487000
4.854000 -7.389000 -12.104000 1.487000
7.138000 -8.665000 -16.389000 0.600000
7.699000 -8.702000 -14.093000 1.487000
6.188000 -9.279000 -13.874000 1.487000
6.390000 -5.288000 -13.647000 1.824000
6.972000 -3.984000 -13.357000 1.908000
7.107000 -3.733000 -11.859000 1.908000
6.197000 -4.024000 -11.083000 1.661200
6.123000 -2.878000 -13.992000 1.908000
6.832000 -1.536000 -14.104000 1.908000
6.020000 -0.554000 -14.933000 1.908000
6.860000 0.641000 -15.352000 1.908000
7.400000 1.379000 -14.182000 1.824000
7.893000 -3.937000 -13.776000 1.387000
7.623000 0.318000 -15.920000 1.100000
6.291000 1.262000 -15.901000 1.100000
6.960000 -1.158000 -13.188000 1.487000
7.720000 -1.671000 -14.540000 1.487000
7.571000 2.331000 -14.438000 0.600000
6.737000 1.349000 -13.434000 0.600000
8.256000 0.955000 -13.886000 0.600000
5.254000 -0.229000 -14.389000 1.487000
5.694000 -1.016000 -15.751000 1.487000
5.560000 -5.669000 -13.164000 0.600000
5.304000 -2.756000 -13.433000 1.487000
5.863000 -3.173000 -14.909000 1.487000
8.259000 -3.205000 -11.461000 1.824000
8.526000 -2.884000 -10.065000 1.908000
8.888000 -1.404000 -10.009000 1.908000
9.713000 -0.932000 -10.793000 1.661200
9.679000 -3.727000 -9.537000 1.908000
8.948000 -3.042000 -12.226000 0.600000
7.701000 -3.031000 -9.534000 1.387000
9.411000 -4.690000 -9.528000 1.487000
10.477000 -3.609000 -10.128000 1.487000
9.907000 -3.436000 -8.608000 1.487000
8.271000 -0.672000 -9.088000 1.824000
8.538000 0.756000 -8.968000 1.908000
9.094000 1.154000 -7.610000 1.908000
8.567000 0.763000 -6.569000 1.661200
7.258000 1.588000 -9.218000 1.908000
7.567000 3.075000 -9.079000 1.908000
6.703000 1.290000 -10.600000 1.908000
9.227000 1.006000 -9.673000 1.387000
6.728000 3.602000 -9.207000 1.487000
7.400000 1.492000 -11.288000 1.487000
6.607000 1.358000 -8.506000 1.487000
7.938000 3.254000 -8.169000 1.487000
8.237000 3.341000 -9.771000 1.487000
7.609000 -1.187000 -8.486000 0.600000
6.449000 0.324000 -10.654000 1.487000
5.896000 1.858000 -10.763000 1.487000
10.166000 1.936000 -7.636000 1.824000
10.786000 2.436000 -6.419000 1.908000
10.675000 3.955000 -6.467000 1.908000
11.206000 4.588000 -7.378000 1.661200
12.285000 2.078000 -6.340000 1.908000
12.469000 0.562000 -6.286000 1.908000
12.908000 2.725000 -5.102000 1.908000
11.815000 -0.201000 -5.099000 1.908000
10.216000 2.135000 -5.667000 1.387000
13.881000 2.507000 -5.082000 1.487000
12.777000 3.712000 -5.157000 1.487000
12.723000 2.414000 -7.167000 1.487000
12.110000 0.159000 -7.141000 1.487000
13.460000 0.358000 -6.264000 1.487000
10.836000 -0.045000 -5.132000 1.487000
10.519000 2.157000 -8.591000 0.600000
12.020000 -1.166000 -5.200000 1.487000
12.457000 2.362000 -4.290000 1.487000
12.198000 0.152000 -4.255000 1.487000
9.960000 4.538000 -5.512000 1.824000
9.834000 5.989000 -5.465000 1.908000
10.988000 6.466000 -4.596000 1.908000
10.881000 6.548000 -3.369000 1.661200
8.482000 6.399000 -4.876000 1.908000
7.312000 5.894000 -5.708000 1.908000
9.996000 6.330000 -6.377000 1.387000
9.520000 3.898000 -4.834000 0.600000
8.441000 7.392000 -4.842000 1.487000
8.407000 6.017000 -3.961000 1.487000
6.699000 4.875000 -5.391000 1.661200
7.012000 6.601000 -6.792000 1.824000
6.251000 6.324000 -7.376000 0.600000
7.550000 7.413000 -7.025000 0.600000
12.101000 6.755000 -5.262000 1.824000
13.313000 7.180000 -4.587000 1.908000
13.195000 8.231000 -3.505000 1.908000
13.957000 8.199000 -2.537000 1.661200
12.025000 6.650000 -6.296000 0.600000
13.780000 6.342000 -4.186000 1.387000
13.990000 7.514000 -5.302000 1.387000
12.256000 9.161000 -3.655000 1.824000
12.095000 10.222000 -2.668000 1.908000
11.434000 9.756000 -1.376000 1.908000
11.266000 10.543000 -0.442000 1.661200
11.305000 11.394000 -3.267000 1.908000
9.794000 11.210000 -3.359000 1.908000
9.368000 10.069000 -4.263000 1.908000
10.147000 9.675000 -5.157000 1.661200
8.234000 9.576000 -4.087000 1.661200
9.453000 11.016000 -2.453000 1.487000
13.006000 10.623000 -2.452000 1.387000
9.404000 12.040000 -3.724000 1.487000
11.673000 9.067000 -4.501000 0.600000
11.643000 11.543000 -4.187000 1.487000
11.474000 12.189000 -2.698000 1.487000
11.067000 8.479000 -1.321000 1.824000
10.429000 7.912000 -0.137000 1.908000
11.377000 6.970000 0.597000 1.908000
11.065000 6.482000 1.683000 1.661200
9.158000 7.154000 -0.532000 1.908000
8.090000 8.023000 -1.178000 1.908000
6.883000 7.226000 -1.637000 1.908000
7.786000 8.705000 -0.513000 1.487000
10.204000 8.669000 0.487000 1.387000
8.488000 8.484000 -1.971000 1.487000
11.271000 7.930000 -2.179000 0.600000
8.765000 6.737000 0.291000 1.487000
9.405000 6.430000 -1.180000 1.487000
7.786000 5.513000 -1.058000 0.600000
5.909000 7.788000 -2.142000 1.661200
6.941000 5.909000 -1.467000 1.824000
6.162000 5.311000 -1.739000 0.600000
12.533000 6.713000 -0.004000 1.824000
13.532000 5.831000 0.590000 1.908000
14.369000 6.661000 1.555000 1.908000
15.043000 7.601000 1.139000 1.661200
14.460000 5.233000 -0.489000 1.908000
13.625000 4.572000 -1.592000 1.908000
15.415000 4.227000 0.141000 1.908000
14.421000 4.230000 -2.831000 1.908000
13.033000 5.171000 1.140000 1.387000
16.026000 3.875000 -0.565000 1.487000
15.943000 4.685000 0.853000 1.487000
14.974000 5.977000 -0.896000 1.487000
13.221000 3.738000 -1.223000 1.487000
12.891000 5.200000 -1.844000 1.487000
15.154000 3.595000 -2.590000 1.487000
12.663000 7.188000 -0.921000 0.600000
13.819000 3.805000 -3.505000 1.487000
14.883000 3.481000 0.536000 1.487000
14.814000 5.065000 -3.214000 1.487000
14.334000 6.309000 2.837000 1.824000
15.075000 7.060000 3.846000 1.908000
16.258000 6.333000 4.469000 1.908000
16.963000 6.897000 5.306000 1.661200
14.117000 7.505000 4.949000 1.908000
13.365000 6.364000 5.601000 1.908000
12.093000 6.883000 6.232000 1.908000
11.271000 5.821000 6.797000 1.824000
9.974000 5.954000 7.048000 1.908000
9.365000 7.101000 6.780000 1.824000
9.286000 4.944000 7.562000 1.824000
13.925000 5.960000 6.312000 1.487000
15.420000 7.925000 3.414000 1.387000
11.707000 4.944000 7.008000 0.600000
13.123000 5.690000 4.916000 1.487000
8.317000 5.044000 7.769000 0.600000
9.744000 4.068000 7.744000 0.600000
13.753000 5.481000 3.050000 0.600000
11.570000 7.365000 5.527000 1.387000
12.343000 7.526000 6.957000 1.387000
8.379000 7.199000 6.992000 0.600000
9.864000 7.859000 6.374000 0.600000
13.452000 8.129000 4.551000 1.487000
14.646000 7.971000 5.652000 1.487000
16.478000 5.085000 4.069000 1.824000
17.594000 4.307000 4.597000 1.908000
17.744000 3.034000 3.782000 1.908000
16.876000 2.704000 2.974000 1.661200
17.346000 3.934000 6.061000 1.908000
16.311000 2.971000 6.166000 1.721000
15.807000 4.723000 3.369000 0.600000
18.429000 4.846000 4.487000 1.387000
17.079000 4.752000 6.559000 1.387000
18.182000 3.555000 6.441000 1.387000
15.424000 3.428000 6.116000 0.600000
18.840000 2.318000 3.997000 1.824000
19.070000 1.076000 3.273000 1.908000
18.051000 0.020000 3.713000 1.908000
17.630000 -0.814000 2.909000 1.661200
20.509000 0.556000 3.496000 1.908000
20.760000 -0.670000 2.617000 1.908000
20.733000 0.228000 4.967000 1.908000
20.949000 -0.367000 1.133000 1.908000
18.880000 1.268000 2.310000 1.387000
21.676000 -0.073000 5.091000 1.487000
20.561000 1.047000 5.510000 1.487000
21.137000 1.271000 3.217000 1.487000
21.578000 -1.141000 2.953000 1.487000
19.980000 -1.293000 2.714000 1.487000
21.735000 0.236000 1.022000 1.487000
19.491000 2.706000 4.698000 0.600000
21.106000 -1.222000 0.645000 1.487000
20.104000 -0.499000 5.235000 1.487000
20.127000 0.077000 0.785000 1.487000
17.652000 0.059000 4.983000 1.824000
16.661000 -0.889000 5.490000 1.908000
15.348000 -0.638000 4.775000 1.908000
14.679000 -1.565000 4.319000 1.661200
16.446000 -0.707000 6.994000 1.908000
15.276000 -1.388000 7.416000 1.721000
18.090000 0.795000 5.560000 0.600000
16.970000 -1.810000 5.263000 1.387000
16.345000 0.262000 7.188000 1.387000
17.230000 -1.079000 7.477000 1.387000
15.342000 -2.352000 7.162000 0.600000
14.988000 0.637000 4.681000 1.824000
13.755000 1.039000 4.026000 1.908000
13.767000 0.611000 2.562000 1.908000
12.734000 0.229000 2.007000 1.661200
13.584000 2.555000 4.142000 1.908000
12.212000 3.020000 3.707000 1.908000
11.215000 2.374000 4.093000 1.661200
12.127000 4.039000 2.991000 1.661200
15.656000 1.310000 5.111000 0.600000
13.002000 0.542000 4.470000 1.387000
14.268000 2.985000 3.565000 1.487000
13.722000 2.807000 5.093000 1.487000
14.938000 0.674000 1.935000 1.824000
15.061000 0.273000 0.540000 1.908000
14.724000 -1.210000 0.394000 1.908000
13.989000 -1.603000 -0.514000 1.661200
16.481000 0.543000 0.032000 1.908000
16.784000 0.160000 -1.419000 1.908000
15.709000 0.707000 -2.346000 1.908000
18.154000 0.695000 -1.802000 1.908000
18.849000 0.301000 -1.200000 1.487000
18.358000 0.448000 -2.750000 1.487000
18.163000 1.691000 -1.710000 1.487000
15.725000 1.021000 2.507000 0.600000
15.679000 1.704000 -2.272000 1.487000
15.918000 0.450000 -3.290000 1.487000
14.820000 0.328000 -2.088000 1.487000
14.407000 0.800000 -0.007000 1.387000
16.812000 -0.835000 -1.492000 1.487000
17.114000 0.034000 0.612000 1.487000
16.656000 1.523000 0.123000 1.487000
15.254000 -2.029000 1.297000 1.824000
14.991000 -3.464000 1.260000 1.908000
13.526000 -3.786000 1.543000 1.908000
12.964000 -4.697000 0.936000 1.661200
15.897000 -4.198000 2.255000 1.908000
17.356000 -4.089000 1.934000 1.908000
15.852000 -1.573000 2.007000 0.600000
15.215000 -3.806000 0.335000 1.387000
15.647000 -5.172000 2.265000 1.487000
15.746000 -3.819000 3.174000 1.487000
18.370000 -3.465000 2.581000 1.908000
17.417000 -5.198000 0.130000 0.600000
19.850000 -4.694000 0.080000 1.359000
19.210000 -4.398000 0.782000 1.908000
17.916000 -4.663000 0.813000 1.824000
19.510000 -3.671000 1.845000 1.824000
18.302000 -2.952000 3.432000 1.409000
12.907000 -3.042000 2.458000 1.824000
11.498000 -3.264000 2.782000 1.908000
10.635000 -2.971000 1.560000 1.908000
9.671000 -3.684000 1.281000 1.661200
11.052000 -2.366000 3.939000 1.908000
11.717000 -2.658000 5.274000 1.908000
11.098000 -1.868000 6.414000 1.908000
11.622000 -3.632000 5.475000 1.487000
11.383000 -4.231000 3.015000 1.387000
12.685000 -2.420000 5.210000 1.487000
13.491000 -2.317000 2.905000 0.600000
10.057000 -2.467000 4.058000 1.487000
11.248000 -1.409000 3.696000 1.487000
9.669000 -1.175000 5.163000 0.600000
11.587000 -1.897000 7.543000 1.661200
10.011000 -1.160000 6.123000 1.824000
9.533000 -0.616000 6.840000 0.600000
10.988000 -1.916000 0.831000 1.824000
10.248000 -1.532000 -0.364000 1.908000
10.399000 -2.598000 -1.447000 1.908000
9.432000 -2.958000 -2.118000 1.661200
10.742000 -0.177000 -0.907000 1.908000
10.623000 0.817000 0.118000 1.721000
9.916000 0.248000 -2.107000 1.908000
9.274000 -1.458000 -0.129000 1.387000
9.434000 -0.545000 -2.489000 1.487000
9.242000 0.939000 -1.831000 1.487000
11.819000 -1.402000 1.181000 0.600000
11.727000 -0.262000 -1.155000 1.387000
10.514000 0.638000 -2.813000 1.487000
11.314000 0.666000 0.833000 0.600000
11.616000 -3.105000 -1.617000 1.824000
11.863000 -4.143000 -2.611000 1.908000
11.064000 -5.393000 -2.253000 1.908000
10.479000 -6.041000 -3.121000 1.661200
13.354000 -4.484000 -2.671000 1.908000
14.263000 -3.438000 -3.317000 1.908000
15.714000 -3.877000 -3.199000 1.908000
13.872000 -3.261000 -4.777000 1.908000
12.921000 -2.957000 -4.835000 1.487000
14.465000 -2.577000 -5.202000 1.487000
13.972000 -4.132000 -5.258000 1.487000
12.347000 -2.711000 -1.002000 0.600000
15.838000 -4.755000 -3.663000 1.487000
16.307000 -3.191000 -3.622000 1.487000
15.957000 -3.975000 -2.233000 1.487000
11.553000 -3.814000 -3.504000 1.387000
14.140000 -2.567000 -2.849000 1.487000
13.453000 -5.327000 -3.191000 1.487000
13.674000 -4.619000 -1.736000 1.487000
11.038000 -5.724000 -0.966000 1.824000
10.305000 -6.894000 -0.504000 1.908000
8.838000 -6.772000 -0.908000 1.908000
8.226000 -7.735000 -1.361000 1.661200
10.416000 -7.021000 1.020000 1.908000
9.716000 -8.249000 1.594000 1.908000
9.847000 -8.304000 3.109000 1.908000
9.142000 -9.525000 3.684000 1.908000
9.269000 -9.593000 5.171000 1.824000
10.689000 -7.713000 -0.935000 1.387000
8.170000 -9.485000 3.440000 1.100000
9.544000 -10.352000 3.283000 1.100000
8.747000 -8.212000 1.354000 1.487000
10.128000 -9.071000 1.203000 1.487000
10.234000 -9.670000 5.415000 0.600000
8.885000 -8.763000 5.572000 0.600000
8.771000 -10.391000 5.507000 0.600000
9.434000 -7.488000 3.499000 1.487000
10.811000 -8.354000 3.347000 1.487000
11.570000 -5.094000 -0.340000 0.600000
10.009000 -6.208000 1.430000 1.487000
11.383000 -7.072000 1.259000 1.487000
8.284000 -5.575000 -0.752000 1.824000
6.885000 -5.333000 -1.090000 1.908000
6.642000 -5.317000 -2.600000 1.908000
5.781000 -6.036000 -3.107000 1.661200
6.427000 -4.007000 -0.475000 1.908000
4.921000 -3.793000 -0.503000 1.908000
4.219000 -4.770000 0.429000 1.908000
2.718000 -4.527000 0.473000 1.908000
2.075000 -4.766000 -0.848000 1.824000
6.319000 -6.067000 -0.682000 1.387000
2.309000 -5.141000 1.154000 1.100000
2.551000 -3.577000 0.754000 1.100000
4.718000 -2.862000 -0.207000 1.487000
4.587000 -3.935000 -1.431000 1.487000
2.090000 -5.745000 -1.052000 0.600000
1.129000 -4.444000 -0.819000 0.600000
2.577000 -4.269000 -1.556000 0.600000
4.585000 -4.659000 1.348000 1.487000
4.381000 -5.697000 0.104000 1.487000
8.917000 -4.844000 -0.378000 0.600000
6.860000 -3.263000 -0.983000 1.487000
6.730000 -3.984000 0.476000 1.487000
7.402000 -4.495000 -3.316000 1.824000
7.258000 -4.386000 -4.768000 1.908000
7.468000 -5.686000 -5.531000 1.908000
6.769000 -5.962000 -6.507000 1.661200
8.223000 -3.334000 -5.321000 1.908000
7.679000 -1.931000 -5.281000 1.908000
6.342000 -1.819000 -5.990000 1.908000
6.298000 -1.942000 -7.237000 1.661200
5.334000 -1.616000 -5.290000 1.661200
7.537000 -1.675000 -4.345000 1.487000
6.328000 -4.016000 -4.984000 1.387000
8.306000 -1.335000 -5.744000 1.487000
8.093000 -3.948000 -2.768000 0.600000
8.405000 -3.565000 -6.260000 1.487000
9.038000 -3.362000 -4.769000 1.487000
8.441000 -6.478000 -5.095000 1.824000
8.744000 -7.736000 -5.761000 1.908000
8.042000 -8.932000 -5.129000 1.908000
8.241000 -10.068000 -5.555000 1.661200
10.258000 -7.963000 -5.767000 1.908000
11.058000 -6.922000 -6.555000 1.908000
12.544000 -7.127000 -6.321000 1.908000
10.727000 -7.032000 -8.038000 1.908000
9.750000 -6.871000 -8.175000 1.487000
11.251000 -6.351000 -8.549000 1.487000
10.962000 -7.947000 -8.366000 1.487000
8.950000 -6.130000 -4.263000 0.600000
12.809000 -8.044000 -6.624000 1.487000
13.063000 -6.445000 -6.838000 1.487000
12.748000 -7.029000 -5.346000 1.487000
8.445000 -7.668000 -6.729000 1.387000
10.794000 -6.011000 -6.248000 1.487000
10.433000 -8.846000 -6.177000 1.487000
10.575000 -7.933000 -4.830000 1.487000
7.212000 -8.668000 -4.122000 1.824000
6.479000 -9.724000 -3.427000 1.908000
7.430000 -10.840000 -3.011000 1.908000
7.184000 -12.015000 -3.275000 1.661200
5.379000 -10.281000 -4.330000 1.908000
7.132000 -7.661000 -3.877000 0.600000
6.058000 -9.336000 -2.602000 1.387000
5.336000 -11.273000 -4.226000 1.487000
4.502000 -9.879000 -4.070000 1.487000
5.583000 -10.052000 -5.280000 1.487000
8.516000 -10.461000 -2.347000 1.824000
9.511000 -11.429000 -1.905000 1.908000
9.028000 -12.267000 -0.721000 1.908000
8.064000 -11.902000 -0.041000 1.661200
10.805000 -10.701000 -1.537000 1.908000
11.406000 -9.834000 -2.649000 1.908000
12.745000 -9.268000 -2.181000 1.908000
11.589000 -10.662000 -3.919000 1.908000
10.702000 -11.012000 -4.218000 1.487000
11.981000 -10.088000 -4.637000 1.487000
12.203000 -11.427000 -3.731000 1.487000
8.591000 -9.441000 -2.175000 0.600000
13.368000 -10.021000 -1.970000 1.487000
13.138000 -8.702000 -2.905000 1.487000
12.603000 -8.712000 -1.363000 1.487000
9.714000 -12.057000 -2.673000 1.387000
10.783000 -9.086000 -2.850000 1.487000
11.482000 -11.383000 -1.294000 1.487000
10.613000 -10.104000 -0.768000 1.487000
9.692000 -13.409000 -0.465000 1.824000
9.308000 -14.282000 0.650000 1.908000
9.357000 -13.548000 1.986000 1.908000
10.152000 -12.626000 2.169000 1.661200
10.331000 -15.412000 0.571000 1.908000
10.629000 -15.489000 -0.900000 1.908000
10.769000 -14.027000 -1.260000 1.908000
11.474000 -15.976000 -1.060000 1.487000
8.392000 -14.677000 0.493000 1.387000
10.620000 -13.877000 -2.232000 1.387000
11.656000 -13.670000 -0.988000 1.387000
9.876000 -15.904000 -1.387000 1.487000
9.944000 -16.268000 0.899000 1.487000
11.152000 -15.186000 1.087000 1.487000
8.508000 -13.974000 2.916000 1.824000
8.423000 -13.357000 4.235000 1.908000
9.750000 -13.293000 4.979000 1.908000
9.983000 -12.374000 5.762000 1.661200
7.403000 -14.108000 5.098000 1.908000
7.580000 -15.621000 5.095000 1.908000
6.669000 -16.328000 6.085000 1.908000
5.555000 -15.827000 6.332000 1.661200
7.064000 -17.393000 6.605000 1.661200
7.359000 -15.955000 4.197000 1.487000
8.046000 -12.413000 4.141000 1.387000
8.508000 -15.824000 5.349000 1.487000
7.914000 -14.780000 2.624000 0.600000
6.508000 -13.912000 4.742000 1.487000
7.510000 -13.798000 6.025000 1.487000
10.619000 -14.264000 4.723000 1.824000
11.910000 -14.339000 5.393000 1.908000
13.037000 -13.560000 4.717000 1.908000
14.190000 -13.650000 5.142000 1.661200
12.313000 -15.809000 5.539000 1.908000
12.340000 -16.557000 4.226000 1.908000
13.371000 -16.359000 3.310000 1.908000
11.317000 -17.441000 3.886000 1.908000
13.385000 -17.022000 2.087000 1.908000
11.320000 -18.111000 2.661000 1.908000
12.356000 -17.895000 1.769000 1.908000
12.363000 -18.545000 0.555000 1.721000
11.798000 -13.966000 6.340000 1.387000
14.135000 -16.870000 1.442000 1.459000
10.579000 -18.739000 2.434000 1.459000
10.302000 -14.956000 4.013000 0.600000
10.570000 -17.600000 4.527000 1.459000
14.116000 -15.728000 3.533000 1.459000
11.655000 -16.254000 6.138000 1.487000
13.223000 -15.844000 5.938000 1.487000
12.745000 -17.938000 -0.139000 0.600000
12.713000 -12.799000 3.673000 1.824000
13.719000 -12.014000 2.953000 1.908000
14.746000 -11.399000 3.904000 1.908000
14.390000 -10.657000 4.824000 1.661200
13.038000 -10.909000 2.137000 1.908000
13.998000 -10.002000 1.397000 1.908000
14.885000 -10.514000 0.452000 1.908000
14.010000 -8.628000 1.635000 1.908000
15.759000 -9.682000 -0.242000 1.908000
14.882000 -7.782000 0.947000 1.908000
15.754000 -8.317000 0.010000 1.908000
16.625000 -7.494000 -0.671000 1.721000
14.208000 -12.632000 2.322000 1.387000
16.387000 -10.066000 -0.920000 1.459000
14.877000 -6.802000 1.129000 1.459000
11.708000 -12.810000 3.419000 0.600000
13.384000 -8.240000 2.308000 1.459000
14.896000 -11.498000 0.267000 1.459000
12.499000 -10.348000 2.762000 1.487000
12.438000 -11.341000 1.467000 1.487000
17.562000 -7.752000 -0.445000 0.600000
16.019000 -11.708000 3.660000 1.824000
17.107000 -11.233000 4.502000 1.908000
17.436000 -9.751000 4.542000 1.908000
18.203000 -9.311000 5.401000 1.661200
16.163000 -12.312000 2.823000 0.600000
16.930000 -11.558000 5.481000 1.387000
17.975000 -11.757000 4.243000 1.387000
16.885000 -8.972000 3.621000 1.824000
17.147000 -7.535000 3.612000 1.908000
18.637000 -7.177000 3.587000 1.908000
19.104000 -6.342000 4.365000 1.661200
16.468000 -6.884000 4.822000 1.908000
14.949000 -6.808000 4.694000 1.908000
14.268000 -6.282000 5.948000 1.908000
14.829000 -5.383000 6.609000 1.661200
13.159000 -6.760000 6.264000 1.661200
14.734000 -6.192000 3.958000 1.487000
16.691000 -7.113000 2.805000 1.387000
14.608000 -7.716000 4.530000 1.487000
16.279000 -9.450000 2.938000 0.600000
16.805000 -5.967000 4.898000 1.487000
16.672000 -7.431000 5.610000 1.487000
19.375000 -7.824000 2.691000 1.824000
20.802000 -7.571000 2.517000 1.908000
21.143000 -7.879000 1.061000 1.908000
20.312000 -8.431000 0.335000 1.661200
21.636000 -8.428000 3.484000 1.908000
21.465000 -9.915000 3.258000 1.908000
20.950000 -6.599000 2.651000 1.387000
18.848000 -8.526000 2.124000 0.600000
21.352000 -8.209000 4.415000 1.487000
22.597000 -8.192000 3.358000 1.487000
21.928000 -10.461000 2.260000 1.661200
20.795000 -10.582000 4.192000 1.824000
20.653000 -11.568000 4.103000 0.600000
20.430000 -10.096000 4.988000 0.600000
22.347000 -7.524000 0.626000 1.824000
22.740000 -7.741000 -0.768000 1.908000
22.729000 -9.197000 -1.218000 1.908000
22.384000 -9.495000 -2.361000 1.661200
24.117000 -7.129000 -1.029000 1.908000
24.209000 -5.615000 -0.822000 1.908000
25.633000 -5.156000 -1.067000 1.908000
23.242000 -4.896000 -1.765000 1.908000
22.309000 -5.198000 -1.575000 1.487000
23.311000 -3.910000 -1.621000 1.487000
23.479000 -5.114000 -2.711000 1.487000
22.964000 -7.094000 1.334000 0.600000
25.903000 -5.379000 -2.005000 1.487000
25.696000 -4.166000 -0.932000 1.487000
26.251000 -5.616000 -0.427000 1.487000
22.095000 -7.218000 -1.364000 1.387000
23.944000 -5.400000 0.114000 1.487000
24.362000 -7.315000 -1.972000 1.487000
24.763000 -7.553000 -0.406000 1.487000
23.115000 -10.107000 -0.332000 1.824000
23.117000 -11.516000 -0.688000 1.908000
21.692000 -12.038000 -0.826000 1.908000
21.402000 -12.841000 -1.717000 1.661200
23.897000 -12.309000 0.358000 1.908000
25.369000 -11.957000 0.350000 1.908000
26.040000 -12.251000 -0.662000 1.661200
25.851000 -11.370000 1.341000 1.661200
23.399000 -9.741000 0.586000 0.600000
23.548000 -11.597000 -1.594000 1.387000
23.796000 -13.272000 0.152000 1.487000
23.521000 -12.095000 1.249000 1.487000
20.802000 -11.574000 0.046000 1.824000
19.402000 -11.983000 -0.015000 1.908000
18.772000 -11.416000 -1.287000 1.908000
17.929000 -12.059000 -1.904000 1.661200
18.648000 -11.481000 1.213000 1.908000
21.178000 -10.917000 0.751000 0.600000
19.356000 -12.980000 -0.054000 1.387000
19.165000 -11.709000 2.037000 1.487000
18.537000 -10.490000 1.153000 1.487000
17.749000 -11.916000 1.252000 1.487000
19.176000 -10.209000 -1.674000 1.824000
18.635000 -9.605000 -2.892000 1.908000
19.064000 -10.426000 -4.103000 1.908000
18.250000 -10.743000 -4.973000 1.661200
19.120000 -8.160000 -3.042000 1.908000
18.713000 -7.438000 -4.330000 1.908000
17.197000 -7.449000 -4.478000 1.908000
19.241000 -6.011000 -4.295000 1.908000
20.238000 -6.025000 -4.221000 1.487000
18.977000 -5.536000 -5.135000 1.487000
18.856000 -5.531000 -3.507000 1.487000
19.872000 -9.757000 -1.068000 0.600000
16.782000 -6.984000 -3.696000 1.487000
16.940000 -6.976000 -5.321000 1.487000
16.872000 -8.394000 -4.515000 1.487000
17.636000 -9.617000 -2.838000 1.387000
19.126000 -7.905000 -5.108000 1.487000
20.115000 -8.166000 -3.007000 1.487000
18.753000 -7.634000 -2.279000 1.487000
20.347000 -10.769000 -4.170000 1.824000
20.841000 -11.577000 -5.278000 1.908000
20.073000 -12.894000 -5.315000 1.908000
19.698000 -13.373000 -6.382000 1.661200
22.342000 -11.850000 -5.119000 1.908000
22.884000 -12.805000 -6.137000 1.908000
23.221000 -14.118000 -5.936000 1.908000
23.147000 -12.530000 -7.519000 1.908000
23.681000 -14.672000 -7.108000 1.824000
23.647000 -13.721000 -8.095000 1.908000
23.010000 -11.392000 -8.329000 1.908000
24.012000 -13.808000 -9.443000 1.908000
23.375000 -11.478000 -9.673000 1.908000
23.871000 -12.678000 -10.215000 1.908000
24.123000 -12.700000 -11.181000 1.459000
20.644000 -11.089000 -6.127000 1.387000
23.990000 -15.615000 -7.223000 0.600000
22.660000 -10.538000 -7.960000 1.459000
23.282000 -10.676000 -10.251000 1.459000
24.363000 -14.670000 -9.818000 1.459000
23.145000 -14.602000 -5.068000 1.409000
20.937000 -10.425000 -3.398000 0.600000
22.502000 -12.246000 -4.224000 1.487000
22.835000 -10.996000 -5.221000 1.487000
19.843000 -13.477000 -4.141000 1.824000
19.109000 -14.730000 -4.045000 1.908000
17.698000 -14.565000 -4.601000 1.908000
17.172000 -15.467000 -5.250000 1.661200
19.046000 -15.191000 -2.597000 1.908000
20.225000 -12.970000 -3.320000 0.600000
19.586000 -15.430000 -4.587000 1.387000
19.828000 -15.782000 -2.400000 1.487000
19.070000 -14.396000 -1.991000 1.487000
18.199000 -15.699000 -2.444000 1.487000
17.088000 -13.412000 -4.342000 1.824000
15.738000 -13.155000 -4.828000 1.908000
15.721000 -12.939000 -6.336000 1.908000
14.780000 -13.355000 -7.014000 1.661200
15.145000 -11.939000 -4.122000 1.908000
17.638000 -12.738000 -3.785000 0.600000
15.158000 -13.952000 -4.611000 1.387000
14.500000 -12.243000 -3.422000 1.487000
15.878000 -11.413000 -3.694000 1.487000
14.669000 -11.367000 -4.789000 1.487000
16.756000 -12.290000 -6.865000 1.824000
16.813000 -12.031000 -8.300000 1.908000
17.158000 -13.272000 -9.110000 1.908000
16.874000 -13.334000 -10.304000 1.661200
17.823000 -10.919000 -8.616000 1.908000
17.580000 -9.554000 -7.969000 1.908000
18.544000 -8.543000 -8.569000 1.908000
16.134000 -9.106000 -8.207000 1.908000
15.511000 -9.775000 -7.806000 1.487000
15.990000 -8.215000 -7.780000 1.487000
15.967000 -9.038000 -9.189000 1.487000
17.484000 -11.999000 -6.197000 0.600000
18.392000 -8.479000 -9.556000 1.487000
18.392000 -7.646000 -8.152000 1.487000
19.486000 -8.834000 -8.397000 1.487000
15.904000 -11.696000 -8.601000 1.387000
17.739000 -9.626000 -6.991000 1.487000
17.826000 -10.784000 -9.606000 1.487000
18.724000 -11.234000 -8.317000 1.487000
17.770000 -14.263000 -8.468000 1.824000
18.139000 -15.486000 -9.165000 1.908000
17.266000 -16.681000 -8.784000 1.908000
17.329000 -17.731000 -9.429000 1.661200
19.627000 -15.849000 -8.909000 1.908000
19.879000 -15.917000 -7.498000 1.721000
20.541000 -14.801000 -9.532000 1.908000
18.039000 -15.330000 -10.164000 1.387000
20.273000 -14.640000 -10.485000 1.487000
20.470000 -13.941000 -9.021000 1.487000
17.953000 -14.092000 -7.466000 0.600000
19.810000 -16.768000 -9.312000 1.387000
21.491000 -15.121000 -9.507000 1.487000
19.797000 -15.004000 -7.085000 0.600000
16.446000 -16.519000 -7.748000 1.824000
15.602000 -17.615000 -7.307000 1.908000
14.185000 -17.280000 -6.875000 1.908000
13.603000 -18.008000 -6.069000 1.661200
16.466000 -15.588000 -7.310000 0.600000
15.559000 -18.326000 -8.061000 1.387000
16.077000 -18.108000 -6.529000 1.387000
13.618000 -16.191000 -7.387000 1.824000
12.249000 -15.836000 -7.024000 1.908000
11.570000 -14.926000 -8.036000 1.908000
10.493000 -15.245000 -8.547000 1.661200
12.203000 -15.172000 -5.644000 1.908000
10.805000 -14.799000 -5.233000 1.908000
10.185000 -13.595000 -5.420000 1.908000
9.836000 -15.659000 -4.624000 1.908000
8.885000 -13.655000 -4.965000 1.824000
8.647000 -14.911000 -4.471000 1.908000
9.857000 -16.993000 -4.193000 1.908000
7.488000 -15.454000 -3.907000 1.908000
8.705000 -17.532000 -3.634000 1.908000
7.537000 -16.761000 -3.494000 1.908000
6.730000 -17.186000 -3.083000 1.459000
11.712000 -16.698000 -6.979000 1.387000
8.226000 -12.907000 -4.991000 0.600000
10.678000 -17.548000 -4.284000 1.459000
8.710000 -18.478000 -3.329000 1.459000
6.661000 -14.894000 -3.815000 1.459000
10.608000 -12.788000 -5.826000 1.409000
14.204000 -15.646000 -8.032000 0.600000
12.734000 -14.340000 -5.669000 1.487000
12.548000 -15.805000 -4.970000 1.487000
12.200000 -13.794000 -8.321000 1.824000
11.639000 -12.836000 -9.263000 1.908000
11.462000 -13.442000 -10.648000 1.908000
12.328000 -14.163000 -11.142000 1.661200
12.527000 -11.575000 -9.363000 1.908000
11.984000 -10.635000 -10.430000 1.908000
12.570000 -10.870000 -8.022000 1.908000
10.727000 -12.560000 -8.926000 1.387000
12.010000 -11.090000 -11.320000 1.487000
12.239000 -11.490000 -7.309000 1.487000
13.429000 -11.866000 -9.661000 1.487000
11.040000 -10.389000 -10.209000 1.487000
12.545000 -9.808000 -10.463000 1.487000
13.100000 -13.656000 -7.828000 0.600000
13.512000 -10.599000 -7.818000 1.487000
11.988000 -10.057000 -8.054000 1.487000
10.321000 -13.153000 -11.267000 1.824000
10.031000 -13.660000 -12.600000 1.908000
10.287000 -12.577000 -13.640000 1.908000
10.003000 -11.397000 -13.416000 1.661200
8.582000 -14.151000 -12.676000 1.908000
8.323000 -15.368000 -11.802000 1.908000
6.886000 -15.847000 -11.855000 1.908000
6.399000 -16.165000 -12.961000 1.661200
6.246000 -15.909000 -10.784000 1.661200
8.894000 -16.104000 -12.121000 1.487000
10.612000 -14.456000 -12.795000 1.387000
8.522000 -15.126000 -10.868000 1.487000
9.673000 -12.549000 -10.728000 0.600000
8.401000 -14.405000 -13.604000 1.487000
8.005000 -13.427000 -12.358000 1.487000
10.830000 -12.989000 -14.778000 1.824000
11.159000 -12.067000 -15.854000 1.908000
10.285000 -12.307000 -17.079000 1.908000
9.670000 -13.367000 -17.213000 1.661200
12.640000 -12.221000 -16.191000 1.908000
13.513000 -11.975000 -14.985000 1.908000
13.677000 -10.689000 -14.480000 1.908000
14.118000 -13.033000 -14.306000 1.908000
14.419000 -10.455000 -13.326000 1.908000
14.865000 -12.810000 -13.145000 1.908000
15.007000 -11.517000 -12.665000 1.908000
15.727000 -11.270000 -11.518000 1.721000
10.991000 -11.126000 -15.530000 1.387000
14.523000 -9.522000 -12.979000 1.459000
15.290000 -13.575000 -12.670000 1.459000
10.998000 -14.016000 -14.833000 0.600000
14.017000 -13.962000 -14.650000 1.459000
13.255000 -9.913000 -14.954000 1.459000
12.874000 -11.558000 -16.886000 1.487000
12.795000 -13.144000 -16.507000 1.487000
16.096000 -12.130000 -11.171000 0.600000
10.223000 -11.328000 -17.997000 1.824000
10.906000 -10.030000 -17.961000 1.908000
10.403000 -9.074000 -16.883000 1.908000
9.228000 -9.090000 -16.513000 1.661200
10.672000 -9.487000 -19.366000 1.908000
9.308000 -10.006000 -19.677000 1.908000
9.379000 -11.435000 -19.202000 1.908000
8.614000 -9.499000 -19.176000 1.487000
11.917000 -10.165000 -17.873000 1.387000
9.810000 -12.025000 -19.881000 1.387000
8.477000 -11.787000 -18.968000 1.387000
9.129000 -9.965000 -20.654000 1.487000
11.345000 -9.845000 -20.003000 1.487000
10.686000 -8.493000 -19.369000 1.487000
11.312000 -8.237000 -16.393000 1.824000
11.002000 -7.265000 -15.353000 1.908000
11.463000 -5.865000 -15.730000 1.908000
12.558000 -5.684000 -16.255000 1.661200
11.696000 -7.657000 -14.040000 1.908000
11.700000 -6.622000 -12.907000 1.908000
10.320000 -6.530000 -12.284000 1.908000
12.726000 -7.019000 -11.855000 1.908000
13.634000 -7.058000 -12.271000 1.487000
12.728000 -6.344000 -11.117000 1.487000
12.493000 -7.917000 -11.482000 1.487000
12.262000 -8.336000 -16.816000 0.600000
10.058000 -7.422000 -11.912000 1.487000
10.328000 -5.854000 -11.546000 1.487000
9.654000 -6.253000 -12.979000 1.487000
10.000000 -7.245000 -15.220000 1.387000
11.958000 -5.735000 -13.283000 1.487000
12.650000 -7.869000 -14.252000 1.487000
11.242000 -8.477000 -13.690000 1.487000
10.613000 -4.880000 -15.473000 1.824000
10.977000 -3.493000 -15.714000 1.908000
11.070000 -2.888000 -14.323000 1.908000
10.085000 -2.860000 -13.587000 1.661200
9.906000 -2.725000 -16.524000 1.908000
10.270000 -1.242000 -16.586000 1.908000
9.816000 -3.286000 -17.930000 1.908000
11.872000 -3.470000 -16.119000 1.387000
11.254000 -1.137000 -16.453000 1.487000
10.697000 -3.685000 -18.186000 1.487000
9.050000 -2.793000 -16.030000 1.487000
10.011000 -0.875000 -17.478000 1.487000
9.781000 -0.751000 -15.867000 1.487000
9.695000 -5.178000 -15.097000 0.600000
9.107000 -3.992000 -17.962000 1.487000
9.584000 -2.550000 -18.568000 1.487000
12.265000 -2.449000 -13.946000 1.824000
12.465000 -1.831000 -12.645000 1.908000
12.579000 -0.328000 -12.852000 1.908000
13.543000 0.141000 -13.452000 1.661200
13.752000 -2.341000 -11.989000 1.908000
14.144000 -1.602000 -10.701000 1.908000
13.148000 -1.930000 -9.597000 1.908000
15.548000 -2.003000 -10.279000 1.908000
16.197000 -1.767000 -11.003000 1.487000
15.798000 -1.519000 -9.440000 1.487000
15.580000 -2.989000 -10.114000 1.487000
13.021000 -2.583000 -14.642000 0.600000
13.150000 -2.916000 -9.427000 1.487000
13.406000 -1.447000 -8.760000 1.487000
12.232000 -1.643000 -9.877000 1.487000
11.669000 -2.013000 -12.075000 1.387000
14.136000 -0.622000 -10.877000 1.487000
14.491000 -2.225000 -12.633000 1.487000
13.620000 -3.292000 -11.755000 1.487000
11.591000 0.422000 -12.379000 1.824000
11.646000 1.871000 -12.511000 1.908000
12.019000 2.449000 -11.161000 1.908000
11.262000 2.334000 -10.199000 1.661200
10.305000 2.459000 -12.950000 1.908000
10.423000 3.940000 -13.302000 1.908000
9.094000 4.593000 -13.614000 1.908000
8.191000 3.894000 -14.120000 1.661200
8.960000 5.811000 -13.369000 1.661200
10.813000 4.407000 -12.527000 1.487000
12.331000 2.124000 -13.188000 1.387000
10.992000 4.020000 -14.103000 1.487000
10.819000 -0.089000 -11.932000 0.600000
9.683000 2.382000 -12.204000 1.487000
10.018000 1.987000 -13.753000 1.487000
13.196000 3.058000 -11.096000 1.824000
13.679000 3.663000 -9.863000 1.908000
13.645000 5.175000 -10.081000 1.908000
14.549000 5.741000 -10.693000 1.661200
15.115000 3.203000 -9.582000 1.908000
15.586000 3.427000 -8.164000 1.908000
15.256000 4.465000 -7.338000 1.908000
16.524000 2.620000 -7.436000 1.908000
15.933000 4.357000 -6.143000 1.824000
16.719000 3.235000 -6.176000 1.908000
17.223000 1.439000 -7.729000 1.908000
17.585000 2.708000 -5.207000 1.908000
18.088000 0.914000 -6.763000 1.908000
18.259000 1.552000 -5.518000 1.908000
18.886000 1.146000 -4.855000 1.459000
13.035000 3.451000 -9.143000 1.387000
15.862000 4.993000 -5.377000 0.600000
17.112000 0.977000 -8.601000 1.459000
18.586000 0.081000 -6.964000 1.459000
17.696000 3.172000 -4.325000 1.459000
14.617000 5.198000 -7.564000 1.409000
13.733000 3.065000 -11.986000 0.600000
15.737000 3.703000 -10.178000 1.487000
15.182000 2.225000 -9.759000 1.487000
12.585000 5.814000 -9.598000 1.824000
12.420000 7.260000 -9.739000 1.908000
13.239000 8.008000 -8.689000 1.908000
13.415000 7.525000 -7.573000 1.661200
10.943000 7.628000 -9.589000 1.908000
10.021000 6.897000 -10.553000 1.908000
8.574000 6.958000 -10.080000 1.908000
7.666000 6.256000 -10.985000 1.824000
6.403000 5.956000 -10.695000 1.908000
5.893000 6.293000 -9.518000 1.824000
5.648000 5.317000 -11.582000 1.824000
10.288000 5.941000 -10.608000 1.487000
12.741000 7.536000 -10.652000 1.387000
8.020000 5.981000 -11.887000 0.600000
10.072000 7.323000 -11.450000 1.487000
4.709000 5.074000 -11.363000 0.600000
6.028000 5.079000 -12.480000 0.600000
11.891000 5.206000 -9.117000 0.600000
8.309000 7.918000 -10.025000 1.387000
8.527000 6.540000 -9.176000 1.387000
4.938000 6.043000 -9.302000 0.600000
6.441000 6.788000 -8.851000 0.600000
10.847000 8.605000 -9.752000 1.487000
10.659000 7.405000 -8.661000 1.487000
13.737000 9.186000 -9.054000 1.824000
14.524000 10.006000 -8.135000 1.908000
15.633000 9.220000 -7.452000 1.908000
15.789000 9.279000 -6.228000 1.661200
13.611000 10.631000 -7.076000 1.908000
12.734000 11.754000 -7.608000 1.908000
13.549000 12.938000 -8.094000 1.908000
12.194000 11.405000 -8.371000 1.487000
14.956000 10.746000 -8.675000 1.387000
12.128000 12.062000 -6.877000 1.487000
13.522000 9.467000 -10.030000 0.600000
14.180000 11.002000 -6.340000 1.487000
13.014000 9.918000 -6.706000 1.487000
12.727000 12.758000 -9.932000 0.600000
14.326000 13.521000 -7.338000 1.661200
13.377000 13.299000 -9.362000 1.824000
13.880000 14.093000 -9.753000 0.600000
16.404000 8.488000 -8.246000 1.824000
17.501000 7.698000 -7.708000 1.908000
18.481000 8.575000 -6.943000 1.908000
19.020000 8.164000 -5.912000 1.661200
18.265000 6.988000 -8.825000 1.908000
19.399000 6.150000 -8.323000 1.908000
19.177000 4.849000 -7.881000 1.908000
20.678000 6.685000 -8.218000 1.908000
20.216000 4.094000 -7.338000 1.908000
21.720000 5.938000 -7.675000 1.908000
21.485000 4.641000 -7.233000 1.908000
22.230000 4.102000 -6.840000 1.459000
17.103000 7.056000 -7.041000 1.387000
20.034000 3.156000 -7.025000 1.459000
22.643000 6.344000 -7.604000 1.459000
16.163000 8.528000 -9.252000 0.600000
20.853000 7.616000 -8.536000 1.459000
18.270000 4.448000 -7.952000 1.459000
18.634000 7.679000 -9.425000 1.487000
17.630000 6.398000 -9.297000 1.487000
18.724000 9.774000 -7.466000 1.824000
19.648000 10.708000 -6.834000 1.908000
19.303000 10.931000 -5.363000 1.908000
20.197000 11.085000 -4.529000 1.661200
19.665000 12.046000 -7.594000 1.908000
18.288000 12.635000 -7.894000 1.908000
17.744000 12.228000 -9.257000 1.908000
17.842000 11.041000 -9.619000 1.661200
17.202000 13.102000 -9.967000 1.661200
17.659000 12.306000 -7.214000 1.487000
20.591000 10.354000 -6.905000 1.387000
18.364000 13.616000 -7.887000 1.487000
18.210000 9.980000 -8.343000 0.600000
20.118000 11.893000 -8.457000 1.487000
20.152000 12.698000 -7.037000 1.487000
18.013000 10.942000 -5.037000 1.824000
17.598000 11.131000 -3.651000 1.908000
17.929000 9.899000 -2.813000 1.908000
18.389000 10.016000 -1.676000 1.661200
16.098000 11.437000 -3.569000 1.908000
15.727000 12.840000 -4.039000 1.908000
14.305000 13.224000 -3.677000 1.908000
16.353000 13.494000 -3.614000 1.487000
18.116000 11.906000 -3.274000 1.387000
15.827000 12.880000 -5.033000 1.487000
17.358000 10.810000 -5.822000 0.600000
15.802000 11.340000 -2.617000 1.487000
15.605000 10.779000 -4.138000 1.487000
13.904000 13.598000 -5.621000 0.600000
13.923000 13.201000 -2.506000 1.661200
13.514000 13.585000 -4.679000 1.824000
12.542000 13.843000 -4.513000 0.600000
17.700000 8.716000 -3.376000 1.824000
17.994000 7.478000 -2.664000 1.908000
19.485000 7.405000 -2.360000 1.908000
19.886000 6.937000 -1.295000 1.661200
17.583000 6.266000 -3.507000 1.908000
16.193000 6.282000 -3.764000 1.721000
17.308000 8.752000 -4.331000 0.600000
17.502000 7.494000 -1.792000 1.387000
17.813000 5.438000 -3.007000 1.387000
18.076000 6.296000 -4.370000 1.387000
15.699000 5.964000 -2.955000 0.600000
20.299000 7.874000 -3.301000 1.824000
21.749000 7.862000 -3.146000 1.908000
22.132000 8.700000 -1.928000 1.908000
22.989000 8.310000 -1.135000 1.661200
22.413000 8.437000 -4.402000 1.908000
23.930000 8.418000 -4.365000 1.908000
24.521000 9.014000 -5.636000 1.908000
24.128000 8.212000 -6.870000 1.908000
24.706000 8.782000 -8.122000 1.824000
22.055000 6.921000 -2.997000 1.387000
24.451000 7.267000 -6.760000 1.100000
23.126000 8.202000 -6.946000 1.100000
24.246000 8.953000 -3.582000 1.487000
24.245000 7.474000 -4.275000 1.487000
24.343000 8.285000 -8.909000 0.600000
24.457000 9.747000 -8.190000 0.600000
25.701000 8.692000 -8.097000 0.600000
25.513000 9.014000 -5.561000 1.487000
24.183000 9.944000 -5.742000 1.487000
19.817000 8.245000 -4.146000 0.600000
22.111000 9.383000 -4.506000 1.487000
22.109000 7.899000 -5.186000 1.487000
21.475000 9.850000 -1.783000 1.824000
21.733000 10.771000 -0.664000 1.908000
21.307000 10.205000 0.708000 1.908000
22.108000 10.167000 1.637000 1.661200
21.002000 12.086000 -0.883000 1.908000
21.710000 13.100000 -1.770000 1.908000
22.960000 13.675000 -1.137000 1.908000
21.964000 12.651000 -2.629000 1.487000
22.731000 10.939000 -0.625000 1.387000
21.076000 13.850000 -1.966000 1.487000
20.768000 10.043000 -2.522000 0.600000
20.841000 12.523000 0.015000 1.487000
20.100000 11.892000 -1.296000 1.487000
23.970000 13.383000 -2.863000 0.600000
22.959000 14.065000 0.031000 1.661200
24.035000 13.734000 -1.909000 1.824000
24.912000 14.122000 -1.557000 0.600000
20.028000 9.855000 0.847000 1.824000
19.525000 9.247000 2.058000 1.908000
20.295000 7.916000 2.250000 1.908000
20.259000 7.318000 3.331000 1.661200
18.005000 9.083000 1.912000 1.908000
17.421000 10.487000 1.665000 1.908000
15.939000 10.433000 1.430000 1.908000
17.772000 11.316000 2.877000 1.908000
18.768000 11.359000 2.984000 1.487000
17.414000 12.246000 2.769000 1.487000
17.372000 10.905000 3.699000 1.487000
19.436000 10.059000 0.013000 0.600000
15.477000 10.039000 2.230000 1.487000
15.581000 11.357000 1.272000 1.487000
15.738000 9.865000 0.627000 1.487000
19.730000 9.828000 2.833000 1.387000
17.882000 10.883000 0.865000 1.487000
17.654000 8.763000 2.742000 1.487000
17.831000 8.554000 1.132000 1.487000
21.028000 7.539000 1.195000 1.824000
21.860000 6.343000 1.007000 1.908000
21.284000 4.920000 0.658000 1.908000
20.116000 4.550000 0.913000 1.661200
22.876000 6.187000 2.112000 1.908000
22.170000 5.988000 3.341000 1.721000
23.753000 7.408000 2.160000 1.908000
22.568000 6.564000 0.253000 1.387000
23.204000 8.225000 2.367000 1.487000
24.457000 7.304000 2.872000 1.487000
20.952000 8.275000 0.389000 0.600000
23.443000 5.359000 1.940000 1.387000
24.210000 7.544000 1.274000 1.487000
21.354000 6.575000 3.376000 0.600000
24.908000 5.749000 -0.497000 1.824000
25.885000 4.852000 -1.104000 1.908000
25.366000 3.417000 -1.124000 1.908000
25.864000 2.569000 -1.870000 1.661200
27.199000 4.924000 -0.343000 1.908000
27.837000 6.301000 -0.328000 1.908000
25.997000 5.137000 -2.062000 1.387000
24.184000 6.623000 0.008000 0.600000
27.846000 4.281000 -0.763000 1.487000
27.033000 4.643000 0.607000 1.487000
27.289000 7.250000 -0.905000 1.661200
28.978000 6.418000 0.340000 1.824000
29.443000 7.300000 0.391000 0.600000
29.375000 5.618000 0.796000 0.600000
24.369000 3.149000 -0.290000 1.824000
23.794000 1.823000 -0.239000 1.908000
22.912000 1.610000 -1.451000 1.908000
22.733000 0.483000 -1.905000 1.661200
24.057000 3.942000 0.293000 0.600000
24.524000 1.136000 -0.233000 1.387000
23.246000 1.722000 0.595000 1.387000
22.367000 2.699000 -1.984000 1.824000
21.494000 2.608000 -3.151000 1.908000
22.258000 2.096000 -4.364000 1.908000
21.755000 1.255000 -5.114000 1.661200
20.878000 3.974000 -3.458000 1.908000
22.608000 3.587000 -1.515000 0.600000
20.746000 1.965000 -2.946000 1.387000
20.116000 4.140000 -2.835000 1.487000
21.570000 4.683000 -3.337000 1.487000
20.549000 3.984000 -4.401000 1.487000
23.474000 2.597000 -4.558000 1.824000
24.279000 2.180000 -5.697000 1.908000
24.634000 0.697000 -5.603000 1.908000
24.696000 0.008000 -6.619000 1.661200
25.556000 3.022000 -5.787000 1.908000
26.302000 2.915000 -7.116000 1.908000
25.480000 3.400000 -8.307000 1.908000
24.628000 4.296000 -8.132000 1.661200
25.700000 2.895000 -9.426000 1.661200
27.106000 3.478000 -7.063000 1.487000
23.773000 2.347000 -6.552000 1.387000
26.519000 1.969000 -7.273000 1.487000
23.785000 3.284000 -3.853000 0.600000
26.169000 2.716000 -5.078000 1.487000
25.301000 3.967000 -5.666000 1.487000
24.859000 0.200000 -4.388000 1.824000
25.200000 -1.211000 -4.226000 1.908000
24.008000 -2.084000 -4.614000 1.908000
24.178000 -3.164000 -5.175000 1.661200
25.620000 -1.509000 -2.783000 1.908000
24.517000 -1.462000 -1.895000 1.721000
24.775000 0.867000 -3.612000 0.600000
25.954000 -1.424000 -4.851000 1.387000
26.294000 -0.829000 -2.500000 1.387000
26.026000 -2.420000 -2.750000 1.387000
23.988000 -0.632000 -2.064000 0.600000
22.803000 -1.607000 -4.314000 1.824000
21.587000 -2.340000 -4.654000 1.908000
21.403000 -2.300000 -6.173000 1.908000
21.112000 -3.322000 -6.804000 1.661200
20.356000 -1.728000 -3.944000 1.908000
19.069000 -2.267000 -4.544000 1.908000
20.405000 -2.063000 -2.455000 1.908000
21.708000 -3.292000 -4.385000 1.387000
19.279000 -2.806000 -5.361000 1.487000
19.472000 -2.148000 -2.108000 1.487000
20.371000 -0.747000 -4.112000 1.487000
18.604000 -2.847000 -3.875000 1.487000
18.471000 -1.505000 -4.794000 1.487000
22.803000 -0.691000 -3.829000 0.600000
20.893000 -2.926000 -2.329000 1.487000
20.882000 -1.331000 -1.970000 1.487000
21.585000 -1.123000 -6.765000 1.824000
21.460000 -0.998000 -8.214000 1.908000
22.455000 -1.933000 -8.908000 1.908000
22.128000 -2.568000 -9.909000 1.661200
21.716000 0.448000 -8.652000 1.908000
21.744000 0.697000 -10.166000 1.908000
20.394000 0.334000 -10.776000 1.908000
22.074000 2.158000 -10.446000 1.908000
22.969000 2.378000 -10.060000 1.487000
22.091000 2.313000 -11.434000 1.487000
21.379000 2.743000 -10.029000 1.487000
21.812000 -0.341000 -6.136000 0.600000
19.679000 0.897000 -10.362000 1.487000
20.419000 0.498000 -11.762000 1.487000
20.200000 -0.632000 -10.604000 1.487000
20.534000 -1.270000 -8.483000 1.387000
22.455000 0.131000 -10.574000 1.487000
22.599000 0.726000 -8.290000 1.487000
20.992000 1.015000 -8.273000 1.487000
23.668000 -2.019000 -8.365000 1.824000
24.705000 -2.876000 -8.933000 1.908000
24.287000 -4.347000 -8.982000 1.908000
24.632000 -5.061000 -9.923000 1.661200
26.007000 -2.734000 -8.132000 1.908000
26.758000 -1.430000 -8.396000 1.908000
27.991000 -1.261000 -7.520000 1.908000
27.045000 -1.416000 -9.354000 1.487000
24.872000 -2.574000 -9.884000 1.387000
26.137000 -0.664000 -8.224000 1.487000
23.809000 -1.434000 -7.519000 0.600000
26.614000 -3.494000 -8.369000 1.487000
25.789000 -2.774000 -7.157000 1.487000
27.406000 -2.826000 -6.383000 0.600000
28.802000 -0.359000 -7.739000 1.661200
28.131000 -2.122000 -6.515000 1.824000
28.937000 -2.078000 -5.896000 0.600000
23.552000 -4.803000 -7.972000 1.824000
23.106000 -6.194000 -7.947000 1.908000
22.121000 -6.460000 -9.087000 1.908000
22.151000 -7.521000 -9.710000 1.661200
22.457000 -6.544000 -6.589000 1.908000
21.894000 -7.960000 -6.620000 1.908000
23.506000 -6.430000 -5.483000 1.908000
23.907000 -6.783000 -8.088000 1.387000
22.635000 -8.609000 -6.788000 1.487000
23.419000 -7.213000 -4.869000 1.487000
21.689000 -5.928000 -6.455000 1.487000
21.463000 -8.166000 -5.742000 1.487000
21.215000 -8.032000 -7.350000 1.487000
23.333000 -4.115000 -7.237000 0.600000
24.416000 -6.422000 -5.895000 1.487000
23.356000 -5.583000 -4.976000 1.487000
21.250000 -5.492000 -9.357000 1.824000
20.291000 -5.623000 -10.449000 1.908000
21.037000 -5.665000 -11.784000 1.908000
20.714000 -6.467000 -12.665000 1.661200
19.311000 -4.443000 -10.441000 1.908000
18.140000 -4.629000 -9.515000 1.908000
17.032000 -5.368000 -9.921000 1.908000
18.144000 -4.076000 -8.241000 1.908000
15.939000 -5.554000 -9.070000 1.908000
17.060000 -4.254000 -7.378000 1.908000
15.954000 -4.995000 -7.793000 1.908000
15.178000 -5.126000 -7.183000 1.459000
19.843000 -6.511000 -10.343000 1.387000
15.151000 -6.088000 -9.385000 1.459000
17.083000 -3.842000 -6.456000 1.459000
21.311000 -4.662000 -8.742000 0.600000
18.932000 -3.543000 -7.933000 1.459000
17.012000 -5.774000 -10.830000 1.459000
18.961000 -4.336000 -11.359000 1.487000
19.808000 -3.640000 -10.149000 1.487000
22.034000 -4.798000 -11.937000 1.824000
22.806000 -4.762000 -13.174000 1.908000
23.603000 -6.050000 -13.362000 1.908000
23.766000 -6.526000 -14.486000 1.661200
23.724000 -3.533000 -13.187000 1.908000
22.940000 -2.222000 -13.128000 1.908000
23.845000 -0.992000 -13.126000 1.908000
24.476000 -0.763000 -14.421000 1.824000
25.347000 0.210000 -14.665000 1.908000
25.698000 1.048000 -13.699000 1.824000
25.861000 0.354000 -15.879000 1.824000
22.391000 -2.203000 -12.292000 1.487000
22.172000 -4.661000 -13.951000 1.387000
24.236000 -1.381000 -15.178000 0.600000
22.337000 -2.162000 -13.923000 1.487000
26.500000 1.093000 -16.073000 0.600000
25.606000 -0.286000 -16.609000 0.600000
22.206000 -4.176000 -11.132000 0.600000
24.550000 -1.133000 -12.433000 1.387000
23.286000 -0.201000 -12.885000 1.387000
26.347000 1.795000 -13.902000 0.600000
25.329000 0.945000 -12.780000 0.600000
24.244000 -3.541000 -14.026000 1.487000
24.312000 -3.575000 -12.395000 1.487000
24.088000 -6.624000 -12.262000 1.824000
24.837000 -7.873000 -12.341000 1.908000
23.901000 -8.999000 -12.779000 1.908000
24.263000 -9.823000 -13.627000 1.661200
25.468000 -8.214000 -10.985000 1.908000
26.184000 -9.563000 -10.964000 1.908000
26.894000 -9.832000 -9.647000 1.908000
27.264000 -10.998000 -9.402000 1.661200
27.082000 -8.877000 -8.865000 1.661200
25.512000 -10.268000 -11.089000 1.487000
25.581000 -7.782000 -13.003000 1.387000
26.863000 -9.562000 -11.673000 1.487000
23.893000 -6.123000 -11.382000 0.600000
24.748000 -8.250000 -10.320000 1.487000
26.134000 -7.522000 -10.783000 1.487000
22.699000 -9.034000 -12.207000 1.824000
21.724000 -10.060000 -12.568000 1.908000
21.408000 -9.944000 -14.057000 1.908000
21.269000 -10.948000 -14.758000 1.661200
20.450000 -9.902000 -11.741000 1.908000
22.523000 -8.295000 -11.508000 0.600000
22.121000 -10.960000 -12.395000 1.387000
19.822000 -9.285000 -12.214000 1.487000
20.017000 -10.795000 -11.625000 1.487000
20.680000 -9.523000 -10.846000 1.487000
21.312000 -8.708000 -14.535000 1.824000
21.024000 -8.446000 -15.939000 1.908000
22.154000 -8.978000 -16.821000 1.908000
21.911000 -9.627000 -17.839000 1.661200
20.840000 -6.936000 -16.146000 1.908000
20.525000 -6.494000 -17.562000 1.908000
20.112000 -5.023000 -17.546000 1.908000
19.951000 -4.449000 -18.941000 1.908000
21.267000 -4.255000 -19.601000 1.824000
20.172000 -8.915000 -16.193000 1.387000
19.396000 -5.078000 -19.490000 1.100000
19.480000 -3.566000 -18.878000 1.100000
21.333000 -6.592000 -18.126000 1.487000
19.774000 -7.032000 -17.917000 1.487000
21.436000 -5.009000 -20.236000 0.600000
21.263000 -3.390000 -20.104000 0.600000
21.988000 -4.235000 -18.908000 0.600000
20.813000 -4.500000 -17.064000 1.487000
19.241000 -4.943000 -17.064000 1.487000
21.458000 -7.957000 -13.831000 0.600000
21.688000 -6.480000 -15.853000 1.487000
20.092000 -6.632000 -15.546000 1.487000
23.394000 -8.711000 -16.424000 1.824000
24.545000 -9.176000 -17.186000 1.908000
24.583000 -10.700000 -17.205000 1.908000
25.057000 -11.309000 -18.169000 1.661200
25.828000 -8.638000 -16.568000 1.908000
23.466000 -8.160000 -15.551000 0.600000
24.465000 -8.846000 -18.131000 1.387000
25.699000 -7.681000 -16.310000 1.487000
26.058000 -9.173000 -15.756000 1.487000
26.572000 -8.705000 -17.232000 1.487000
24.086000 -11.312000 -16.133000 1.824000
24.081000 -12.763000 -16.022000 1.908000
22.795000 -13.455000 -16.473000 1.908000
22.428000 -14.501000 -15.936000 1.661200
24.429000 -13.187000 -14.588000 1.908000
25.885000 -12.930000 -14.200000 1.908000
26.873000 -13.869000 -14.884000 1.908000
26.447000 -14.731000 -15.682000 1.661200
28.090000 -13.746000 -14.621000 1.661200
26.116000 -12.011000 -14.468000 1.487000
24.869000 -13.146000 -16.559000 1.387000
25.974000 -13.065000 -13.229000 1.487000
23.712000 -10.678000 -15.403000 0.600000
24.269000 -14.153000 -14.514000 1.487000
23.863000 -12.666000 -13.977000 1.487000
22.103000 -12.861000 -17.447000 1.824000
20.909000 -13.498000 -17.988000 1.908000
19.504000 -13.027000 -17.661000 1.908000
18.572000 -13.309000 -18.421000 1.661200
22.473000 -11.957000 -17.764000 0.600000
21.008000 -13.523000 -19.045000 1.387000
20.967000 -14.534000 -17.764000 1.387000
19.323000 -12.329000 -16.549000 1.824000
17.991000 -11.868000 -16.175000 1.908000
17.508000 -10.798000 -17.149000 1.908000
18.214000 -9.829000 -17.411000 1.661200
18.008000 -11.316000 -14.752000 1.908000
20.172000 -12.148000 -15.994000 0.600000
17.355000 -12.645000 -16.212000 1.387000
18.824000 -11.644000 -14.279000 1.487000
18.018000 -10.318000 -14.783000 1.487000
17.193000 -11.627000 -14.266000 1.487000
16.307000 -10.980000 -17.693000 1.824000
15.761000 -10.004000 -18.628000 1.908000
15.185000 -8.858000 -17.811000 1.908000
13.993000 -8.824000 -17.498000 1.661200
14.681000 -10.644000 -19.498000 1.908000
14.241000 -9.743000 -20.631000 1.908000
13.495000 -10.223000 -21.511000 1.661200
14.638000 -8.558000 -20.643000 1.661200
15.817000 -11.840000 -17.404000 0.600000
16.522000 -9.637000 -19.153000 1.387000
13.897000 -10.840000 -18.921000 1.487000
15.051000 -11.482000 -19.880000 1.487000
16.064000 -7.930000 -17.454000 1.824000
15.714000 -6.768000 -16.655000 1.908000
15.985000 -5.478000 -17.419000 1.908000
17.023000 -5.329000 -18.064000 1.661200
16.555000 -6.716000 -15.358000 1.908000
16.293000 -7.964000 -14.516000 1.908000
16.237000 -5.446000 -14.574000 1.908000
17.302000 -8.209000 -13.396000 1.908000
14.720000 -6.811000 -16.510000 1.387000
16.815000 -5.416000 -13.762000 1.487000
16.420000 -4.655000 -15.154000 1.487000
17.512000 -6.712000 -15.617000 1.487000
15.379000 -7.890000 -14.110000 1.487000
16.299000 -8.762000 -15.124000 1.487000
17.291000 -7.431000 -12.773000 1.487000
17.039000 -8.110000 -17.801000 0.600000
17.048000 -9.040000 -12.907000 1.487000
15.275000 -5.463000 -14.310000 1.487000
18.210000 -8.313000 -13.794000 1.487000
15.033000 -4.556000 -17.350000 1.824000
15.180000 -3.252000 -17.973000 1.908000
15.090000 -2.280000 -16.808000 1.908000
14.109000 -2.287000 -16.063000 1.661200
14.049000 -2.953000 -18.971000 1.908000
14.107000 -3.891000 -20.050000 1.721000
14.207000 -1.544000 -19.528000 1.908000
16.076000 -3.185000 -18.369000 1.387000
14.702000 -0.972000 -18.869000 1.487000
14.721000 -1.575000 -20.388000 1.487000
14.186000 -4.846000 -16.818000 0.600000
13.153000 -3.067000 -18.497000 1.387000
13.304000 -1.143000 -19.698000 1.487000
14.533000 -4.750000 -19.745000 0.600000
16.125000 -1.466000 -16.636000 1.824000
16.168000 -0.510000 -15.537000 1.908000
15.932000 0.908000 -16.036000 1.908000
16.595000 1.371000 -16.965000 1.661200
17.534000 -0.570000 -14.818000 1.908000
17.805000 -2.000000 -14.347000 1.908000
17.548000 0.395000 -13.638000 1.908000
19.250000 -2.281000 -13.941000 1.908000
15.395000 -0.736000 -14.935000 1.387000
18.444000 0.357000 -13.201000 1.487000
17.369000 1.317000 -13.974000 1.487000
18.234000 -0.322000 -15.474000 1.487000
17.211000 -2.196000 -13.564000 1.487000
17.559000 -2.629000 -15.089000 1.487000
19.499000 -1.675000 -13.190000 1.487000
16.883000 -1.568000 -17.337000 0.600000
19.326000 -3.232000 -13.651000 1.487000
16.840000 0.123000 -12.990000 1.487000
19.845000 -2.115000 -14.723000 1.487000
14.974000 1.585000 -15.417000 1.824000
14.646000 2.950000 -15.785000 1.908000
14.930000 3.883000 -14.616000 1.908000
14.273000 3.811000 -13.576000 1.661200
13.162000 3.082000 -16.172000 1.908000
12.850000 2.149000 -17.345000 1.908000
12.842000 4.533000 -16.536000 1.908000
13.616000 2.387000 -18.677000 1.908000
15.280000 3.208000 -16.517000 1.387000
11.873000 4.600000 -16.761000 1.487000
13.055000 5.113000 -15.754000 1.487000
12.616000 2.794000 -15.397000 1.487000
13.027000 1.196000 -17.058000 1.487000
11.861000 2.212000 -17.551000 1.487000
14.587000 2.288000 -18.499000 1.487000
14.489000 1.061000 -14.660000 0.600000
13.310000 1.711000 -19.336000 1.487000
13.397000 4.795000 -17.321000 1.487000
13.410000 3.304000 -18.994000 1.487000
15.929000 4.742000 -14.786000 1.824000
16.286000 5.714000 -13.759000 1.908000
15.604000 7.009000 -14.203000 1.908000
16.099000 7.715000 -15.081000 1.661200
17.809000 5.874000 -13.699000 1.908000
18.559000 4.576000 -13.361000 1.908000
20.059000 4.761000 -13.552000 1.908000
18.247000 4.163000 -11.929000 1.908000
17.263000 4.012000 -11.831000 1.487000
18.736000 3.318000 -11.710000 1.487000
18.536000 4.886000 -11.302000 1.487000
16.424000 4.662000 -15.696000 0.600000
20.385000 5.490000 -12.950000 1.487000
20.532000 3.908000 -13.328000 1.487000
20.247000 5.006000 -14.503000 1.487000
15.897000 5.435000 -12.902000 1.387000
18.234000 3.850000 -13.964000 1.487000
18.021000 6.529000 -12.995000 1.487000
18.121000 6.172000 -14.586000 1.487000
14.455000 7.301000 -13.598000 1.824000
13.665000 8.473000 -13.962000 1.908000
13.550000 9.551000 -12.890000 1.908000
14.300000 9.494000 -11.895000 1.661200
12.262000 8.023000 -14.370000 1.908000
11.631000 7.352000 -13.294000 1.721000
12.695000 10.447000 -13.073000 1.661200
14.174000 6.630000 -12.854000 0.600000
14.104000 8.900000 -14.785000 1.387000
12.336000 7.402000 -15.141000 1.387000
11.727000 8.822000 -14.613000 1.387000
10.767000 6.959000 -13.607000 0.600000
