0 2.321481654372e+01
1 1.369228059674e+00
2 0.000000000000e+00
3 1.476158368185e+01
4 0.000000000000e+00
5 3.000361402488e+00
6 3.888612830406e+00
7 1.141688079989e+01
8 0.000000000000e+00
9 0.000000000000e+00
10 9.735766032915e+00
11 1.342032006512e+01
12 0.000000000000e+00
13 0.000000000000e+00
14 0.000000000000e+00
15 1.160583980494e+01
16 1.153404534722e+01
17 4.169215967727e+00
18 1.378584916505e+00
19 0.000000000000e+00
20 0.000000000000e+00
21 0.000000000000e+00
22 0.000000000000e+00
23 6.994976888842e-01
24 0.000000000000e+00
25 4.634774240139e+00
26 4.609519480055e+00
27 3.488790676160e+00
28 0.000000000000e+00
29 0.000000000000e+00
30 9.482240159741e+00
31 8.454161820398e+00
32 6.488119210894e+00
33 0.000000000000e+00
34 1.233330708482e+01
35 3.837881916228e+00
36 1.046762927490e+01
37 0.000000000000e+00
38 0.000000000000e+00
39 0.000000000000e+00
40 0.000000000000e+00
41 0.000000000000e+00
42 1.705265897362e+00
43 0.000000000000e+00
44 0.000000000000e+00
45 0.000000000000e+00
46 0.000000000000e+00
47 1.297606915843e+01
48 1.323252373381e+01
49 0.000000000000e+00
50 0.000000000000e+00
51 0.000000000000e+00
52 0.000000000000e+00
53 0.000000000000e+00
54 0.000000000000e+00
55 4.302036841247e-01
56 1.063327426467e+01
57 3.565890778742e+00
58 0.000000000000e+00
59 9.638721194872e+00
60 1.311563699822e+01
61 0.000000000000e+00
62 8.742936421140e+00
63 8.585264361459e+00
64 0.000000000000e+00
65 3.550102136720e+00
66 0.000000000000e+00
67 0.000000000000e+00
68 0.000000000000e+00
69 2.064732877315e+00
70 9.870631751823e-01
71 0.000000000000e+00
72 4.724024691009e+00
73 0.000000000000e+00
74 4.312339082552e+00
75 0.000000000000e+00
76 0.000000000000e+00
77 0.000000000000e+00
78 0.000000000000e+00
79 6.022339850421e+00
80 0.000000000000e+00
81 1.222940858264e+01
82 0.000000000000e+00
83 4.785594036245e+00
84 8.544890789246e+00
85 3.008521275730e+00
86 0.000000000000e+00
87 7.987992623440e-01
88 1.582323492730e+00
89 1.383469992301e+00
90 6.074817503400e+00
91 1.240581400215e+01
92 2.009278802269e+01
93 0.000000000000e+00
94 0.000000000000e+00
95 9.573171229044e+00
96 9.521116482481e+00
97 3.414449101176e+00
98 3.073933275079e+00
99 0.000000000000e+00
100 4.300701866442e+00
101 0.000000000000e+00
102 8.949118750170e+00
103 2.618127319162e+00
104 0.000000000000e+00
105 0.000000000000e+00
106 0.000000000000e+00
107 0.000000000000e+00
108 0.000000000000e+00
109 0.000000000000e+00
110 0.000000000000e+00
111 0.000000000000e+00
112 0.000000000000e+00
113 0.000000000000e+00
114 0.000000000000e+00
115 0.000000000000e+00
116 0.000000000000e+00
117 0.000000000000e+00
118 0.000000000000e+00
119 0.000000000000e+00
120 0.000000000000e+00
121 0.000000000000e+00
122 0.000000000000e+00
123 0.000000000000e+00
124 0.000000000000e+00
125 0.000000000000e+00
126 0.000000000000e+00
127 0.000000000000e+00
128 0.000000000000e+00
129 0.000000000000e+00
130 0.000000000000e+00
131 0.000000000000e+00
132 0.000000000000e+00
133 0.000000000000e+00
134 1.667253638171e+00
135 4.258539390412e+00
136 1.902969957877e+01
137 2.041316821478e+01
138 0.000000000000e+00
139 0.000000000000e+00
140 5.466746293943e+00
141 5.421475768336e+00
142 0.000000000000e+00
143 8.618759424373e-01
144 0.000000000000e+00
145 0.000000000000e+00
146 0.000000000000e+00
147 0.000000000000e+00
148 0.000000000000e+00
149 0.000000000000e+00
150 0.000000000000e+00
151 1.986056340312e+00
152 0.000000000000e+00
153 1.864489247472e+01
154 5.678588432091e+00
155 0.000000000000e+00
156 1.372806459542e+01
157 0.000000000000e+00
158 9.753634662303e+00
159 0.000000000000e+00
160 0.000000000000e+00
161 4.539267391397e+00
162 0.000000000000e+00
163 0.000000000000e+00
164 0.000000000000e+00
165 0.000000000000e+00
166 0.000000000000e+00
167 0.000000000000e+00
168 0.000000000000e+00
169 0.000000000000e+00
170 0.000000000000e+00
171 0.000000000000e+00
172 0.000000000000e+00
173 0.000000000000e+00
174 0.000000000000e+00
175 0.000000000000e+00
176 0.000000000000e+00
177 0.000000000000e+00
178 0.000000000000e+00
179 0.000000000000e+00
180 0.000000000000e+00
181 0.000000000000e+00
182 0.000000000000e+00
183 0.000000000000e+00
184 1.716417560181e+00
185 1.102129733524e+01
186 0.000000000000e+00
187 0.000000000000e+00
188 2.100633270868e+00
189 5.131089247793e+00
190 2.745984807761e+00
191 0.000000000000e+00
192 0.000000000000e+00
193 1.098280345187e+01
194 3.701199881008e+00
195 0.000000000000e+00
196 1.055733567825e+01
197 1.852648967326e+01
198 0.000000000000e+00
199 0.000000000000e+00
200 0.000000000000e+00
201 0.000000000000e+00
202 1.648107483708e+01
203 0.000000000000e+00
204 1.747080943787e+01
205 3.371924198835e+00
206 7.391893891332e+00
207 6.526577248218e+00
208 6.278716804983e+00
209 0.000000000000e+00
210 0.000000000000e+00
211 1.159165686768e+01
212 0.000000000000e+00
213 0.000000000000e+00
214 0.000000000000e+00
215 1.708298459607e+00
216 1.124586443136e+01
217 0.000000000000e+00
218 0.000000000000e+00
219 7.119279163942e+00
220 0.000000000000e+00
221 8.665280107464e+00
222 0.000000000000e+00
223 3.778085892358e+00
224 2.372227521841e+01
225 5.400733664717e+00
226 1.096545788952e+01
227 1.079463258237e+01
228 0.000000000000e+00
229 0.000000000000e+00
230 1.076241602308e+01
231 2.564656662344e+00
232 0.000000000000e+00
233 0.000000000000e+00
234 0.000000000000e+00
235 0.000000000000e+00
236 0.000000000000e+00
237 1.238756987363e+01
238 5.661392845005e-01
239 1.620098013801e+00
240 0.000000000000e+00
241 9.863861868409e+00
242 4.751240064664e+00
243 1.566015032353e+01
244 0.000000000000e+00
245 1.011801695459e+01
246 0.000000000000e+00
247 7.633765639606e+00
248 0.000000000000e+00
249 5.183375079187e+00
250 8.684349344574e+00
251 0.000000000000e+00
252 0.000000000000e+00
253 0.000000000000e+00
254 0.000000000000e+00
255 1.347825006146e+00
256 0.000000000000e+00
257 8.089944364290e-01
258 1.003320975160e+01
259 2.854633342499e+01
260 7.949534680435e+00
261 1.220070240771e-01
262 0.000000000000e+00
263 0.000000000000e+00
264 0.000000000000e+00
265 0.000000000000e+00
266 0.000000000000e+00
267 0.000000000000e+00
268 1.018494012719e+01
269 1.239653931191e+01
270 0.000000000000e+00
271 6.665952248960e+00
272 9.278704517022e+00
273 5.189153352554e+00
274 0.000000000000e+00
275 0.000000000000e+00
276 9.605445894888e+00
277 0.000000000000e+00
278 0.000000000000e+00
279 0.000000000000e+00
280 0.000000000000e+00
281 0.000000000000e+00
282 0.000000000000e+00
283 0.000000000000e+00
284 0.000000000000e+00
285 0.000000000000e+00
286 0.000000000000e+00
287 8.528951426936e+00
288 0.000000000000e+00
289 2.988477857718e+00
290 0.000000000000e+00
291 8.366367758829e+00
292 0.000000000000e+00
293 0.000000000000e+00
294 0.000000000000e+00
295 4.935211443087e+00
296 0.000000000000e+00
297 0.000000000000e+00
298 0.000000000000e+00
299 0.000000000000e+00
300 0.000000000000e+00
301 0.000000000000e+00
302 0.000000000000e+00
303 0.000000000000e+00
304 8.247819145525e+00
305 0.000000000000e+00
306 6.307110654471e+00
307 0.000000000000e+00
308 2.925480831919e+00
309 5.879796823692e+00
310 1.979178577933e+00
311 3.888170490831e+00
312 1.913364373384e+01
313 2.217215348321e+01
314 0.000000000000e+00
315 8.249440874921e+00
316 1.127529019597e+01
317 1.062983795514e+01
318 2.097772454469e+00
319 0.000000000000e+00
320 0.000000000000e+00
321 0.000000000000e+00
322 0.000000000000e+00
323 0.000000000000e+00
324 3.850713380052e+00
325 0.000000000000e+00
326 1.249349449842e+01
327 0.000000000000e+00
328 6.689614542086e+00
329 0.000000000000e+00
330 0.000000000000e+00
331 0.000000000000e+00
332 0.000000000000e+00
333 0.000000000000e+00
334 1.573641556016e+00
335 1.409805894108e+01
336 6.954962802977e-01
337 0.000000000000e+00
338 0.000000000000e+00
339 0.000000000000e+00
340 0.000000000000e+00
341 0.000000000000e+00
342 0.000000000000e+00
343 0.000000000000e+00
344 0.000000000000e+00
345 0.000000000000e+00
346 0.000000000000e+00
347 0.000000000000e+00
348 0.000000000000e+00
349 0.000000000000e+00
350 2.185867330219e+00
351 3.204045322039e+00
352 0.000000000000e+00
353 0.000000000000e+00
354 0.000000000000e+00
355 0.000000000000e+00
356 0.000000000000e+00
357 0.000000000000e+00
358 0.000000000000e+00
359 2.292414818392e+00
360 0.000000000000e+00
361 6.696300377522e+00
362 7.342366267209e+00
363 1.180725133163e+01
364 0.000000000000e+00
365 0.000000000000e+00
366 0.000000000000e+00
367 0.000000000000e+00
368 0.000000000000e+00
369 0.000000000000e+00
370 0.000000000000e+00
371 0.000000000000e+00
372 0.000000000000e+00
373 0.000000000000e+00
374 0.000000000000e+00
375 0.000000000000e+00
376 1.257916441355e+00
377 4.701577063127e+00
378 4.654609550662e+00
379 0.000000000000e+00
380 8.898904449221e+00
381 1.175317454399e+01
382 0.000000000000e+00
383 1.426025340521e+00
384 3.055132880057e+00
385 0.000000000000e+00
386 0.000000000000e+00
387 0.000000000000e+00
388 0.000000000000e+00
389 0.000000000000e+00
390 0.000000000000e+00
391 0.000000000000e+00
392 0.000000000000e+00
393 5.033206295222e+00
394 1.576749996579e+01
395 0.000000000000e+00
396 1.365369049414e+00
397 0.000000000000e+00
398 0.000000000000e+00
399 0.000000000000e+00
400 0.000000000000e+00
401 0.000000000000e+00
402 0.000000000000e+00
403 3.538250970735e+00
404 0.000000000000e+00
405 0.000000000000e+00
406 0.000000000000e+00
407 8.622139338459e+00
408 5.635589258387e+00
409 1.138477052638e+00
410 0.000000000000e+00
411 5.648656383660e+00
412 4.483934606418e+00
413 2.355143210064e+01
414 0.000000000000e+00
415 3.766111387623e+00
416 5.419129008399e+00
417 1.097996176061e+01
418 0.000000000000e+00
419 0.000000000000e+00
420 0.000000000000e+00
421 0.000000000000e+00
422 0.000000000000e+00
423 0.000000000000e+00
424 1.783822331029e+00
425 5.448956904045e+00
426 5.242739236884e+00
427 2.118461865327e+01
428 1.047731932540e+01
429 8.637135297803e+00
430 7.351853679908e+00
431 0.000000000000e+00
432 8.274963464610e+00
433 0.000000000000e+00
434 0.000000000000e+00
435 0.000000000000e+00
436 0.000000000000e+00
437 0.000000000000e+00
438 0.000000000000e+00
439 0.000000000000e+00
440 0.000000000000e+00
441 0.000000000000e+00
442 0.000000000000e+00
443 0.000000000000e+00
444 0.000000000000e+00
445 0.000000000000e+00
446 1.978212013927e+00
447 1.221071292352e+01
448 3.706345665482e-01
449 0.000000000000e+00
450 3.619060321385e+00
451 7.855317645412e+00
452 0.000000000000e+00
453 0.000000000000e+00
454 0.000000000000e+00
455 1.175339993378e+01
456 4.661192016811e+00
457 0.000000000000e+00
458 1.503556507923e+01
459 1.928123244068e+01
460 0.000000000000e+00
461 2.300517084233e+00
462 2.416566733403e-01
463 0.000000000000e+00
464 1.782823908708e+01
465 4.953111793395e+00
466 0.000000000000e+00
467 8.841797476143e+00
468 9.671049088552e+00
469 6.519517850470e+00
470 1.212578188457e+01
471 0.000000000000e+00
472 0.000000000000e+00
473 2.953716678786e+00
474 1.158156654055e+01
475 0.000000000000e+00
476 0.000000000000e+00
477 2.348778080008e+00
478 3.646377051816e+00
479 8.778200629953e+00
480 1.176137054994e+01
481 1.143891599175e+01
482 0.000000000000e+00
483 5.652798203306e+00
484 1.106043656266e+01
485 0.000000000000e+00
486 4.427600214978e+00
487 3.376191855597e+00
488 2.054786347605e+00
489 0.000000000000e+00
490 1.651580984893e+00
491 3.237928518390e+00
492 1.966787728894e+00
493 8.172697567086e+00
494 0.000000000000e+00
495 9.925275093161e+00
496 6.242690808131e+00
497 0.000000000000e+00
498 0.000000000000e+00
499 0.000000000000e+00
500 8.713575305736e+00
501 0.000000000000e+00
502 0.000000000000e+00
503 0.000000000000e+00
504 0.000000000000e+00
505 7.596654640603e+00
506 0.000000000000e+00
507 2.553609099473e+00
508 0.000000000000e+00
509 4.736593426602e+00
510 0.000000000000e+00
511 0.000000000000e+00
512 0.000000000000e+00
513 0.000000000000e+00
514 0.000000000000e+00
515 0.000000000000e+00
516 4.316776328390e+00
517 0.000000000000e+00
518 0.000000000000e+00
519 0.000000000000e+00
520 0.000000000000e+00
521 0.000000000000e+00
522 0.000000000000e+00
523 0.000000000000e+00
524 0.000000000000e+00
525 0.000000000000e+00
526 0.000000000000e+00
527 3.777866278357e+00
528 6.250345192782e+00
529 5.343464795676e+00
530 3.173198639019e+00
531 0.000000000000e+00
532 8.872357545562e+00
533 0.000000000000e+00
534 0.000000000000e+00
535 9.210338891416e+00
536 1.146731759111e+01
537 5.617368991890e+00
538 0.000000000000e+00
539 0.000000000000e+00
540 4.518426281735e+00
541 0.000000000000e+00
542 0.000000000000e+00
543 2.875976541619e+00
544 3.512294118826e+00
545 8.911435357770e+00
546 0.000000000000e+00
547 0.000000000000e+00
548 0.000000000000e+00
549 0.000000000000e+00
550 1.361217220789e+01
551 3.679630848149e+00
552 1.046109884842e+01
553 0.000000000000e+00
554 0.000000000000e+00
555 4.561924256301e+00
556 1.034893419559e+01
557 0.000000000000e+00
558 0.000000000000e+00
559 0.000000000000e+00
560 0.000000000000e+00
561 1.550996496568e+01
562 0.000000000000e+00
563 4.602312484970e-01
564 0.000000000000e+00
565 1.185486645111e+01
566 2.744867986173e+01
567 7.208408895147e+00
568 2.317302987815e+00
569 3.050184858819e+00
570 1.175181872223e+01
571 3.659248377781e+00
572 0.000000000000e+00
573 0.000000000000e+00
574 0.000000000000e+00
575 8.767790198007e+00
576 0.000000000000e+00
577 0.000000000000e+00
578 4.385758177618e+00
579 0.000000000000e+00
580 0.000000000000e+00
581 0.000000000000e+00
582 0.000000000000e+00
583 1.322363934430e+01
584 0.000000000000e+00
585 5.736379937033e+00
586 3.782225882990e+00
587 0.000000000000e+00
588 0.000000000000e+00
589 0.000000000000e+00
590 0.000000000000e+00
591 8.004206090916e-01
592 0.000000000000e+00
593 2.444762086527e+00
594 0.000000000000e+00
595 6.965439086677e+00
596 3.460839437706e+00
597 0.000000000000e+00
598 1.225167730170e+01
599 0.000000000000e+00
600 0.000000000000e+00
601 0.000000000000e+00
602 0.000000000000e+00
603 0.000000000000e+00
604 0.000000000000e+00
605 0.000000000000e+00
606 0.000000000000e+00
607 0.000000000000e+00
608 0.000000000000e+00
609 0.000000000000e+00
610 0.000000000000e+00
611 0.000000000000e+00
612 0.000000000000e+00
613 0.000000000000e+00
614 0.000000000000e+00
615 0.000000000000e+00
616 0.000000000000e+00
617 0.000000000000e+00
618 0.000000000000e+00
619 0.000000000000e+00
620 0.000000000000e+00
621 0.000000000000e+00
622 0.000000000000e+00
623 7.148066470119e+00
624 0.000000000000e+00
625 0.000000000000e+00
626 0.000000000000e+00
627 1.241977097111e+01
628 3.342178367571e+00
629 7.991830641878e+00
630 0.000000000000e+00
631 0.000000000000e+00
632 0.000000000000e+00
633 1.677141764487e+01
634 1.076204525948e+00
635 5.592763281712e+00
636 1.808513184448e+01
637 1.747388427427e+01
638 0.000000000000e+00
639 6.295775718610e+00
640 1.236186930326e+01
641 1.311241658132e+00
642 0.000000000000e+00
643 0.000000000000e+00
644 0.000000000000e+00
645 1.423319246139e+01
646 0.000000000000e+00
647 2.872801152330e+00
648 0.000000000000e+00
649 6.673099921981e+00
650 1.451889849236e+00
651 0.000000000000e+00
652 2.403255850374e+00
653 1.214328015587e+01
654 2.124694921548e+00
655 0.000000000000e+00
656 0.000000000000e+00
657 0.000000000000e+00
658 0.000000000000e+00
659 0.000000000000e+00
660 0.000000000000e+00
661 0.000000000000e+00
662 0.000000000000e+00
663 0.000000000000e+00
664 6.020497842344e+00
665 0.000000000000e+00
666 4.362871299395e+00
667 0.000000000000e+00
668 0.000000000000e+00
669 0.000000000000e+00
670 2.337839055382e+00
671 1.259559169804e+01
672 1.485923049278e+00
673 2.053332624524e+00
674 2.709937895896e+00
675 1.277166679271e+01
676 3.135660220671e+00
677 2.503697822978e+00
678 9.938075605633e+00
679 6.009870563286e+00
680 1.263183593404e+01
681 9.421854859237e+00
682 9.973637146252e+00
683 2.273733391414e+00
684 5.801474572860e+00
685 1.284818937603e+01
686 0.000000000000e+00
687 1.139622871391e+01
688 9.851432163114e+00
689 0.000000000000e+00
690 0.000000000000e+00
691 9.777242919568e-01
692 3.806012622241e+00
693 0.000000000000e+00
694 0.000000000000e+00
695 0.000000000000e+00
696 1.098004586012e+01
697 2.099882964775e+01
698 0.000000000000e+00
699 2.844282610439e+00
700 4.033262995370e+00
701 3.601797586077e+00
702 4.456649926369e+00
703 0.000000000000e+00
704 0.000000000000e+00
705 0.000000000000e+00
706 2.967821043586e+00
707 0.000000000000e+00
708 0.000000000000e+00
709 0.000000000000e+00
710 0.000000000000e+00
711 0.000000000000e+00
712 0.000000000000e+00
713 0.000000000000e+00
714 0.000000000000e+00
715 0.000000000000e+00
716 8.277229377659e+00
717 0.000000000000e+00
718 0.000000000000e+00
719 0.000000000000e+00
720 0.000000000000e+00
721 0.000000000000e+00
722 0.000000000000e+00
723 0.000000000000e+00
724 0.000000000000e+00
725 0.000000000000e+00
726 0.000000000000e+00
727 0.000000000000e+00
728 0.000000000000e+00
729 0.000000000000e+00
730 0.000000000000e+00
731 0.000000000000e+00
732 0.000000000000e+00
733 0.000000000000e+00
734 0.000000000000e+00
735 0.000000000000e+00
736 0.000000000000e+00
737 0.000000000000e+00
738 0.000000000000e+00
739 0.000000000000e+00
740 0.000000000000e+00
741 0.000000000000e+00
742 0.000000000000e+00
743 0.000000000000e+00
744 5.113274944385e+00
745 0.000000000000e+00
746 0.000000000000e+00
747 0.000000000000e+00
748 0.000000000000e+00
749 1.287469576757e+00
750 0.000000000000e+00
751 2.341644681738e+00
752 0.000000000000e+00
753 2.103169506093e+00
754 7.446467882593e+00
755 0.000000000000e+00
756 0.000000000000e+00
757 0.000000000000e+00
758 0.000000000000e+00
759 0.000000000000e+00
760 3.693384030893e+00
761 1.196329046773e+01
762 0.000000000000e+00
763 0.000000000000e+00
764 6.756420342882e+00
765 1.115085348616e+01
766 3.989782993719e+00
767 2.873480275195e+00
768 0.000000000000e+00
769 0.000000000000e+00
770 1.395864950164e+01
771 0.000000000000e+00
772 1.131459896696e+00
773 5.144601560503e+00
774 4.028117231948e+00
775 0.000000000000e+00
776 1.242744050401e+01
777 1.710240588818e+00
778 1.111592357157e+01
779 1.042949831131e+01
780 9.734491189506e+00
781 0.000000000000e+00
782 0.000000000000e+00
783 7.924086339540e+00
784 3.041879428329e+00
785 5.729971386668e+00
786 0.000000000000e+00
787 0.000000000000e+00
788 0.000000000000e+00
789 5.343049476652e+00
790 0.000000000000e+00
791 0.000000000000e+00
792 6.083118662208e+00
793 0.000000000000e+00
794 0.000000000000e+00
795 0.000000000000e+00
796 0.000000000000e+00
797 0.000000000000e+00
798 0.000000000000e+00
799 0.000000000000e+00
800 0.000000000000e+00
801 0.000000000000e+00
802 0.000000000000e+00
803 4.095211058533e+00
804 0.000000000000e+00
805 0.000000000000e+00
806 6.713280784993e+00
807 0.000000000000e+00
808 1.968001022101e+00
809 1.241325890092e+01
810 5.303036810861e-01
811 1.925312493492e+01
812 0.000000000000e+00
813 7.649817602555e+00
814 8.223504509891e+00
815 0.000000000000e+00
816 0.000000000000e+00
817 0.000000000000e+00
818 0.000000000000e+00
819 0.000000000000e+00
820 8.254296412859e+00
821 0.000000000000e+00
822 0.000000000000e+00
823 0.000000000000e+00
824 0.000000000000e+00
825 7.312595132020e+00
826 0.000000000000e+00
827 0.000000000000e+00
828 1.333440094955e+01
829 0.000000000000e+00
830 0.000000000000e+00
831 0.000000000000e+00
832 0.000000000000e+00
833 0.000000000000e+00
834 1.513608869550e+01
835 0.000000000000e+00
836 0.000000000000e+00
837 0.000000000000e+00
838 5.207397254027e+00
839 0.000000000000e+00
840 1.159946989171e+01
841 4.093576165408e+00
842 0.000000000000e+00
843 7.383159083329e+00
844 0.000000000000e+00
845 8.958528324676e+00
846 0.000000000000e+00
847 0.000000000000e+00
848 0.000000000000e+00
849 0.000000000000e+00
850 0.000000000000e+00
851 0.000000000000e+00
852 0.000000000000e+00
853 5.802854449721e+00
854 0.000000000000e+00
855 0.000000000000e+00
856 0.000000000000e+00
857 3.204861943852e+00
858 1.414383506158e+01
859 0.000000000000e+00
860 0.000000000000e+00
861 5.424246536502e+00
862 1.705710633738e+01
863 7.771780047959e+00
864 0.000000000000e+00
865 3.582769714419e+00
866 0.000000000000e+00
867 0.000000000000e+00
868 4.176474055226e+00
869 0.000000000000e+00
870 2.695139903244e+00
871 3.639073281914e+00
872 9.861926657933e-01
873 1.694649859198e+01
874 0.000000000000e+00
875 4.971657191040e+00
876 8.703029364371e+00
877 0.000000000000e+00
878 0.000000000000e+00
879 0.000000000000e+00
880 1.828142246621e+01
881 0.000000000000e+00
882 2.177070213097e-01
883 0.000000000000e+00
884 8.681397856045e+00
885 9.139820027161e+00
886 8.112582699928e+00
887 3.700429046199e+00
888 0.000000000000e+00
889 1.026909987693e+01
890 3.236947311151e+00
891 0.000000000000e+00
892 0.000000000000e+00
893 0.000000000000e+00
894 4.283407542773e+00
895 0.000000000000e+00
896 0.000000000000e+00
897 7.569077260923e+00
898 0.000000000000e+00
899 0.000000000000e+00
900 0.000000000000e+00
901 1.448547232058e+00
902 7.627372619906e+00
903 0.000000000000e+00
904 0.000000000000e+00
905 0.000000000000e+00
906 0.000000000000e+00
907 0.000000000000e+00
908 0.000000000000e+00
909 0.000000000000e+00
910 0.000000000000e+00
911 0.000000000000e+00
912 0.000000000000e+00
913 0.000000000000e+00
914 0.000000000000e+00
915 0.000000000000e+00
916 0.000000000000e+00
917 0.000000000000e+00
918 2.052942804352e+00
919 0.000000000000e+00
920 0.000000000000e+00
921 0.000000000000e+00
922 2.573700584552e+00
923 0.000000000000e+00
924 0.000000000000e+00
925 0.000000000000e+00
926 8.827779542968e+00
927 8.056630585444e+00
928 0.000000000000e+00
929 5.623004889713e+00
930 1.117681790413e+01
931 8.437940327740e+00
932 8.994392491727e+00
933 3.320972293931e+00
934 3.845073911879e+00
935 1.497521350423e+01
936 0.000000000000e+00
937 7.145478727270e+00
938 1.031050998273e+01
939 7.164825286518e+00
940 3.629628896335e-01
941 3.016948686575e+00
942 7.057361422474e+00
943 0.000000000000e+00
944 0.000000000000e+00
945 0.000000000000e+00
946 1.342521623608e+01
947 2.808975470119e+01
948 6.863916881530e+00
949 4.293492218125e+00
950 2.195800310191e+00
951 0.000000000000e+00
952 1.136250339298e+01
953 0.000000000000e+00
954 0.000000000000e+00
955 0.000000000000e+00
956 6.491665833851e+00
957 9.114060085771e+00
958 0.000000000000e+00
959 0.000000000000e+00
960 4.384961377327e+00
961 6.945077103716e+00
962 3.100107806687e-01
963 0.000000000000e+00
964 1.425341043999e+01
965 4.210601466071e+00
966 2.263725236888e+01
967 0.000000000000e+00
968 8.272974432522e+00
969 8.049831333569e+00
970 9.536757808949e+00
971 0.000000000000e+00
972 1.088526908115e+01
973 4.237673471214e+00
974 6.458803880648e+00
975 1.450964015545e+01
976 0.000000000000e+00
977 8.755649320543e+00
978 8.590149891313e+00
979 1.743394574855e+00
980 0.000000000000e+00
981 0.000000000000e+00
982 1.673567953476e+01
983 0.000000000000e+00
984 0.000000000000e+00
985 0.000000000000e+00
986 0.000000000000e+00
987 0.000000000000e+00
988 5.547168807867e+00
989 1.079160986721e+01
990 0.000000000000e+00
991 3.859803491290e+00
992 0.000000000000e+00
993 0.000000000000e+00
994 0.000000000000e+00
995 0.000000000000e+00
996 0.000000000000e+00
997 0.000000000000e+00
998 0.000000000000e+00
999 0.000000000000e+00
1000 0.000000000000e+00
1001 0.000000000000e+00
1002 5.614853412800e+00
1003 0.000000000000e+00
1004 0.000000000000e+00
1005 2.537301568186e+00
1006 2.257028144246e+00
1007 1.595550701836e+00
1008 1.681369593804e+01
1009 5.745541282488e+00
1010 6.108637656962e+00
1011 1.016503914070e+01
1012 1.305948597011e+01
1013 0.000000000000e+00
1014 2.734595633845e+00
1015 6.179698156436e+00
1016 0.000000000000e+00
1017 3.356276816779e+00
1018 0.000000000000e+00
1019 0.000000000000e+00
1020 0.000000000000e+00
1021 0.000000000000e+00
1022 0.000000000000e+00
1023 0.000000000000e+00
1024 0.000000000000e+00
1025 7.042858471879e+00
1026 0.000000000000e+00
1027 0.000000000000e+00
1028 0.000000000000e+00
1029 0.000000000000e+00
1030 0.000000000000e+00
1031 0.000000000000e+00
1032 2.312287546237e+00
1033 0.000000000000e+00
1034 0.000000000000e+00
1035 0.000000000000e+00
1036 0.000000000000e+00
1037 9.440056465694e+00
1038 0.000000000000e+00
1039 0.000000000000e+00
1040 0.000000000000e+00
1041 0.000000000000e+00
1042 0.000000000000e+00
1043 0.000000000000e+00
1044 0.000000000000e+00
1045 0.000000000000e+00
1046 0.000000000000e+00
1047 4.311467739860e+00
1048 1.017731558970e+01
1049 3.130739294254e+00
1050 2.073724536081e+01
1051 2.571199922811e+01
1052 6.710743340737e+00
1053 0.000000000000e+00
1054 0.000000000000e+00
1055 0.000000000000e+00
1056 0.000000000000e+00
1057 0.000000000000e+00
1058 0.000000000000e+00
1059 2.349516142062e+00
1060 4.769628374910e+00
1061 0.000000000000e+00
1062 0.000000000000e+00
1063 0.000000000000e+00
1064 8.249762049882e-01
1065 0.000000000000e+00
1066 0.000000000000e+00
1067 0.000000000000e+00
1068 0.000000000000e+00
1069 0.000000000000e+00
1070 0.000000000000e+00
1071 1.435121757799e+00
1072 4.107714955841e+00
1073 1.682739134466e+01
1074 0.000000000000e+00
1075 0.000000000000e+00
1076 0.000000000000e+00
1077 0.000000000000e+00
1078 0.000000000000e+00
1079 0.000000000000e+00
1080 0.000000000000e+00
1081 0.000000000000e+00
1082 0.000000000000e+00
1083 0.000000000000e+00
1084 0.000000000000e+00
1085 0.000000000000e+00
1086 0.000000000000e+00
1087 0.000000000000e+00
1088 0.000000000000e+00
1089 0.000000000000e+00
1090 0.000000000000e+00
1091 0.000000000000e+00
1092 0.000000000000e+00
1093 0.000000000000e+00
1094 0.000000000000e+00
1095 0.000000000000e+00
1096 0.000000000000e+00
1097 0.000000000000e+00
1098 0.000000000000e+00
1099 0.000000000000e+00
1100 0.000000000000e+00
1101 0.000000000000e+00
1102 0.000000000000e+00
1103 0.000000000000e+00
1104 0.000000000000e+00
1105 0.000000000000e+00
1106 0.000000000000e+00
1107 0.000000000000e+00
1108 0.000000000000e+00
1109 0.000000000000e+00
1110 0.000000000000e+00
1111 0.000000000000e+00
1112 0.000000000000e+00
1113 0.000000000000e+00
1114 0.000000000000e+00
1115 0.000000000000e+00
1116 0.000000000000e+00
1117 0.000000000000e+00
1118 0.000000000000e+00
1119 0.000000000000e+00
1120 0.000000000000e+00
1121 0.000000000000e+00
1122 0.000000000000e+00
1123 0.000000000000e+00
1124 1.226163064420e+01
1125 0.000000000000e+00
1126 3.728600647403e+00
1127 4.348488803733e+00
1128 0.000000000000e+00
1129 1.106471140323e+01
1130 1.347785371369e+00
1131 1.339616921876e+01
1132 1.450897756135e+01
1133 0.000000000000e+00
1134 0.000000000000e+00
1135 0.000000000000e+00
1136 0.000000000000e+00
1137 0.000000000000e+00
1138 7.072287024067e+00
1139 0.000000000000e+00
1140 0.000000000000e+00
1141 1.855769403093e+00
1142 0.000000000000e+00
1143 0.000000000000e+00
1144 0.000000000000e+00
1145 0.000000000000e+00
1146 0.000000000000e+00
1147 4.149546520100e+00
1148 0.000000000000e+00
1149 0.000000000000e+00
1150 0.000000000000e+00
1151 2.697053536679e+00
1152 4.958237756052e+00
1153 0.000000000000e+00
1154 0.000000000000e+00
1155 0.000000000000e+00
1156 2.813807412589e+00
1157 9.506604521280e-01
1158 1.505009979570e+00
1159 1.342247977463e+01
1160 1.653818536526e+00
1161 1.512530018917e+01
1162 4.238224820294e+00
1163 7.380158721409e+00
1164 5.700839268138e+00
1165 1.143181662953e+01
1166 0.000000000000e+00
1167 1.007781817684e+01
1168 1.104493600850e+01
1169 0.000000000000e+00
1170 0.000000000000e+00
1171 0.000000000000e+00
1172 7.080486546886e-01
1173 1.598745605140e+01
1174 2.352479744390e+00
1175 2.021389289571e+01
1176 0.000000000000e+00
1177 0.000000000000e+00
1178 6.247751398800e+00
1179 5.502174524146e+00
1180 0.000000000000e+00
1181 5.519158545432e+00
1182 3.939911113307e+00
1183 0.000000000000e+00
1184 5.388500212898e+00
1185 0.000000000000e+00
1186 7.815062931450e+00
1187 7.890401236337e+00
1188 4.572130204838e+00
1189 0.000000000000e+00
1190 0.000000000000e+00
1191 1.310855151954e+01
1192 1.289384582313e+00
1193 2.452832359745e+00
1194 4.244223091396e+00
1195 6.287791105459e+00
1196 2.393638186363e+00
1197 9.729531587226e+00
1198 6.800574821271e+00
1199 9.926577176836e+00
1200 4.671176557941e+00
1201 0.000000000000e+00
1202 1.072278221495e+01
1203 0.000000000000e+00
1204 9.464161597949e+00
1205 3.455775057008e+00
1206 7.078020697971e+00
1207 9.694710426127e+00
1208 4.102953970328e+00
1209 0.000000000000e+00
1210 0.000000000000e+00
1211 7.517415534419e+00
1212 0.000000000000e+00
1213 0.000000000000e+00
1214 0.000000000000e+00
1215 0.000000000000e+00
1216 0.000000000000e+00
1217 1.508597985452e+01
1218 6.991170367231e+00
1219 8.368688616368e+00
1220 0.000000000000e+00
1221 0.000000000000e+00
1222 0.000000000000e+00
1223 0.000000000000e+00
1224 0.000000000000e+00
1225 0.000000000000e+00
1226 7.725122559720e+00
1227 0.000000000000e+00
1228 0.000000000000e+00
1229 0.000000000000e+00
1230 0.000000000000e+00
1231 4.449407264369e+00
1232 0.000000000000e+00
1233 0.000000000000e+00
1234 0.000000000000e+00
1235 0.000000000000e+00
1236 1.280515392966e+00
1237 0.000000000000e+00
1238 6.336385279550e+00
1239 0.000000000000e+00
1240 1.238625715517e+01
1241 1.093990859361e+01
1242 0.000000000000e+00
1243 1.010366709252e+01
1244 0.000000000000e+00
1245 0.000000000000e+00
1246 3.383558385254e+00
1247 0.000000000000e+00
1248 0.000000000000e+00
1249 0.000000000000e+00
1250 0.000000000000e+00
1251 1.738207945509e+01
1252 0.000000000000e+00
1253 0.000000000000e+00
1254 0.000000000000e+00
1255 0.000000000000e+00
1256 0.000000000000e+00
1257 0.000000000000e+00
1258 0.000000000000e+00
1259 0.000000000000e+00
1260 0.000000000000e+00
1261 0.000000000000e+00
1262 1.342851586863e+00
1263 8.116136700536e+00
1264 1.229649023309e+01
1265 0.000000000000e+00
1266 0.000000000000e+00
1267 0.000000000000e+00
1268 0.000000000000e+00
1269 0.000000000000e+00
1270 0.000000000000e+00
1271 0.000000000000e+00
1272 0.000000000000e+00
1273 0.000000000000e+00
1274 0.000000000000e+00
1275 0.000000000000e+00
1276 0.000000000000e+00
1277 0.000000000000e+00
1278 0.000000000000e+00
1279 8.349103991519e+00
1280 0.000000000000e+00
1281 0.000000000000e+00
1282 0.000000000000e+00
1283 0.000000000000e+00
1284 0.000000000000e+00
1285 0.000000000000e+00
1286 0.000000000000e+00
1287 0.000000000000e+00
1288 0.000000000000e+00
1289 0.000000000000e+00
1290 0.000000000000e+00
1291 0.000000000000e+00
1292 0.000000000000e+00
1293 0.000000000000e+00
1294 0.000000000000e+00
1295 0.000000000000e+00
1296 0.000000000000e+00
1297 0.000000000000e+00
1298 0.000000000000e+00
1299 0.000000000000e+00
1300 0.000000000000e+00
1301 0.000000000000e+00
1302 0.000000000000e+00
1303 0.000000000000e+00
1304 0.000000000000e+00
1305 0.000000000000e+00
1306 0.000000000000e+00
1307 0.000000000000e+00
1308 0.000000000000e+00
1309 0.000000000000e+00
1310 0.000000000000e+00
1311 0.000000000000e+00
1312 0.000000000000e+00
1313 0.000000000000e+00
1314 0.000000000000e+00
1315 0.000000000000e+00
1316 0.000000000000e+00
1317 0.000000000000e+00
1318 0.000000000000e+00
1319 0.000000000000e+00
1320 0.000000000000e+00
1321 0.000000000000e+00
1322 0.000000000000e+00
1323 0.000000000000e+00
1324 0.000000000000e+00
1325 0.000000000000e+00
1326 0.000000000000e+00
1327 0.000000000000e+00
1328 0.000000000000e+00
1329 0.000000000000e+00
1330 0.000000000000e+00
1331 0.000000000000e+00
1332 0.000000000000e+00
1333 0.000000000000e+00
1334 5.136427291003e+00
1335 0.000000000000e+00
1336 0.000000000000e+00
1337 0.000000000000e+00
1338 2.065080466501e+00
1339 0.000000000000e+00
1340 0.000000000000e+00
1341 0.000000000000e+00
1342 6.608023898119e+00
1343 0.000000000000e+00
1344 0.000000000000e+00
1345 9.538888323748e+00
1346 0.000000000000e+00
1347 5.318305546432e+00
1348 0.000000000000e+00
1349 0.000000000000e+00
1350 0.000000000000e+00
1351 0.000000000000e+00
1352 0.000000000000e+00
1353 0.000000000000e+00
1354 3.264688374344e+00
1355 0.000000000000e+00
1356 0.000000000000e+00
1357 0.000000000000e+00
1358 0.000000000000e+00
1359 0.000000000000e+00
1360 0.000000000000e+00
1361 0.000000000000e+00
1362 0.000000000000e+00
1363 3.282810577849e+00
1364 5.960842565765e-01
1365 1.061457542929e+00
1366 1.348288416174e+01
1367 5.970778000405e+00
1368 6.071749531286e+00
1369 0.000000000000e+00
1370 9.856164710101e+00
1371 5.115998585528e+00
1372 9.531012627496e+00
1373 0.000000000000e+00
1374 0.000000000000e+00
1375 0.000000000000e+00
1376 0.000000000000e+00
1377 1.455876693863e+01
1378 1.467489201873e+00
1379 2.141863322234e+00
1380 0.000000000000e+00
1381 1.257453187823e+01
1382 0.000000000000e+00
1383 6.389553036866e+00
1384 1.272783662579e+01
1385 8.833527869035e+00
1386 0.000000000000e+00
1387 0.000000000000e+00
1388 0.000000000000e+00
1389 1.102504693664e+01
1390 1.430063143629e+00
1391 0.000000000000e+00
1392 2.252990197763e+00
1393 0.000000000000e+00
1394 9.645494271580e+00
1395 0.000000000000e+00
1396 0.000000000000e+00
1397 3.974676230604e+00
1398 0.000000000000e+00
1399 5.607556150574e+00
1400 5.427265014836e+00
1401 0.000000000000e+00
1402 0.000000000000e+00
1403 0.000000000000e+00
1404 0.000000000000e+00
1405 9.325459186843e+00
1406 1.056270229629e+01
1407 0.000000000000e+00
1408 4.289557655041e+00
1409 8.164443714704e+00
1410 0.000000000000e+00
1411 0.000000000000e+00
1412 0.000000000000e+00
1413 0.000000000000e+00
1414 0.000000000000e+00
1415 0.000000000000e+00
1416 0.000000000000e+00
1417 4.387450365769e+00
1418 8.455633775597e+00
1419 1.256662228400e+01
1420 3.224096166169e+00
1421 0.000000000000e+00
1422 4.311344352387e+00
1423 6.141831849248e+00
1424 0.000000000000e+00
1425 0.000000000000e+00
1426 0.000000000000e+00
1427 0.000000000000e+00
1428 0.000000000000e+00
1429 0.000000000000e+00
1430 0.000000000000e+00
1431 0.000000000000e+00
1432 0.000000000000e+00
1433 0.000000000000e+00
1434 0.000000000000e+00
1435 0.000000000000e+00
1436 0.000000000000e+00
1437 0.000000000000e+00
1438 0.000000000000e+00
1439 0.000000000000e+00
1440 0.000000000000e+00
1441 0.000000000000e+00
1442 0.000000000000e+00
1443 0.000000000000e+00
1444 0.000000000000e+00
1445 0.000000000000e+00
1446 0.000000000000e+00
1447 0.000000000000e+00
1448 0.000000000000e+00
1449 0.000000000000e+00
1450 0.000000000000e+00
1451 0.000000000000e+00
1452 0.000000000000e+00
1453 0.000000000000e+00
1454 0.000000000000e+00
1455 0.000000000000e+00
1456 0.000000000000e+00
1457 0.000000000000e+00
1458 0.000000000000e+00
1459 1.381381164492e+01
1460 0.000000000000e+00
1461 0.000000000000e+00
1462 1.355009427373e+01
1463 0.000000000000e+00
1464 0.000000000000e+00
1465 0.000000000000e+00
1466 0.000000000000e+00
1467 0.000000000000e+00
1468 0.000000000000e+00
1469 0.000000000000e+00
1470 0.000000000000e+00
1471 2.418647877275e+00
1472 5.091709314741e+00
1473 2.319868835142e+00
1474 0.000000000000e+00
1475 0.000000000000e+00
1476 6.406729813071e+00
1477 0.000000000000e+00
1478 3.088197457246e+00
1479 0.000000000000e+00
1480 0.000000000000e+00
1481 0.000000000000e+00
1482 0.000000000000e+00
1483 0.000000000000e+00
1484 0.000000000000e+00
1485 0.000000000000e+00
1486 6.101662619154e+00
1487 0.000000000000e+00
1488 0.000000000000e+00
1489 0.000000000000e+00
1490 0.000000000000e+00
1491 0.000000000000e+00
1492 0.000000000000e+00
1493 4.970861623551e+00
1494 0.000000000000e+00
1495 0.000000000000e+00
1496 1.017661056893e+01
1497 5.456849048525e-01
1498 1.926074247325e+01
1499 1.898867303309e+00
1500 0.000000000000e+00
1501 0.000000000000e+00
1502 1.459769027176e+01
1503 0.000000000000e+00
1504 6.720652573609e+00
1505 6.771076432635e+00
1506 0.000000000000e+00
1507 0.000000000000e+00
1508 0.000000000000e+00
1509 2.176214516725e+00
1510 0.000000000000e+00
1511 2.596000232367e+00
1512 0.000000000000e+00
1513 0.000000000000e+00
1514 1.239614798787e+01
1515 0.000000000000e+00
1516 7.812004850277e+00
1517 1.079462386632e+01
1518 4.060027032558e+00
1519 0.000000000000e+00
1520 0.000000000000e+00
1521 0.000000000000e+00
1522 0.000000000000e+00
1523 0.000000000000e+00
1524 0.000000000000e+00
1525 0.000000000000e+00
1526 0.000000000000e+00
1527 0.000000000000e+00
1528 0.000000000000e+00
1529 0.000000000000e+00
1530 0.000000000000e+00
1531 2.542358211948e+00
1532 4.550469256447e+00
1533 0.000000000000e+00
1534 6.940056983727e+00
1535 0.000000000000e+00
1536 0.000000000000e+00
1537 0.000000000000e+00
1538 0.000000000000e+00
1539 0.000000000000e+00
1540 0.000000000000e+00
1541 0.000000000000e+00
1542 0.000000000000e+00
1543 0.000000000000e+00
1544 0.000000000000e+00
1545 0.000000000000e+00
1546 0.000000000000e+00
1547 3.668227239475e+00
1548 0.000000000000e+00
1549 0.000000000000e+00
1550 0.000000000000e+00
1551 0.000000000000e+00
1552 0.000000000000e+00
1553 0.000000000000e+00
1554 0.000000000000e+00
1555 0.000000000000e+00
1556 0.000000000000e+00
1557 0.000000000000e+00
1558 0.000000000000e+00
1559 0.000000000000e+00
1560 7.053869700005e+00
1561 0.000000000000e+00
1562 0.000000000000e+00
1563 3.272679331068e+00
1564 2.882048254289e+00
1565 2.288743708942e+00
1566 0.000000000000e+00
1567 0.000000000000e+00
1568 1.117786631666e+01
1569 0.000000000000e+00
1570 0.000000000000e+00
1571 1.930075020236e+01
1572 1.837517387254e+01
1573 0.000000000000e+00
1574 0.000000000000e+00
1575 0.000000000000e+00
1576 2.411847885343e+00
1577 2.123534925616e+00
1578 1.009064145017e+00
1579 1.433847059763e+01
1580 4.022377064515e+00
1581 4.893312556817e+00
1582 4.678964862879e+00
1583 1.154585694460e+01
1584 0.000000000000e+00
1585 8.985663873330e+00
1586 1.230449235982e+01
1587 0.000000000000e+00
1588 5.590236075976e+00
1589 0.000000000000e+00
1590 0.000000000000e+00
1591 1.671327844391e+01
1592 0.000000000000e+00
1593 0.000000000000e+00
1594 0.000000000000e+00
1595 0.000000000000e+00
1596 0.000000000000e+00
1597 0.000000000000e+00
1598 0.000000000000e+00
1599 0.000000000000e+00
1600 2.255972515945e+00
1601 0.000000000000e+00
1602 0.000000000000e+00
1603 0.000000000000e+00
1604 0.000000000000e+00
1605 0.000000000000e+00
1606 0.000000000000e+00
1607 8.634565065843e+00
1608 0.000000000000e+00
1609 0.000000000000e+00
1610 0.000000000000e+00
1611 0.000000000000e+00
1612 5.045181338464e-02
1613 2.204343593698e+01
1614 3.497801865430e+00
1615 6.082408054526e+00
1616 1.320884650098e+01
1617 1.672959806015e+00
1618 0.000000000000e+00
1619 6.407676546425e+00
1620 1.196789105218e+01
1621 0.000000000000e+00
1622 4.754163353703e+00
1623 0.000000000000e+00
1624 0.000000000000e+00
1625 1.310301255889e+01
1626 7.126336714494e-01
1627 0.000000000000e+00
1628 1.211511373420e+00
1629 1.256041564733e+01
1630 1.214340028125e+01
1631 0.000000000000e+00
1632 3.168728242964e+00
1633 6.606870378615e-05
1634 5.043013429695e+00
1635 0.000000000000e+00
1636 0.000000000000e+00
1637 0.000000000000e+00
1638 0.000000000000e+00
1639 1.140203055219e+01
1640 6.986129494689e+00
1641 0.000000000000e+00
1642 7.895747782682e+00
1643 3.772146704166e+00
1644 0.000000000000e+00
1645 0.000000000000e+00
1646 4.957187711364e+00
1647 9.111028593255e+00
1648 0.000000000000e+00
1649 0.000000000000e+00
1650 3.747465390088e+00
1651 0.000000000000e+00
1652 5.759127326433e+00
1653 7.088679341274e+00
1654 9.076371761229e+00
1655 7.780695940981e+00
1656 0.000000000000e+00
1657 0.000000000000e+00
1658 0.000000000000e+00
1659 0.000000000000e+00
1660 0.000000000000e+00
1661 0.000000000000e+00
1662 0.000000000000e+00
1663 0.000000000000e+00
1664 0.000000000000e+00
1665 4.445004079227e+00
1666 8.765065329725e+00
1667 0.000000000000e+00
1668 0.000000000000e+00
1669 3.418124349147e+00
1670 6.432686774415e+00
1671 3.331300353318e+00
1672 6.417783879262e+00
1673 1.193515510968e+01
1674 1.432761970611e+01
1675 5.916530810238e+00
1676 0.000000000000e+00
1677 0.000000000000e+00
1678 0.000000000000e+00
1679 0.000000000000e+00
1680 0.000000000000e+00
1681 0.000000000000e+00
1682 4.683859072725e+00
1683 3.416512226204e+00
1684 0.000000000000e+00
1685 0.000000000000e+00
1686 0.000000000000e+00
1687 0.000000000000e+00
1688 2.544147339890e+01
1689 0.000000000000e+00
1690 2.048973151468e+00
1691 1.305290416940e+01
1692 6.923196508961e-01
1693 2.274022707589e+00
1694 0.000000000000e+00
1695 6.941501536667e+00
1696 6.702417904744e+00
1697 9.336968997187e+00
1698 6.842864010474e+00
1699 0.000000000000e+00
1700 0.000000000000e+00
1701 9.036343369328e+00
1702 5.910914000626e+00
1703 0.000000000000e+00
1704 0.000000000000e+00
1705 1.072137562011e+01
1706 9.745039110227e+00
1707 4.852840661629e+00
1708 2.959470728045e-01
1709 0.000000000000e+00
1710 0.000000000000e+00
1711 0.000000000000e+00
1712 0.000000000000e+00
1713 9.589559796654e-01
1714 3.048035959626e+00
1715 2.811055943897e+01
1716 6.880695523542e+00
1717 5.430509894365e+00
1718 0.000000000000e+00
1719 8.053537449192e+00
1720 0.000000000000e+00
1721 0.000000000000e+00
1722 0.000000000000e+00
1723 0.000000000000e+00
1724 1.118422229471e+01
1725 7.516606995515e+00
1726 0.000000000000e+00
1727 0.000000000000e+00
1728 1.159855072581e+01
1729 4.401100311974e+00
1730 0.000000000000e+00
1731 0.000000000000e+00
1732 1.358544442727e+01
1733 9.275393999072e-02
1734 0.000000000000e+00
1735 1.260630977492e+00
1736 1.562239573806e+01
1737 4.353638072692e+00
1738 0.000000000000e+00
1739 0.000000000000e+00
1740 3.296440259932e+00
1741 0.000000000000e+00
1742 0.000000000000e+00
1743 0.000000000000e+00
1744 0.000000000000e+00
1745 0.000000000000e+00
1746 1.159220334204e+01
1747 1.166315426002e+01
1748 0.000000000000e+00
1749 9.912494729978e+00
1750 6.642136322284e+00
1751 0.000000000000e+00
1752 0.000000000000e+00
1753 0.000000000000e+00
1754 0.000000000000e+00
1755 0.000000000000e+00
1756 0.000000000000e+00
1757 0.000000000000e+00
1758 0.000000000000e+00
1759 0.000000000000e+00
1760 0.000000000000e+00
1761 0.000000000000e+00
1762 0.000000000000e+00
1763 0.000000000000e+00
1764 7.589467260025e+00
1765 0.000000000000e+00
1766 0.000000000000e+00
1767 6.238408608391e-01
1768 0.000000000000e+00
1769 5.171665922233e+00
1770 0.000000000000e+00
1771 9.497189511377e+00
1772 0.000000000000e+00
1773 0.000000000000e+00
1774 0.000000000000e+00
1775 7.039582684328e+00
1776 1.086649367499e+01
1777 0.000000000000e+00
1778 0.000000000000e+00
1779 0.000000000000e+00
1780 0.000000000000e+00
1781 0.000000000000e+00
1782 0.000000000000e+00
1783 0.000000000000e+00
1784 0.000000000000e+00
1785 2.794828049189e+00
1786 0.000000000000e+00
1787 0.000000000000e+00
1788 0.000000000000e+00
1789 0.000000000000e+00
1790 0.000000000000e+00
1791 0.000000000000e+00
1792 0.000000000000e+00
1793 0.000000000000e+00
1794 3.038006501257e+00
1795 0.000000000000e+00
1796 7.138955046959e+00
1797 0.000000000000e+00
1798 0.000000000000e+00
1799 1.442697315756e+00
1800 0.000000000000e+00
1801 1.646410180118e+00
1802 0.000000000000e+00
1803 0.000000000000e+00
1804 0.000000000000e+00
1805 2.929239419467e+00
1806 1.765624401148e+01
1807 1.422497950857e+01
1808 0.000000000000e+00
1809 0.000000000000e+00
1810 0.000000000000e+00
1811 0.000000000000e+00
1812 0.000000000000e+00
1813 0.000000000000e+00
1814 0.000000000000e+00
1815 0.000000000000e+00
1816 0.000000000000e+00
1817 0.000000000000e+00
1818 0.000000000000e+00
1819 0.000000000000e+00
1820 1.602710982515e+01
1821 0.000000000000e+00
1822 1.915802336945e+00
1823 4.719569246595e+00
1824 6.689652315167e+00
1825 1.118940842170e+01
1826 5.916963610603e+00
1827 0.000000000000e+00
1828 1.294392586623e+01
1829 0.000000000000e+00
1830 0.000000000000e+00
1831 6.765775063641e+00
1832 0.000000000000e+00
1833 0.000000000000e+00
1834 7.740365762967e+00
1835 1.301040510981e+01
1836 0.000000000000e+00
1837 0.000000000000e+00
1838 3.941011382355e+00
1839 1.187118125967e+01
1840 7.138372774253e+00
1841 0.000000000000e+00
1842 0.000000000000e+00
1843 9.817976377260e+00
1844 6.553960325149e+00
1845 0.000000000000e+00
1846 1.946551315533e+01
1847 1.828747805622e+01
1848 0.000000000000e+00
1849 0.000000000000e+00
1850 0.000000000000e+00
1851 0.000000000000e+00
1852 0.000000000000e+00
1853 0.000000000000e+00
1854 3.535514607977e-01
1855 0.000000000000e+00
1856 0.000000000000e+00
1857 0.000000000000e+00
1858 0.000000000000e+00
1859 0.000000000000e+00
1860 0.000000000000e+00
1861 3.181452579477e+00
1862 2.437280715785e+00
1863 0.000000000000e+00
1864 0.000000000000e+00
1865 0.000000000000e+00
1866 0.000000000000e+00
1867 0.000000000000e+00
1868 0.000000000000e+00
1869 0.000000000000e+00
1870 0.000000000000e+00
1871 1.273854428132e+01
1872 4.498823517068e-01
1873 0.000000000000e+00
1874 1.775511252410e+00
1875 9.409662240162e+00
1876 7.139950617164e+00
1877 2.419521646580e+01
1878 2.607439719334e+01
1879 7.823310580397e+00
1880 0.000000000000e+00
1881 0.000000000000e+00
1882 0.000000000000e+00
1883 0.000000000000e+00
1884 0.000000000000e+00
1885 0.000000000000e+00
1886 4.943837420077e+00
1887 9.440671221729e+00
1888 0.000000000000e+00
1889 0.000000000000e+00
1890 1.001271188524e+01
1891 1.032313267291e+01
1892 0.000000000000e+00
1893 0.000000000000e+00
1894 0.000000000000e+00
1895 0.000000000000e+00
1896 5.329700183982e+00
1897 7.866074356420e+00
1898 0.000000000000e+00
1899 4.594532007119e+00
1900 5.851187235532e+00
1901 8.706435641960e+00
1902 0.000000000000e+00
1903 3.133042964212e+00
1904 0.000000000000e+00
1905 0.000000000000e+00
1906 0.000000000000e+00
1907 0.000000000000e+00
1908 0.000000000000e+00
1909 2.875361172991e+00
1910 1.259789758960e+00
1911 0.000000000000e+00
1912 1.123088466717e+01
1913 1.037960904994e+01
1914 7.056681288087e+00
1915 1.195241430414e+01
1916 0.000000000000e+00
1917 2.256631907660e+00
1918 0.000000000000e+00
1919 3.057034026363e+00
1920 7.263475216231e+00
1921 0.000000000000e+00
1922 0.000000000000e+00
1923 0.000000000000e+00
1924 0.000000000000e+00
1925 0.000000000000e+00
1926 6.829346162024e+00
1927 1.580054477900e+01
1928 0.000000000000e+00
1929 5.078345653756e+00
1930 5.037371651765e+00
1931 1.073310934502e+01
1932 0.000000000000e+00
1933 2.030330432216e+00
1934 3.305884200659e-01
1935 0.000000000000e+00
1936 0.000000000000e+00
1937 0.000000000000e+00
1938 0.000000000000e+00
1939 1.733082314086e+01
1940 6.511376668405e+00
1941 0.000000000000e+00
1942 2.958380038033e+00
1943 0.000000000000e+00
1944 6.264844718582e+00
1945 0.000000000000e+00
1946 0.000000000000e+00
1947 0.000000000000e+00
1948 0.000000000000e+00
1949 0.000000000000e+00
1950 0.000000000000e+00
1951 0.000000000000e+00
1952 0.000000000000e+00
1953 0.000000000000e+00
1954 0.000000000000e+00
1955 0.000000000000e+00
1956 0.000000000000e+00
1957 0.000000000000e+00
1958 0.000000000000e+00
1959 0.000000000000e+00
1960 0.000000000000e+00
1961 0.000000000000e+00
1962 0.000000000000e+00
1963 0.000000000000e+00
1964 0.000000000000e+00
1965 0.000000000000e+00
1966 0.000000000000e+00
1967 0.000000000000e+00
1968 0.000000000000e+00
1969 0.000000000000e+00
1970 0.000000000000e+00
1971 0.000000000000e+00
1972 0.000000000000e+00
1973 0.000000000000e+00
1974 1.769118200877e+00
1975 0.000000000000e+00
1976 0.000000000000e+00
1977 0.000000000000e+00
1978 0.000000000000e+00
1979 7.232581618271e+00
1980 3.341887764031e+00
1981 0.000000000000e+00
1982 0.000000000000e+00
1983 1.588805421471e+00
1984 6.973546526802e+00
1985 0.000000000000e+00
1986 0.000000000000e+00
1987 4.779942330477e+00
1988 7.178453458896e+00
1989 0.000000000000e+00
1990 0.000000000000e+00
1991 0.000000000000e+00
1992 1.070271059319e+01
1993 2.971193152864e+00
1994 0.000000000000e+00
1995 1.945467293377e+01
1996 2.127919428178e+01
1997 0.000000000000e+00
1998 1.843529907385e+00
1999 0.000000000000e+00
2000 0.000000000000e+00
2001 0.000000000000e+00
2002 0.000000000000e+00
2003 1.438273480042e+01
2004 3.310612528364e-01
2005 6.436810783407e+00
2006 2.087142179460e+00
2007 1.571112424107e+01
2008 0.000000000000e+00
2009 0.000000000000e+00
2010 1.661156908066e+00
2011 0.000000000000e+00
2012 0.000000000000e+00
2013 0.000000000000e+00
2014 0.000000000000e+00
2015 0.000000000000e+00
2016 0.000000000000e+00
2017 0.000000000000e+00
2018 0.000000000000e+00
2019 0.000000000000e+00
2020 0.000000000000e+00
2021 0.000000000000e+00
2022 0.000000000000e+00
2023 0.000000000000e+00
2024 0.000000000000e+00
2025 0.000000000000e+00
2026 0.000000000000e+00
2027 0.000000000000e+00
2028 0.000000000000e+00
2029 0.000000000000e+00
2030 0.000000000000e+00
2031 0.000000000000e+00
2032 0.000000000000e+00
2033 0.000000000000e+00
2034 3.410550094313e+00
2035 0.000000000000e+00
2036 0.000000000000e+00
2037 0.000000000000e+00
2038 2.673425518767e+00
2039 2.104008851242e+01
2040 0.000000000000e+00
2041 5.731510099029e+00
2042 0.000000000000e+00
2043 8.631241324715e+00
2044 0.000000000000e+00
2045 0.000000000000e+00
2046 0.000000000000e+00
2047 0.000000000000e+00
2048 1.215817057593e+01
2049 0.000000000000e+00
2050 0.000000000000e+00
2051 0.000000000000e+00
2052 0.000000000000e+00
2053 0.000000000000e+00
2054 0.000000000000e+00
2055 0.000000000000e+00
2056 1.133277119142e+01
2057 8.497437860508e-01
2058 0.000000000000e+00
2059 1.117726452731e+00
2060 1.340569169562e+01
2061 2.506914218748e+01
2062 4.105277447778e+00
2063 3.091106352710e+00
2064 3.412071737545e+00
2065 1.311013093758e+01
2066 6.254700200857e+00
2067 0.000000000000e+00
2068 0.000000000000e+00
2069 0.000000000000e+00
2070 1.098118187243e+01
2071 8.689279083082e+00
2072 0.000000000000e+00
2073 6.029661269228e+00
2074 9.248569923445e+00
2075 0.000000000000e+00
2076 0.000000000000e+00
2077 0.000000000000e+00
2078 1.099458946467e+01
2079 0.000000000000e+00
2080 0.000000000000e+00
2081 2.630652088436e+00
2082 1.093893162090e+01
2083 2.057693615913e+01
2084 6.437423002393e+00
2085 4.026094824524e+00
2086 0.000000000000e+00
2087 0.000000000000e+00
2088 0.000000000000e+00
2089 0.000000000000e+00
2090 0.000000000000e+00
2091 0.000000000000e+00
2092 0.000000000000e+00
2093 1.046367750720e+01
2094 0.000000000000e+00
2095 0.000000000000e+00
2096 0.000000000000e+00
2097 0.000000000000e+00
2098 2.283043417852e+00
2099 0.000000000000e+00
2100 4.190668516460e+00
2101 0.000000000000e+00
2102 0.000000000000e+00
2103 0.000000000000e+00
2104 0.000000000000e+00
2105 3.222669877904e+00
2106 0.000000000000e+00
2107 0.000000000000e+00
2108 0.000000000000e+00
2109 0.000000000000e+00
2110 3.754006279249e-01
2111 1.686305682917e+00
2112 4.073647209804e+00
2113 4.674613486996e+00
2114 0.000000000000e+00
2115 7.868200723123e+00
2116 1.011615450440e+01
2117 1.252292655868e+01
2118 1.079107225031e+01
2119 0.000000000000e+00
2120 0.000000000000e+00
2121 0.000000000000e+00
2122 1.395072022650e+01
2123 0.000000000000e+00
2124 0.000000000000e+00
2125 0.000000000000e+00
2126 0.000000000000e+00
2127 0.000000000000e+00
2128 0.000000000000e+00
2129 0.000000000000e+00
2130 0.000000000000e+00
2131 0.000000000000e+00
2132 0.000000000000e+00
2133 0.000000000000e+00
2134 0.000000000000e+00
2135 0.000000000000e+00
2136 0.000000000000e+00
2137 0.000000000000e+00
2138 0.000000000000e+00
2139 0.000000000000e+00
2140 0.000000000000e+00
2141 0.000000000000e+00
2142 0.000000000000e+00
2143 0.000000000000e+00
2144 0.000000000000e+00
2145 9.283369495267e+00
2146 1.043077907719e+01
2147 0.000000000000e+00
2148 5.605547563270e+00
2149 0.000000000000e+00
2150 9.917200210513e+00
2151 0.000000000000e+00
2152 5.115672041537e+00
2153 0.000000000000e+00
2154 1.472321177816e+00
2155 1.155363206645e+01
2156 1.171141529800e+00
2157 0.000000000000e+00
2158 7.324879662120e+00
2159 1.831779615169e+01
2160 2.142741695007e+01
2161 1.081360403999e+01
2162 6.210493256620e+00
2163 2.607721808215e+00
2164 0.000000000000e+00
2165 1.050601835879e+01
2166 9.971509572093e+00
2167 0.000000000000e+00
2168 0.000000000000e+00
2169 2.272988623136e+00
2170 6.781740995178e+00
2171 7.344240901229e-01
2172 0.000000000000e+00
2173 0.000000000000e+00
2174 2.953481150823e+00
2175 0.000000000000e+00
2176 0.000000000000e+00
2177 0.000000000000e+00
2178 8.208636875550e+00
2179 8.452209117481e+00
2180 3.395089333672e+00
2181 9.110782531358e+00
2182 0.000000000000e+00
2183 8.544889775661e+00
2184 0.000000000000e+00
2185 1.025220131690e+01
2186 6.344252806092e+00
2187 0.000000000000e+00
2188 0.000000000000e+00
2189 0.000000000000e+00
2190 0.000000000000e+00
2191 1.274275332488e+01
2192 0.000000000000e+00
2193 0.000000000000e+00
2194 0.000000000000e+00
2195 0.000000000000e+00
2196 0.000000000000e+00
2197 0.000000000000e+00
2198 0.000000000000e+00
2199 0.000000000000e+00
2200 0.000000000000e+00
2201 0.000000000000e+00
2202 0.000000000000e+00
2203 0.000000000000e+00
2204 0.000000000000e+00
2205 0.000000000000e+00
2206 0.000000000000e+00
2207 0.000000000000e+00
2208 0.000000000000e+00
2209 0.000000000000e+00
2210 0.000000000000e+00
2211 0.000000000000e+00
2212 3.940869371406e+00
2213 0.000000000000e+00
2214 0.000000000000e+00
2215 0.000000000000e+00
2216 0.000000000000e+00
2217 0.000000000000e+00
2218 0.000000000000e+00
2219 1.192790578005e+01
2220 2.739284811803e-01
2221 0.000000000000e+00
2222 4.430090515519e+00
2223 1.409472354793e+01
2224 1.753635970502e+01
2225 0.000000000000e+00
2226 0.000000000000e+00
2227 0.000000000000e+00
2228 0.000000000000e+00
2229 4.429024104899e+00
2230 8.670233217732e+00
2231 0.000000000000e+00
2232 0.000000000000e+00
2233 0.000000000000e+00
2234 0.000000000000e+00
2235 7.980542459147e-01
2236 0.000000000000e+00
2237 3.698102292043e+00
2238 0.000000000000e+00
2239 9.056092802719e+00
2240 0.000000000000e+00
2241 0.000000000000e+00
2242 0.000000000000e+00
2243 0.000000000000e+00
2244 0.000000000000e+00
2245 0.000000000000e+00
2246 0.000000000000e+00
2247 0.000000000000e+00
2248 0.000000000000e+00
2249 0.000000000000e+00
2250 0.000000000000e+00
2251 3.747080596355e+00
2252 0.000000000000e+00
2253 0.000000000000e+00
2254 2.166767633011e+00
2255 0.000000000000e+00
2256 0.000000000000e+00
2257 8.509555964294e+00
2258 7.180264849930e+00
2259 4.096240831677e+00
2260 0.000000000000e+00
2261 6.621665161842e+00
2262 0.000000000000e+00
2263 0.000000000000e+00
2264 0.000000000000e+00
2265 0.000000000000e+00
2266 0.000000000000e+00
2267 4.424232232481e+00
2268 0.000000000000e+00
2269 0.000000000000e+00
2270 5.433271450707e+00
2271 0.000000000000e+00
2272 0.000000000000e+00
2273 2.374301238339e+00
2274 3.082108601886e+00
2275 0.000000000000e+00
2276 0.000000000000e+00
2277 0.000000000000e+00
2278 0.000000000000e+00
2279 0.000000000000e+00
2280 0.000000000000e+00
2281 0.000000000000e+00
2282 0.000000000000e+00
2283 0.000000000000e+00
2284 0.000000000000e+00
2285 0.000000000000e+00
2286 0.000000000000e+00
2287 0.000000000000e+00
2288 0.000000000000e+00
2289 0.000000000000e+00
2290 0.000000000000e+00
2291 0.000000000000e+00
2292 0.000000000000e+00
2293 0.000000000000e+00
2294 0.000000000000e+00
2295 0.000000000000e+00
2296 0.000000000000e+00
2297 0.000000000000e+00
2298 0.000000000000e+00
2299 0.000000000000e+00
2300 0.000000000000e+00
2301 0.000000000000e+00
2302 0.000000000000e+00
2303 0.000000000000e+00
2304 0.000000000000e+00
2305 0.000000000000e+00
2306 0.000000000000e+00
2307 0.000000000000e+00
2308 0.000000000000e+00
2309 0.000000000000e+00
2310 0.000000000000e+00
2311 1.580615858454e+00
2312 0.000000000000e+00
2313 1.325331147433e+01
2314 0.000000000000e+00
2315 0.000000000000e+00
2316 6.112584935937e+00
2317 0.000000000000e+00
2318 2.871248701918e+00
2319 0.000000000000e+00
2320 0.000000000000e+00
2321 0.000000000000e+00
2322 0.000000000000e+00
2323 0.000000000000e+00
2324 1.234880564463e+01
2325 1.675754116805e+01
2326 0.000000000000e+00
2327 0.000000000000e+00
2328 0.000000000000e+00
2329 0.000000000000e+00
2330 0.000000000000e+00
2331 6.026674094715e-01
2332 8.392540808033e+00
2333 1.819585789232e+00
2334 0.000000000000e+00
2335 7.338031987120e+00
2336 3.478348260775e+00
2337 0.000000000000e+00
2338 9.878764171050e+00
2339 0.000000000000e+00
2340 0.000000000000e+00
2341 0.000000000000e+00
2342 0.000000000000e+00
2343 0.000000000000e+00
2344 0.000000000000e+00
2345 7.421803446223e+00
2346 3.312241920259e+00
2347 0.000000000000e+00
2348 0.000000000000e+00
2349 0.000000000000e+00
2350 0.000000000000e+00
2351 0.000000000000e+00
2352 3.623620157799e+00
2353 0.000000000000e+00
2354 0.000000000000e+00
2355 0.000000000000e+00
2356 0.000000000000e+00
2357 0.000000000000e+00
2358 0.000000000000e+00
2359 0.000000000000e+00
2360 0.000000000000e+00
2361 0.000000000000e+00
2362 0.000000000000e+00
2363 0.000000000000e+00
2364 0.000000000000e+00
2365 0.000000000000e+00
2366 0.000000000000e+00
2367 0.000000000000e+00
2368 0.000000000000e+00
2369 0.000000000000e+00
2370 7.337030241799e+00
2371 5.620982381771e+00
2372 5.564486400232e-01
2373 5.731911583297e+00
2374 9.501775649443e-01
2375 6.273829524547e+00
2376 1.154417628622e+01
2377 0.000000000000e+00
2378 0.000000000000e+00
2379 7.617416681227e+00
2380 6.419594160163e+00
2381 0.000000000000e+00
2382 0.000000000000e+00
2383 0.000000000000e+00
2384 9.405825567899e-01
2385 6.901364801268e+00
2386 0.000000000000e+00
2387 3.502271420940e+00
2388 0.000000000000e+00
2389 6.574892449267e+00
2390 0.000000000000e+00
2391 1.789091637986e+00
2392 8.042641956635e+00
2393 0.000000000000e+00
2394 0.000000000000e+00
2395 0.000000000000e+00
2396 0.000000000000e+00
2397 9.635761144329e+00
2398 0.000000000000e+00
2399 0.000000000000e+00
2400 2.387867975585e+00
2401 4.743906941208e+00
2402 3.410528501037e+00
2403 1.202923301386e+01
2404 0.000000000000e+00
2405 0.000000000000e+00
2406 8.860821100896e+00
2407 6.533383126544e+00
2408 1.357139956000e+01
2409 0.000000000000e+00
2410 0.000000000000e+00
2411 0.000000000000e+00
2412 6.256948315904e+00
2413 0.000000000000e+00
2414 0.000000000000e+00
2415 0.000000000000e+00
2416 1.132755293653e+01
2417 0.000000000000e+00
2418 0.000000000000e+00
2419 0.000000000000e+00
2420 6.688159284031e+00
2421 0.000000000000e+00
2422 0.000000000000e+00
2423 0.000000000000e+00
2424 6.683531345085e+00
2425 0.000000000000e+00
2426 0.000000000000e+00
2427 0.000000000000e+00
2428 0.000000000000e+00
2429 5.079101406306e+00
2430 0.000000000000e+00
2431 2.533622016573e+00
2432 2.148770492914e+00
2433 7.251873127823e-01
2434 0.000000000000e+00
2435 2.091766611658e+00
2436 1.903670659462e+01
2437 1.250997137431e+01
2438 1.241453202048e+01
2439 4.972435932068e+00
2440 4.543681097529e+00
2441 0.000000000000e+00
2442 9.203428617093e+00
2443 1.204147811071e+01
2444 4.807418061184e+00
2445 0.000000000000e+00
2446 5.649841515584e+00
2447 1.771129198144e+01
2448 0.000000000000e+00
2449 0.000000000000e+00
2450 0.000000000000e+00
2451 6.302764877730e-01
2452 0.000000000000e+00
2453 1.128911223617e+00
2454 0.000000000000e+00
2455 0.000000000000e+00
2456 0.000000000000e+00
2457 0.000000000000e+00
2458 1.118126610374e+01
2459 0.000000000000e+00
2460 1.186809882545e+01
2461 0.000000000000e+00
2462 0.000000000000e+00
2463 1.091678278468e+01
2464 0.000000000000e+00
2465 1.222994892780e+00
2466 0.000000000000e+00
2467 0.000000000000e+00
2468 4.749881756118e+00
2469 0.000000000000e+00
2470 8.770336292522e-01
2471 3.647479440727e+00
2472 0.000000000000e+00
2473 0.000000000000e+00
2474 1.096861364873e+01
2475 8.447163487587e+00
2476 1.290669141432e+01
2477 1.540553243796e+00
2478 0.000000000000e+00
2479 0.000000000000e+00
2480 0.000000000000e+00
2481 0.000000000000e+00
2482 0.000000000000e+00
2483 0.000000000000e+00
2484 0.000000000000e+00
2485 0.000000000000e+00
2486 0.000000000000e+00
2487 0.000000000000e+00
2488 0.000000000000e+00
2489 0.000000000000e+00
2490 0.000000000000e+00
2491 0.000000000000e+00
2492 0.000000000000e+00
2493 0.000000000000e+00
2494 0.000000000000e+00
2495 0.000000000000e+00
2496 0.000000000000e+00
2497 0.000000000000e+00
2498 0.000000000000e+00
2499 0.000000000000e+00
2500 0.000000000000e+00
2501 0.000000000000e+00
2502 0.000000000000e+00
2503 0.000000000000e+00
2504 3.565287033573e+00
2505 0.000000000000e+00
2506 0.000000000000e+00
2507 2.489871967619e+00
2508 0.000000000000e+00
2509 9.858651037024e+00
2510 0.000000000000e+00
2511 0.000000000000e+00
2512 0.000000000000e+00
2513 1.190966158827e+01
2514 0.000000000000e+00
2515 0.000000000000e+00
2516 0.000000000000e+00
2517 0.000000000000e+00
2518 0.000000000000e+00
2519 0.000000000000e+00
2520 0.000000000000e+00
2521 0.000000000000e+00
2522 0.000000000000e+00
2523 0.000000000000e+00
2524 0.000000000000e+00
2525 0.000000000000e+00
2526 0.000000000000e+00
2527 0.000000000000e+00
2528 0.000000000000e+00
2529 0.000000000000e+00
2530 0.000000000000e+00
2531 0.000000000000e+00
2532 0.000000000000e+00
2533 0.000000000000e+00
2534 0.000000000000e+00
2535 0.000000000000e+00
2536 0.000000000000e+00
2537 0.000000000000e+00
2538 0.000000000000e+00
2539 2.601014165762e+00
2540 1.259169418130e+01
2541 1.045820429667e+01
2542 0.000000000000e+00
2543 0.000000000000e+00
2544 0.000000000000e+00
2545 0.000000000000e+00
2546 0.000000000000e+00
2547 0.000000000000e+00
2548 0.000000000000e+00
2549 0.000000000000e+00
2550 0.000000000000e+00
2551 0.000000000000e+00
2552 0.000000000000e+00
2553 0.000000000000e+00
2554 0.000000000000e+00
2555 0.000000000000e+00
2556 0.000000000000e+00
2557 0.000000000000e+00
2558 0.000000000000e+00
2559 0.000000000000e+00
2560 0.000000000000e+00
2561 0.000000000000e+00
2562 0.000000000000e+00
2563 0.000000000000e+00
2564 0.000000000000e+00
2565 0.000000000000e+00
2566 0.000000000000e+00
2567 0.000000000000e+00
2568 0.000000000000e+00
2569 0.000000000000e+00
2570 0.000000000000e+00
2571 0.000000000000e+00
2572 0.000000000000e+00
2573 0.000000000000e+00
2574 0.000000000000e+00
2575 0.000000000000e+00
2576 0.000000000000e+00
2577 0.000000000000e+00
2578 1.959174686843e-01
2579 3.415881237871e+00
2580 2.974016198485e+00
2581 1.625377331650e+01
2582 2.126192724147e+01
2583 0.000000000000e+00
2584 0.000000000000e+00
2585 0.000000000000e+00
2586 4.384920998772e+00
2587 0.000000000000e+00
2588 0.000000000000e+00
2589 0.000000000000e+00
2590 1.073767171500e+01
2591 0.000000000000e+00
2592 0.000000000000e+00
2593 0.000000000000e+00
2594 9.659290340546e+00
2595 0.000000000000e+00
2596 0.000000000000e+00
2597 0.000000000000e+00
2598 0.000000000000e+00
2599 0.000000000000e+00
2600 0.000000000000e+00
2601 1.221656259709e+00
2602 3.940875739082e+00
2603 7.739715725547e+00
2604 0.000000000000e+00
2605 6.655244180086e+00
2606 0.000000000000e+00
2607 0.000000000000e+00
2608 0.000000000000e+00
2609 0.000000000000e+00
2610 9.188785992270e+00
2611 2.227980410664e+01
2612 0.000000000000e+00
2613 0.000000000000e+00
2614 0.000000000000e+00
2615 0.000000000000e+00
2616 0.000000000000e+00
2617 0.000000000000e+00
2618 0.000000000000e+00
2619 0.000000000000e+00
2620 3.373711736506e+00
2621 0.000000000000e+00
2622 4.922092038059e+00
2623 0.000000000000e+00
2624 0.000000000000e+00
2625 0.000000000000e+00
2626 0.000000000000e+00
2627 1.469588635685e+00
2628 0.000000000000e+00
2629 8.293005835975e+00
2630 0.000000000000e+00
2631 6.084095464075e+00
2632 0.000000000000e+00
2633 0.000000000000e+00
2634 0.000000000000e+00
2635 1.959610049969e+00
2636 4.337817745481e+00
2637 2.983810408635e+00
2638 1.203805944784e+00
2639 3.021470889303e+00
2640 1.075543604782e+01
2641 1.765587084631e+01
2642 0.000000000000e+00
2643 1.603965458491e+00
2644 1.222857509139e+01
2645 0.000000000000e+00
2646 1.100912478975e+01
2647 1.154504980940e+01
2648 0.000000000000e+00
2649 0.000000000000e+00
2650 0.000000000000e+00
2651 0.000000000000e+00
2652 0.000000000000e+00
2653 1.061435445062e+00
2654 3.798864593186e+00
2655 1.259105842890e+01
2656 4.452058674645e+00
2657 2.321995510167e+00
2658 0.000000000000e+00
2659 3.414635597236e+00
2660 0.000000000000e+00
2661 0.000000000000e+00
2662 1.357797626047e+01
2663 1.430373824147e+01
2664 0.000000000000e+00
2665 0.000000000000e+00
2666 0.000000000000e+00
2667 0.000000000000e+00
2668 0.000000000000e+00
2669 0.000000000000e+00
2670 0.000000000000e+00
2671 0.000000000000e+00
2672 0.000000000000e+00
2673 0.000000000000e+00
2674 0.000000000000e+00
2675 0.000000000000e+00
2676 0.000000000000e+00
2677 0.000000000000e+00
2678 0.000000000000e+00
2679 3.797752585371e+00
2680 0.000000000000e+00
2681 0.000000000000e+00
2682 1.452382383194e+00
2683 3.993140839932e+00
2684 2.789956104439e+01
2685 0.000000000000e+00
2686 0.000000000000e+00
2687 0.000000000000e+00
2688 7.461294436147e+00
2689 4.300979308227e+00
2690 0.000000000000e+00
2691 0.000000000000e+00
2692 0.000000000000e+00
2693 1.231574655042e+01
2694 1.156655526630e+01
2695 0.000000000000e+00
2696 0.000000000000e+00
2697 0.000000000000e+00
2698 0.000000000000e+00
2699 0.000000000000e+00
2700 0.000000000000e+00
2701 1.268894141687e+01
2702 2.624286004298e-01
2703 1.535848339614e+00
2704 4.323020143648e+00
2705 5.615482810188e+00
2706 6.324474286258e+00
2707 1.280902873729e+01
2708 0.000000000000e+00
2709 8.219361557399e+00
2710 3.844405454495e+00
2711 0.000000000000e+00
2712 1.867354198424e+01
2713 2.644019968418e+01
2714 0.000000000000e+00
2715 0.000000000000e+00
2716 0.000000000000e+00
2717 4.659119207763e-01
2718 9.007210659758e+00
2719 0.000000000000e+00
2720 0.000000000000e+00
2721 1.639042253647e+00
2722 2.791951098185e+00
2723 7.079861824928e+00
2724 1.245227735682e+01
2725 1.074393470869e+01
2726 0.000000000000e+00
2727 8.219290789852e+00
2728 1.213492588045e+01
2729 0.000000000000e+00
2730 5.430281895735e+00
2731 4.211409240286e+00
2732 0.000000000000e+00
2733 0.000000000000e+00
2734 0.000000000000e+00
2735 0.000000000000e+00
2736 0.000000000000e+00
2737 0.000000000000e+00
2738 4.135714803044e-01
2739 1.528500752617e+01
2740 2.627562535878e+00
2741 0.000000000000e+00
2742 4.781311082149e+00
2743 1.334646533480e+01
2744 0.000000000000e+00
2745 6.205797318206e+00
2746 4.619928644683e+00
2747 0.000000000000e+00
2748 0.000000000000e+00
2749 0.000000000000e+00
2750 2.295254182843e+00
2751 7.991076890717e+00
2752 5.551266226561e-01
2753 5.298037833811e+00
2754 6.070497571771e+00
2755 0.000000000000e+00
2756 1.156905512340e+01
2757 1.037715010500e+01
2758 1.634917863631e+01
2759 2.670485135713e+01
2760 0.000000000000e+00
2761 0.000000000000e+00
2762 4.505454643296e+00
2763 2.473891500656e+00
2764 0.000000000000e+00
2765 0.000000000000e+00
2766 0.000000000000e+00
2767 6.220543386486e+00
2768 4.336994430840e+00
2769 0.000000000000e+00
2770 0.000000000000e+00
2771 0.000000000000e+00
2772 0.000000000000e+00
2773 0.000000000000e+00
2774 0.000000000000e+00
2775 0.000000000000e+00
2776 0.000000000000e+00
2777 0.000000000000e+00
2778 0.000000000000e+00
2779 0.000000000000e+00
2780 0.000000000000e+00
2781 0.000000000000e+00
2782 0.000000000000e+00
2783 1.272104077216e+00
2784 2.845527079339e+00
2785 4.066678778721e+00
2786 7.136285735827e+00
2787 1.613683563699e+01
2788 1.326329106512e+01
2789 0.000000000000e+00
2790 0.000000000000e+00
2791 0.000000000000e+00
2792 8.818838793206e+00
2793 4.603743404691e+00
2794 1.957536006191e+00
2795 1.379001797160e+00
2796 0.000000000000e+00
2797 3.996737110518e+00
2798 4.308207751935e+00
2799 6.391732433020e+00
2800 0.000000000000e+00
2801 0.000000000000e+00
2802 9.070514532506e+00
2803 5.829603019221e+00
2804 0.000000000000e+00
2805 0.000000000000e+00
2806 0.000000000000e+00
2807 0.000000000000e+00
2808 0.000000000000e+00
2809 0.000000000000e+00
2810 0.000000000000e+00
2811 0.000000000000e+00
2812 0.000000000000e+00
2813 0.000000000000e+00
2814 0.000000000000e+00
2815 0.000000000000e+00
2816 0.000000000000e+00
2817 0.000000000000e+00
2818 0.000000000000e+00
2819 0.000000000000e+00
2820 0.000000000000e+00
2821 0.000000000000e+00
2822 0.000000000000e+00
2823 0.000000000000e+00
2824 0.000000000000e+00
2825 0.000000000000e+00
2826 0.000000000000e+00
2827 0.000000000000e+00
2828 4.578763642976e+00
2829 1.521796225347e+00
2830 6.711048063034e+00
2831 0.000000000000e+00
2832 0.000000000000e+00
2833 0.000000000000e+00
2834 3.971342822479e+00
2835 0.000000000000e+00
2836 0.000000000000e+00
2837 0.000000000000e+00
2838 0.000000000000e+00
2839 0.000000000000e+00
2840 0.000000000000e+00
2841 0.000000000000e+00
2842 0.000000000000e+00
2843 4.124573782265e+00
2844 0.000000000000e+00
2845 0.000000000000e+00
2846 5.000938644477e+00
2847 1.270400072880e+01
2848 1.365074619375e+00
2849 0.000000000000e+00
2850 0.000000000000e+00
2851 1.204745212268e+01
2852 2.335299371038e+00
2853 0.000000000000e+00
2854 1.838164759587e+01
2855 2.188551297735e+01
2856 0.000000000000e+00
2857 0.000000000000e+00
2858 0.000000000000e+00
2859 0.000000000000e+00
2860 0.000000000000e+00
2861 0.000000000000e+00
2862 0.000000000000e+00
2863 0.000000000000e+00
2864 0.000000000000e+00
2865 0.000000000000e+00
2866 0.000000000000e+00
2867 0.000000000000e+00
2868 0.000000000000e+00
2869 0.000000000000e+00
2870 0.000000000000e+00
2871 1.176138136017e+01
2872 0.000000000000e+00
2873 0.000000000000e+00
2874 0.000000000000e+00
2875 0.000000000000e+00
2876 0.000000000000e+00
2877 0.000000000000e+00
2878 0.000000000000e+00
2879 0.000000000000e+00
2880 0.000000000000e+00
2881 0.000000000000e+00
2882 0.000000000000e+00
2883 0.000000000000e+00
2884 0.000000000000e+00
2885 0.000000000000e+00
2886 0.000000000000e+00
2887 0.000000000000e+00
2888 0.000000000000e+00
2889 0.000000000000e+00
2890 0.000000000000e+00
2891 0.000000000000e+00
2892 0.000000000000e+00
2893 0.000000000000e+00
2894 0.000000000000e+00
2895 1.779356013208e+00
2896 6.411277091442e+00
2897 3.131356179629e-01
2898 0.000000000000e+00
2899 7.005883071283e-01
2900 1.094559640924e+01
2901 6.587756720034e+00
2902 2.303787220756e+01
2903 2.633003815065e+01
2904 0.000000000000e+00
2905 0.000000000000e+00
2906 0.000000000000e+00
2907 5.045531451983e+00
2908 0.000000000000e+00
2909 0.000000000000e+00
2910 0.000000000000e+00
2911 3.959941055433e+00
2912 4.381538213787e+00
2913 0.000000000000e+00
2914 0.000000000000e+00
2915 1.070248413934e+01
2916 6.257293256442e+00
2917 2.578231961005e+00
2918 2.460450630527e-01
2919 0.000000000000e+00
2920 0.000000000000e+00
2921 0.000000000000e+00
2922 0.000000000000e+00
2923 3.956691198099e+00
2924 1.469952938528e+01
2925 1.258468469402e+01
2926 0.000000000000e+00
2927 5.146522343336e+00
2928 1.094717101962e+01
2929 0.000000000000e+00
2930 0.000000000000e+00
2931 8.393146280718e+00
2932 0.000000000000e+00
2933 0.000000000000e+00
2934 0.000000000000e+00
2935 3.768616046732e+00
2936 0.000000000000e+00
2937 0.000000000000e+00
2938 3.607778516689e+00
2939 0.000000000000e+00
2940 0.000000000000e+00
2941 0.000000000000e+00
2942 0.000000000000e+00
2943 0.000000000000e+00
2944 0.000000000000e+00
2945 1.066430733258e+01
2946 0.000000000000e+00
2947 3.550695127133e-01
2948 0.000000000000e+00
2949 1.020326364154e+01
2950 2.600143787764e+01
2951 0.000000000000e+00
2952 2.861751327735e+00
2953 3.605197933992e+00
2954 9.105486505377e+00
2955 5.185287502555e+00
2956 0.000000000000e+00
2957 0.000000000000e+00
2958 0.000000000000e+00
2959 6.999401486137e+00
2960 0.000000000000e+00
2961 0.000000000000e+00
2962 2.210267471332e+00
2963 0.000000000000e+00
2964 0.000000000000e+00
2965 8.505588149619e-01
2966 1.667935662061e+00
2967 1.851598381711e+01
2968 4.589270205160e+00
2969 0.000000000000e+00
2970 9.234473649470e+00
2971 9.214480764582e+00
2972 5.909336840400e+00
2973 1.119148870408e+01
2974 0.000000000000e+00
2975 0.000000000000e+00
2976 3.664685489221e+00
2977 1.549231312477e+01
2978 3.981739587403e-01
2979 0.000000000000e+00
2980 7.968991931788e+00
2981 1.628088026930e+01
2982 1.961217032084e+01
2983 4.529445477888e+00
2984 2.494045082056e+00
2985 8.838952702039e+00
2986 0.000000000000e+00
2987 8.730173005217e+00
2988 2.851500173750e+00
2989 4.619488497237e+00
2990 2.751433343028e+00
2991 5.758205118894e+00
2992 1.649586530612e+01
2993 0.000000000000e+00
2994 1.076305105732e+01
2995 7.594747819589e+00
2996 2.963357808424e+00
2997 4.104302550556e-01
2998 0.000000000000e+00
2999 4.793014378664e+00
3000 3.358115671432e+00
3001 0.000000000000e+00
3002 6.637298315252e+00
3003 6.259598856851e+00
3004 0.000000000000e+00
3005 0.000000000000e+00
3006 3.146430750655e+00
3007 0.000000000000e+00
3008 0.000000000000e+00
3009 0.000000000000e+00
3010 1.272487867541e+00
3011 4.289220533081e+00
3012 2.012018916905e+01
3013 1.565725445791e+01
3014 0.000000000000e+00
3015 8.561010954317e+00
3016 2.747242610079e+00
3017 1.240418020939e+01
3018 0.000000000000e+00
3019 0.000000000000e+00
3020 0.000000000000e+00
3021 7.938726668423e+00
3022 0.000000000000e+00
3023 0.000000000000e+00
3024 0.000000000000e+00
3025 0.000000000000e+00
3026 0.000000000000e+00
3027 0.000000000000e+00
3028 0.000000000000e+00
3029 0.000000000000e+00
3030 0.000000000000e+00
3031 0.000000000000e+00
3032 0.000000000000e+00
3033 0.000000000000e+00
3034 0.000000000000e+00
3035 0.000000000000e+00
3036 0.000000000000e+00
3037 0.000000000000e+00
3038 0.000000000000e+00
3039 0.000000000000e+00
3040 0.000000000000e+00
3041 0.000000000000e+00
3042 1.882679990412e+01
3043 1.985044421567e+00
3044 5.010572226563e+00
3045 2.906142520466e+00
3046 1.195119869991e+01
3047 0.000000000000e+00
3048 0.000000000000e+00
3049 8.889053560760e+00
3050 0.000000000000e+00
3051 5.143390183035e+00
3052 0.000000000000e+00
3053 0.000000000000e+00
3054 1.339816334077e+01
3055 0.000000000000e+00
3056 0.000000000000e+00
3057 0.000000000000e+00
3058 0.000000000000e+00
3059 0.000000000000e+00
3060 3.461403604562e+00
3061 0.000000000000e+00
3062 1.004112085470e+01
3063 0.000000000000e+00
3064 0.000000000000e+00
3065 0.000000000000e+00
3066 0.000000000000e+00
3067 0.000000000000e+00
3068 0.000000000000e+00
3069 7.604306080976e+00
3070 0.000000000000e+00
3071 0.000000000000e+00
3072 0.000000000000e+00
3073 0.000000000000e+00
3074 0.000000000000e+00
3075 0.000000000000e+00
3076 1.564464178923e+00
3077 4.185531964011e+00
3078 3.574802170193e+00
3079 1.041817260476e+01
3080 0.000000000000e+00
3081 0.000000000000e+00
3082 0.000000000000e+00
3083 1.048381886926e+01
3084 6.090460343753e+00
3085 0.000000000000e+00
3086 8.531189598421e+00
3087 9.753191219047e+00
3088 9.126725849439e+00
3089 5.866434274015e+00
3090 0.000000000000e+00
3091 1.422747088856e+00
3092 1.722471181000e+01
3093 4.796176984604e-01
3094 0.000000000000e+00
3095 3.271738460668e+00
3096 0.000000000000e+00
3097 0.000000000000e+00
3098 0.000000000000e+00
3099 0.000000000000e+00
3100 0.000000000000e+00
3101 1.217673334889e+01
3102 7.589514332371e+00
3103 1.122686945408e+01
3104 0.000000000000e+00
3105 5.536643569539e+00
3106 8.082492355573e+00
3107 7.765424052254e+00
3108 0.000000000000e+00
3109 0.000000000000e+00
3110 4.642991598777e+00
3111 9.479503854066e+00
3112 4.733429942404e+00
3113 2.393782559044e+00
3114 1.894945155651e+01
3115 0.000000000000e+00
3116 7.310021172036e+00
3117 6.422864031746e+00
3118 7.929610945215e+00
3119 0.000000000000e+00
