0 2.607403527634e+01
1 1.100884442667e+00
2 1.213321055387e+00
3 1.564143617121e+01
4 0.000000000000e+00
5 1.109909920264e+00
6 3.335678993457e+00
7 9.272500752198e+00
8 0.000000000000e+00
9 0.000000000000e+00
10 9.632472512133e+00
11 0.000000000000e+00
12 1.492582293548e+01
13 2.446887451179e+00
14 0.000000000000e+00
15 1.106016983837e+01
16 1.441574834357e+00
17 0.000000000000e+00
18 0.000000000000e+00
19 0.000000000000e+00
20 0.000000000000e+00
21 0.000000000000e+00
22 0.000000000000e+00
23 1.024443935066e+00
24 0.000000000000e+00
25 1.867893081274e+00
26 5.772035451550e+00
27 0.000000000000e+00
28 0.000000000000e+00
29 0.000000000000e+00
30 1.013701393567e+01
31 9.260176640750e+00
32 6.739156215489e+00
33 0.000000000000e+00
34 1.208138060305e+01
35 8.682647179756e+00
36 3.555042486450e+00
37 2.653267618345e+00
38 0.000000000000e+00
39 0.000000000000e+00
40 0.000000000000e+00
41 0.000000000000e+00
42 0.000000000000e+00
43 0.000000000000e+00
44 0.000000000000e+00
45 0.000000000000e+00
46 0.000000000000e+00
47 1.371842890035e+01
48 1.305300866905e+01
49 0.000000000000e+00
50 0.000000000000e+00
51 0.000000000000e+00
52 0.000000000000e+00
53 0.000000000000e+00
54 0.000000000000e+00
55 9.374646170687e-01
56 1.257372338646e+01
57 4.302561038632e+00
58 0.000000000000e+00
59 5.043900275066e+00
60 1.284213231573e+01
61 0.000000000000e+00
62 9.420702754988e+00
63 1.277921992267e+01
64 0.000000000000e+00
65 3.415222073708e+00
66 0.000000000000e+00
67 0.000000000000e+00
68 0.000000000000e+00
69 5.633664503741e-01
70 0.000000000000e+00
71 0.000000000000e+00
72 1.207361353620e+00
73 0.000000000000e+00
74 0.000000000000e+00
75 0.000000000000e+00
76 0.000000000000e+00
77 0.000000000000e+00
78 0.000000000000e+00
79 8.407959162263e+00
80 0.000000000000e+00
81 1.275154806202e+01
82 0.000000000000e+00
83 5.949970974659e+00
84 1.005117274448e+01
85 3.123858190220e+00
86 0.000000000000e+00
87 2.439652201126e+00
88 0.000000000000e+00
89 1.600728344343e+00
90 6.016837301883e+00
91 1.098641330428e+01
92 1.971002248208e+01
93 0.000000000000e+00
94 0.000000000000e+00
95 7.570105743136e+00
96 1.080121190627e+01
97 3.122570645522e+00
98 4.304117097219e+00
99 0.000000000000e+00
100 4.724278808781e+00
101 0.000000000000e+00
102 8.857013438903e+00
103 2.611052358217e+00
104 0.000000000000e+00
105 0.000000000000e+00
106 0.000000000000e+00
107 0.000000000000e+00
108 0.000000000000e+00
109 0.000000000000e+00
110 0.000000000000e+00
111 0.000000000000e+00
112 0.000000000000e+00
113 0.000000000000e+00
114 0.000000000000e+00
115 0.000000000000e+00
116 0.000000000000e+00
117 0.000000000000e+00
118 0.000000000000e+00
119 0.000000000000e+00
120 0.000000000000e+00
121 0.000000000000e+00
122 0.000000000000e+00
123 0.000000000000e+00
124 0.000000000000e+00
125 0.000000000000e+00
126 0.000000000000e+00
127 0.000000000000e+00
128 0.000000000000e+00
129 0.000000000000e+00
130 0.000000000000e+00
131 0.000000000000e+00
132 2.070359249555e+00
133 0.000000000000e+00
134 1.012956959616e+00
135 3.946096202228e+00
136 1.041499625904e+01
137 1.640140311002e+01
138 0.000000000000e+00
139 3.422530666339e+00
140 1.176268455181e+01
141 6.192108222650e+00
142 1.672955349917e+00
143 1.288282537302e-01
144 0.000000000000e+00
145 0.000000000000e+00
146 0.000000000000e+00
147 0.000000000000e+00
148 0.000000000000e+00
149 0.000000000000e+00
150 0.000000000000e+00
151 3.113511804002e+00
152 0.000000000000e+00
153 2.037002743468e+01
154 3.970060990721e+00
155 0.000000000000e+00
156 1.164932487826e+01
157 0.000000000000e+00
158 7.577840814700e+00
159 0.000000000000e+00
160 0.000000000000e+00
161 3.678240318787e+00
162 0.000000000000e+00
163 0.000000000000e+00
164 0.000000000000e+00
165 0.000000000000e+00
166 0.000000000000e+00
167 0.000000000000e+00
168 0.000000000000e+00
169 0.000000000000e+00
170 0.000000000000e+00
171 0.000000000000e+00
172 0.000000000000e+00
173 0.000000000000e+00
174 0.000000000000e+00
175 0.000000000000e+00
176 0.000000000000e+00
177 0.000000000000e+00
178 0.000000000000e+00
179 0.000000000000e+00
180 0.000000000000e+00
181 0.000000000000e+00
182 0.000000000000e+00
183 0.000000000000e+00
184 2.080114522869e+00
185 1.114927836072e+01
186 0.000000000000e+00
187 0.000000000000e+00
188 2.278281235753e+00
189 4.411550722466e+00
190 3.078378372132e+00
191 0.000000000000e+00
192 0.000000000000e+00
193 1.101243950689e+01
194 4.167138309256e+00
195 0.000000000000e+00
196 1.044771319984e+01
197 1.770977992271e+01
198 0.000000000000e+00
199 0.000000000000e+00
200 0.000000000000e+00
201 0.000000000000e+00
202 1.484929817415e+01
203 0.000000000000e+00
204 1.862762486493e+01
205 4.576353778428e+00
206 7.962309634694e+00
207 1.233976204636e+01
208 2.470800417380e+00
209 0.000000000000e+00
210 0.000000000000e+00
211 6.247869259787e+00
212 0.000000000000e+00
213 0.000000000000e+00
214 0.000000000000e+00
215 2.987277062438e+00
216 8.798187456201e+00
217 0.000000000000e+00
218 0.000000000000e+00
219 6.301450493943e+00
220 9.907206730018e-01
221 5.784863346658e+00
222 3.294911159734e+00
223 3.675812811227e+00
224 2.322430169241e+01
225 5.372603438827e+00
226 1.156104368897e+01
227 9.854484174510e+00
228 0.000000000000e+00
229 0.000000000000e+00
230 1.051459657250e+01
231 0.000000000000e+00
232 0.000000000000e+00
233 0.000000000000e+00
234 0.000000000000e+00
235 0.000000000000e+00
236 0.000000000000e+00
237 1.193615787702e+01
238 4.848153505837e-01
239 3.744200095997e+00
240 0.000000000000e+00
241 7.230689573672e+00
242 6.199282249738e+00
243 1.358975962878e+01
244 0.000000000000e+00
245 1.005089068021e+01
246 0.000000000000e+00
247 7.417413021264e+00
248 0.000000000000e+00
249 5.326871754163e+00
250 8.384816336344e+00
251 0.000000000000e+00
252 0.000000000000e+00
253 0.000000000000e+00
254 0.000000000000e+00
255 8.153830356848e-01
256 0.000000000000e+00
257 1.760338247118e+00
258 1.357884013836e+01
259 1.756140000518e+01
260 7.947575019057e+00
261 0.000000000000e+00
262 3.020457528974e+00
263 0.000000000000e+00
264 0.000000000000e+00
265 0.000000000000e+00
266 0.000000000000e+00
267 0.000000000000e+00
268 9.933333923647e+00
269 1.019834257657e+01
270 0.000000000000e+00
271 7.174980070226e+00
272 9.003572033525e+00
273 4.087439560156e+00
274 0.000000000000e+00
275 0.000000000000e+00
276 8.734914423512e+00
277 0.000000000000e+00
278 0.000000000000e+00
279 0.000000000000e+00
280 0.000000000000e+00
281 0.000000000000e+00
282 0.000000000000e+00
283 0.000000000000e+00
284 0.000000000000e+00
285 0.000000000000e+00
286 0.000000000000e+00
287 9.350998308152e+00
288 0.000000000000e+00
289 3.815411282119e+00
290 0.000000000000e+00
291 8.668067887331e+00
292 0.000000000000e+00
293 0.000000000000e+00
294 0.000000000000e+00
295 4.641143683715e+00
296 0.000000000000e+00
297 0.000000000000e+00
298 0.000000000000e+00
299 0.000000000000e+00
300 0.000000000000e+00
301 0.000000000000e+00
302 0.000000000000e+00
303 0.000000000000e+00
304 6.009728686872e+00
305 0.000000000000e+00
306 6.555588602267e+00
307 0.000000000000e+00
308 1.920252402546e+00
309 7.059948933070e+00
310 1.253855374672e+00
311 6.114509194078e+00
312 1.863414850810e+01
313 2.129704210041e+01
314 0.000000000000e+00
315 7.167367944463e+00
316 1.145316990700e+01
317 1.000144194255e+01
318 3.091557631150e+00
319 0.000000000000e+00
320 0.000000000000e+00
321 0.000000000000e+00
322 0.000000000000e+00
323 0.000000000000e+00
324 3.312242479628e+00
325 0.000000000000e+00
326 8.899968593164e+00
327 0.000000000000e+00
328 6.508761806537e+00
329 0.000000000000e+00
330 0.000000000000e+00
331 0.000000000000e+00
332 0.000000000000e+00
333 0.000000000000e+00
334 0.000000000000e+00
335 1.640814293241e+01
336 0.000000000000e+00
337 0.000000000000e+00
338 0.000000000000e+00
339 0.000000000000e+00
340 0.000000000000e+00
341 0.000000000000e+00
342 0.000000000000e+00
343 0.000000000000e+00
344 0.000000000000e+00
345 0.000000000000e+00
346 0.000000000000e+00
347 0.000000000000e+00
348 0.000000000000e+00
349 0.000000000000e+00
350 0.000000000000e+00
351 1.273135922090e+00
352 0.000000000000e+00
353 0.000000000000e+00
354 0.000000000000e+00
355 0.000000000000e+00
356 0.000000000000e+00
357 0.000000000000e+00
358 0.000000000000e+00
359 1.233733212865e+00
360 0.000000000000e+00
361 3.508770851906e+00
362 6.875747524260e+00
363 1.148677239979e+01
364 0.000000000000e+00
365 0.000000000000e+00
366 0.000000000000e+00
367 0.000000000000e+00
368 0.000000000000e+00
369 0.000000000000e+00
370 0.000000000000e+00
371 0.000000000000e+00
372 0.000000000000e+00
373 0.000000000000e+00
374 0.000000000000e+00
375 0.000000000000e+00
376 1.700773168145e+00
377 3.426959955633e+00
378 3.745980642426e+00
379 0.000000000000e+00
380 6.032990258403e+00
381 5.926032505732e+00
382 0.000000000000e+00
383 1.703144854404e+00
384 1.064947097489e+01
385 0.000000000000e+00
386 0.000000000000e+00
387 0.000000000000e+00
388 2.200123978148e+00
389 0.000000000000e+00
390 0.000000000000e+00
391 0.000000000000e+00
392 2.072347801021e-01
393 5.459036896444e+00
394 0.000000000000e+00
395 0.000000000000e+00
396 0.000000000000e+00
397 2.674141233596e+00
398 0.000000000000e+00
399 0.000000000000e+00
400 0.000000000000e+00
401 0.000000000000e+00
402 0.000000000000e+00
403 1.695669759583e+00
404 9.305575446766e+00
405 0.000000000000e+00
406 7.334181769753e+00
407 7.694683854560e+00
408 2.605380224973e+00
409 2.752638634313e-01
410 1.576223870652e+00
411 6.695865939983e+00
412 4.233046613322e+00
413 1.670623581604e+01
414 0.000000000000e+00
415 7.099423471160e+00
416 1.125247547120e+01
417 9.708875659603e+00
418 0.000000000000e+00
419 0.000000000000e+00
420 0.000000000000e+00
421 0.000000000000e+00
422 1.585672592729e+00
423 0.000000000000e+00
424 1.761985996895e+00
425 5.431171164638e+00
426 7.111185386981e+00
427 1.986816762310e+01
428 1.096013738485e+01
429 7.461919812442e+00
430 1.889393024351e+00
431 0.000000000000e+00
432 1.056643211256e+01
433 0.000000000000e+00
434 0.000000000000e+00
435 0.000000000000e+00
436 0.000000000000e+00
437 0.000000000000e+00
438 0.000000000000e+00
439 0.000000000000e+00
440 0.000000000000e+00
441 0.000000000000e+00
442 0.000000000000e+00
443 0.000000000000e+00
444 0.000000000000e+00
445 0.000000000000e+00
446 5.454924301076e-01
447 1.181158571374e+01
448 0.000000000000e+00
449 1.300622502449e+00
450 4.993427511306e+00
451 8.978992549749e+00
452 0.000000000000e+00
453 4.714401930087e+00
454 0.000000000000e+00
455 8.518435937002e+00
456 0.000000000000e+00
457 0.000000000000e+00
458 1.947905127266e+01
459 2.671082835826e+01
460 0.000000000000e+00
461 6.691326340604e-01
462 5.378433101739e-01
463 0.000000000000e+00
464 1.801371427073e+01
465 3.982552183071e+00
466 0.000000000000e+00
467 9.896082870815e+00
468 5.877076549808e+00
469 1.245682123418e+01
470 1.023661694995e+01
471 0.000000000000e+00
472 0.000000000000e+00
473 3.047069348193e+00
474 1.135378620561e+01
475 0.000000000000e+00
476 0.000000000000e+00
477 3.832628715893e-01
478 3.695592060399e+00
479 7.658235451685e+00
480 1.103320287610e+01
481 9.561848005875e+00
482 0.000000000000e+00
483 5.859919537141e+00
484 1.331574183198e+01
485 0.000000000000e+00
486 4.729712920181e+00
487 3.106275030569e+00
488 2.293048713492e+00
489 0.000000000000e+00
490 3.182493463095e+00
491 3.003000058576e+00
492 2.947296959822e+00
493 8.718734474033e+00
494 0.000000000000e+00
495 9.727472555852e+00
496 6.234389808278e+00
497 0.000000000000e+00
498 0.000000000000e+00
499 0.000000000000e+00
500 7.407250646105e+00
501 0.000000000000e+00
502 0.000000000000e+00
503 0.000000000000e+00
504 0.000000000000e+00
505 0.000000000000e+00
506 0.000000000000e+00
507 4.034617311340e+00
508 0.000000000000e+00
509 6.163031383713e+00
510 0.000000000000e+00
511 0.000000000000e+00
512 0.000000000000e+00
513 0.000000000000e+00
514 0.000000000000e+00
515 0.000000000000e+00
516 6.287609670282e+00
517 0.000000000000e+00
518 0.000000000000e+00
519 0.000000000000e+00
520 0.000000000000e+00
521 0.000000000000e+00
522 0.000000000000e+00
523 0.000000000000e+00
524 0.000000000000e+00
525 0.000000000000e+00
526 1.186468682864e+00
527 2.870291624800e+00
528 7.071917137812e+00
529 9.336203047418e+00
530 1.064827527121e+01
531 0.000000000000e+00
532 0.000000000000e+00
533 7.234195685568e+00
534 0.000000000000e+00
535 2.814273133332e+00
536 6.454359348598e+00
537 6.339303053850e+00
538 0.000000000000e+00
539 0.000000000000e+00
540 5.065130601575e+00
541 0.000000000000e+00
542 0.000000000000e+00
543 4.413156518615e+00
544 0.000000000000e+00
545 1.393297813860e+01
546 0.000000000000e+00
547 0.000000000000e+00
548 0.000000000000e+00
549 1.663567148054e+00
550 1.360954438043e+01
551 2.317931515390e+00
552 1.226402989886e+01
553 0.000000000000e+00
554 7.690714177585e+00
555 0.000000000000e+00
556 8.175264863772e+00
557 0.000000000000e+00
558 0.000000000000e+00
559 0.000000000000e+00
560 0.000000000000e+00
561 1.396090908920e+01
562 0.000000000000e+00
563 5.590136731854e-01
564 1.535898052096e+00
565 1.207585883688e+01
566 1.894348609043e+01
567 6.550909791670e+00
568 2.211401455659e+00
569 3.818237157225e+00
570 1.058230753730e+01
571 3.244362209979e+00
572 0.000000000000e+00
573 0.000000000000e+00
574 0.000000000000e+00
575 9.371015792142e+00
576 1.026084069000e+00
577 0.000000000000e+00
578 5.519277048475e+00
579 0.000000000000e+00
580 0.000000000000e+00
581 0.000000000000e+00
582 0.000000000000e+00
583 1.103668592216e+01
584 0.000000000000e+00
585 5.550975455798e+00
586 2.931542830617e+00
587 0.000000000000e+00
588 0.000000000000e+00
589 0.000000000000e+00
590 0.000000000000e+00
591 1.028845723716e+00
592 0.000000000000e+00
593 2.181958080215e+00
594 0.000000000000e+00
595 8.276435409037e+00
596 5.169387536462e+00
597 0.000000000000e+00
598 1.143691687593e+01
599 0.000000000000e+00
600 0.000000000000e+00
601 0.000000000000e+00
602 0.000000000000e+00
603 0.000000000000e+00
604 0.000000000000e+00
605 0.000000000000e+00
606 0.000000000000e+00
607 0.000000000000e+00
608 0.000000000000e+00
609 0.000000000000e+00
610 0.000000000000e+00
611 0.000000000000e+00
612 0.000000000000e+00
613 0.000000000000e+00
614 0.000000000000e+00
615 0.000000000000e+00
616 0.000000000000e+00
617 0.000000000000e+00
618 0.000000000000e+00
619 0.000000000000e+00
620 0.000000000000e+00
621 0.000000000000e+00
622 0.000000000000e+00
623 6.244769765988e+00
624 8.699517654295e-01
625 0.000000000000e+00
626 0.000000000000e+00
627 6.019179787913e+00
628 1.177346225496e+01
629 2.750772852122e+00
630 0.000000000000e+00
631 0.000000000000e+00
632 1.629906674373e+00
633 1.541831928192e+01
634 1.430133791202e+00
635 5.191086721216e+00
636 2.034245914423e+01
637 1.736272329964e+01
638 0.000000000000e+00
639 6.594695105833e+00
640 1.137473315295e+01
641 2.592690235563e+00
642 0.000000000000e+00
643 0.000000000000e+00
644 0.000000000000e+00
645 1.398188634564e+01
646 0.000000000000e+00
647 1.944078017073e+00
648 0.000000000000e+00
649 7.247607062523e+00
650 0.000000000000e+00
651 0.000000000000e+00
652 0.000000000000e+00
653 1.126025701834e+00
654 1.294502870208e+01
655 0.000000000000e+00
656 0.000000000000e+00
657 0.000000000000e+00
658 0.000000000000e+00
659 0.000000000000e+00
660 1.357127545198e+00
661 0.000000000000e+00
662 0.000000000000e+00
663 0.000000000000e+00
664 5.771282421052e+00
665 0.000000000000e+00
666 6.956257343086e+00
667 0.000000000000e+00
668 0.000000000000e+00
669 0.000000000000e+00
670 1.770336159150e+00
671 1.209109895902e+01
672 1.955996325842e+00
673 2.067949224369e+00
674 2.663232711521e+00
675 1.273504257252e+01
676 3.609575244514e+00
677 2.126187703621e+00
678 1.039802690613e+01
679 6.475348973758e+00
680 1.270549563732e+01
681 9.644686619828e+00
682 9.940579588052e+00
683 2.383357554674e+00
684 5.788752529423e+00
685 7.119120453569e+00
686 0.000000000000e+00
687 1.028807580700e+01
688 8.283782742144e+00
689 0.000000000000e+00
690 0.000000000000e+00
691 0.000000000000e+00
692 4.471537047900e+00
693 0.000000000000e+00
694 0.000000000000e+00
695 0.000000000000e+00
696 1.104320861491e+01
697 2.143649254267e+01
698 0.000000000000e+00
699 2.791936793637e+00
700 4.633049624457e+00
701 2.318593372474e+00
702 0.000000000000e+00
703 0.000000000000e+00
704 0.000000000000e+00
705 0.000000000000e+00
706 3.747298791192e+00
707 0.000000000000e+00
708 0.000000000000e+00
709 0.000000000000e+00
710 0.000000000000e+00
711 0.000000000000e+00
712 0.000000000000e+00
713 0.000000000000e+00
714 0.000000000000e+00
715 0.000000000000e+00
716 6.820891099223e+00
717 0.000000000000e+00
718 0.000000000000e+00
719 0.000000000000e+00
720 0.000000000000e+00
721 0.000000000000e+00
722 0.000000000000e+00
723 0.000000000000e+00
724 0.000000000000e+00
725 0.000000000000e+00
726 0.000000000000e+00
727 0.000000000000e+00
728 0.000000000000e+00
729 0.000000000000e+00
730 0.000000000000e+00
731 0.000000000000e+00
732 7.619811855775e+00
733 0.000000000000e+00
734 0.000000000000e+00
735 0.000000000000e+00
736 0.000000000000e+00
737 0.000000000000e+00
738 0.000000000000e+00
739 0.000000000000e+00
740 0.000000000000e+00
741 0.000000000000e+00
742 0.000000000000e+00
743 0.000000000000e+00
744 4.851666648070e+00
745 0.000000000000e+00
746 0.000000000000e+00
747 0.000000000000e+00
748 0.000000000000e+00
749 1.653493776326e+00
750 0.000000000000e+00
751 7.869953900195e+00
752 0.000000000000e+00
753 2.119827768147e+00
754 5.847228861868e+00
755 0.000000000000e+00
756 0.000000000000e+00
757 0.000000000000e+00
758 0.000000000000e+00
759 0.000000000000e+00
760 7.132345008115e-01
761 1.739713699670e+01
762 0.000000000000e+00
763 0.000000000000e+00
764 4.895614526977e+00
765 9.278150257529e+00
766 0.000000000000e+00
767 2.864042549393e+00
768 0.000000000000e+00
769 0.000000000000e+00
770 1.014968173334e+01
771 0.000000000000e+00
772 0.000000000000e+00
773 2.592834327498e+00
774 3.424096670144e+00
775 0.000000000000e+00
776 1.202006512571e+01
777 3.182103273283e+00
778 8.856558003776e+00
779 1.219136841071e+01
780 0.000000000000e+00
781 1.203808140452e+01
782 0.000000000000e+00
783 7.328131204053e+00
784 5.487576540256e+00
785 9.696889296941e-01
786 0.000000000000e+00
787 0.000000000000e+00
788 0.000000000000e+00
789 7.617718305151e+00
790 0.000000000000e+00
791 0.000000000000e+00
792 5.723372619040e+00
793 0.000000000000e+00
794 2.093214355179e+00
795 0.000000000000e+00
796 0.000000000000e+00
797 0.000000000000e+00
798 4.038394087492e+00
799 3.840623876119e+00
800 0.000000000000e+00
801 0.000000000000e+00
802 0.000000000000e+00
803 0.000000000000e+00
804 0.000000000000e+00
805 0.000000000000e+00
806 7.803649034377e+00
807 0.000000000000e+00
808 1.582768526186e+00
809 1.135991090652e+01
810 8.600281303520e-01
811 2.064803500443e+01
812 0.000000000000e+00
813 7.553284125688e+00
814 9.200260278309e+00
815 0.000000000000e+00
816 0.000000000000e+00
817 0.000000000000e+00
818 0.000000000000e+00
819 0.000000000000e+00
820 9.366205658615e+00
821 0.000000000000e+00
822 0.000000000000e+00
823 0.000000000000e+00
824 0.000000000000e+00
825 8.532393764520e+00
826 0.000000000000e+00
827 0.000000000000e+00
828 1.067945766796e+01
829 0.000000000000e+00
830 0.000000000000e+00
831 0.000000000000e+00
832 0.000000000000e+00
833 0.000000000000e+00
834 1.367050381495e+01
835 0.000000000000e+00
836 0.000000000000e+00
837 0.000000000000e+00
838 6.895753453436e+00
839 0.000000000000e+00
840 9.657428811795e+00
841 6.691403377197e+00
842 0.000000000000e+00
843 7.666276070687e+00
844 0.000000000000e+00
845 9.168487629445e+00
846 0.000000000000e+00
847 0.000000000000e+00
848 0.000000000000e+00
849 0.000000000000e+00
850 0.000000000000e+00
851 0.000000000000e+00
852 0.000000000000e+00
853 2.559943839193e+00
854 0.000000000000e+00
855 0.000000000000e+00
856 0.000000000000e+00
857 3.742715753854e+00
858 1.547324535540e+01
859 0.000000000000e+00
860 0.000000000000e+00
861 3.773363726499e+00
862 1.651894136552e+01
863 6.794162647313e+00
864 0.000000000000e+00
865 4.445699051521e+00
866 0.000000000000e+00
867 0.000000000000e+00
868 3.313714117315e+00
869 0.000000000000e+00
870 3.008950376640e+00
871 3.750311288879e+00
872 0.000000000000e+00
873 1.823401055379e+01
874 0.000000000000e+00
875 5.480773803215e+00
876 9.108697998646e+00
877 0.000000000000e+00
878 0.000000000000e+00
879 0.000000000000e+00
880 1.855512637691e+01
881 0.000000000000e+00
882 5.431898430639e-01
883 0.000000000000e+00
884 8.523844396089e+00
885 7.260306185901e+00
886 7.749964568201e+00
887 3.593301670461e+00
888 0.000000000000e+00
889 1.178421655941e+01
890 3.052865172216e+00
891 0.000000000000e+00
892 0.000000000000e+00
893 0.000000000000e+00
894 2.749892502304e+00
895 0.000000000000e+00
896 0.000000000000e+00
897 6.292163483614e+00
898 0.000000000000e+00
899 0.000000000000e+00
900 0.000000000000e+00
901 2.738970191533e+00
902 7.157186649719e+00
903 0.000000000000e+00
904 0.000000000000e+00
905 0.000000000000e+00
906 0.000000000000e+00
907 0.000000000000e+00
908 0.000000000000e+00
909 0.000000000000e+00
910 0.000000000000e+00
911 0.000000000000e+00
912 0.000000000000e+00
913 0.000000000000e+00
914 0.000000000000e+00
915 0.000000000000e+00
916 0.000000000000e+00
917 0.000000000000e+00
918 2.069613519738e+00
919 1.003196685066e+00
920 0.000000000000e+00
921 0.000000000000e+00
922 3.353982871186e+00
923 0.000000000000e+00
924 0.000000000000e+00
925 0.000000000000e+00
926 8.317685067300e+00
927 6.997862036577e+00
928 0.000000000000e+00
929 3.242214681448e+00
930 1.106114894761e+01
931 7.609567911242e+00
932 8.312222651870e+00
933 2.907319636895e+00
934 3.192274728193e+00
935 1.726199568596e+01
936 0.000000000000e+00
937 6.221714247007e+00
938 1.104002767161e+01
939 6.210959691101e+00
940 5.900584651016e-01
941 3.226922625622e+00
942 5.496093363638e+00
943 0.000000000000e+00
944 1.045954856800e+00
945 2.522014065285e+00
946 1.364411985583e+01
947 2.144694586914e+01
948 7.504296471600e+00
949 3.273466047978e+00
950 2.079465107790e+00
951 1.434706878777e+00
952 1.028192596343e+01
953 0.000000000000e+00
954 0.000000000000e+00
955 0.000000000000e+00
956 1.347943127921e+01
957 1.501880704264e+00
958 0.000000000000e+00
959 0.000000000000e+00
960 1.875263042299e+00
961 4.927814334644e+00
962 0.000000000000e+00
963 2.089131602315e+00
964 1.364618297627e+01
965 4.800071614938e+00
966 2.266108868978e+01
967 0.000000000000e+00
968 7.974486894815e+00
969 9.838012320673e+00
970 8.847560864211e+00
971 0.000000000000e+00
972 1.093114098560e+01
973 4.520227226859e+00
974 7.200839826165e+00
975 1.535360387070e+01
976 0.000000000000e+00
977 9.154021972039e+00
978 8.323597015554e+00
979 1.258457303524e+00
980 0.000000000000e+00
981 1.063353434982e+00
982 1.656558935393e+01
983 0.000000000000e+00
984 0.000000000000e+00
985 0.000000000000e+00
986 0.000000000000e+00
987 0.000000000000e+00
988 6.069403653427e+00
989 1.122449698683e+01
990 0.000000000000e+00
991 1.452427718264e+00
992 0.000000000000e+00
993 0.000000000000e+00
994 0.000000000000e+00
995 0.000000000000e+00
996 0.000000000000e+00
997 0.000000000000e+00
998 0.000000000000e+00
999 0.000000000000e+00
1000 0.000000000000e+00
1001 0.000000000000e+00
1002 7.658092199614e+00
1003 0.000000000000e+00
1004 0.000000000000e+00
1005 0.000000000000e+00
1006 4.500757343597e+00
1007 9.412813788508e-01
1008 9.030670337117e+00
1009 4.298484815381e+00
1010 5.413710682286e+00
1011 7.542202289441e+00
1012 6.881171240982e+00
1013 0.000000000000e+00
1014 1.142401591796e+01
1015 1.299140285416e+01
1016 0.000000000000e+00
1017 5.276373499345e+00
1018 0.000000000000e+00
1019 0.000000000000e+00
1020 0.000000000000e+00
1021 0.000000000000e+00
1022 0.000000000000e+00
1023 0.000000000000e+00
1024 0.000000000000e+00
1025 0.000000000000e+00
1026 0.000000000000e+00
1027 0.000000000000e+00
1028 0.000000000000e+00
1029 0.000000000000e+00
1030 0.000000000000e+00
1031 0.000000000000e+00
1032 0.000000000000e+00
1033 0.000000000000e+00
1034 0.000000000000e+00
1035 0.000000000000e+00
1036 0.000000000000e+00
1037 1.265616759210e+01
1038 0.000000000000e+00
1039 0.000000000000e+00
1040 0.000000000000e+00
1041 0.000000000000e+00
1042 0.000000000000e+00
1043 0.000000000000e+00
1044 0.000000000000e+00
1045 0.000000000000e+00
1046 0.000000000000e+00
1047 2.825419925263e+00
1048 1.109957520497e+01
1049 3.515765583163e+00
1050 9.402104787106e+00
1051 2.241255366004e+01
1052 4.626652711003e+00
1053 0.000000000000e+00
1054 0.000000000000e+00
1055 0.000000000000e+00
1056 0.000000000000e+00
1057 0.000000000000e+00
1058 0.000000000000e+00
1059 3.591243291420e+00
1060 6.613790570956e+00
1061 0.000000000000e+00
1062 0.000000000000e+00
1063 0.000000000000e+00
1064 0.000000000000e+00
1065 0.000000000000e+00
1066 0.000000000000e+00
1067 0.000000000000e+00
1068 0.000000000000e+00
1069 0.000000000000e+00
1070 0.000000000000e+00
1071 4.305783763365e+00
1072 0.000000000000e+00
1073 0.000000000000e+00
1074 0.000000000000e+00
1075 0.000000000000e+00
1076 8.785121832385e+00
1077 0.000000000000e+00
1078 0.000000000000e+00
1079 0.000000000000e+00
1080 0.000000000000e+00
1081 0.000000000000e+00
1082 0.000000000000e+00
1083 0.000000000000e+00
1084 0.000000000000e+00
1085 0.000000000000e+00
1086 0.000000000000e+00
1087 0.000000000000e+00
1088 0.000000000000e+00
1089 0.000000000000e+00
1090 0.000000000000e+00
1091 0.000000000000e+00
1092 0.000000000000e+00
1093 0.000000000000e+00
1094 0.000000000000e+00
1095 0.000000000000e+00
1096 5.667464258423e+00
1097 0.000000000000e+00
1098 0.000000000000e+00
1099 0.000000000000e+00
1100 0.000000000000e+00
1101 0.000000000000e+00
1102 0.000000000000e+00
1103 0.000000000000e+00
1104 0.000000000000e+00
1105 0.000000000000e+00
1106 0.000000000000e+00
1107 0.000000000000e+00
1108 0.000000000000e+00
1109 0.000000000000e+00
1110 0.000000000000e+00
1111 0.000000000000e+00
1112 0.000000000000e+00
1113 0.000000000000e+00
1114 0.000000000000e+00
1115 0.000000000000e+00
1116 0.000000000000e+00
1117 0.000000000000e+00
1118 0.000000000000e+00
1119 0.000000000000e+00
1120 0.000000000000e+00
1121 0.000000000000e+00
1122 0.000000000000e+00
1123 0.000000000000e+00
1124 1.219094947294e+01
1125 0.000000000000e+00
1126 3.632063810941e+00
1127 6.699942390478e+00
1128 0.000000000000e+00
1129 1.119861132111e+01
1130 9.884736116861e-01
1131 1.490881902753e+01
1132 1.425167967007e+01
1133 0.000000000000e+00
1134 0.000000000000e+00
1135 0.000000000000e+00
1136 0.000000000000e+00
1137 0.000000000000e+00
1138 5.827768623789e+00
1139 0.000000000000e+00
1140 0.000000000000e+00
1141 3.521766142915e+00
1142 0.000000000000e+00
1143 0.000000000000e+00
1144 0.000000000000e+00
1145 0.000000000000e+00
1146 0.000000000000e+00
1147 4.417865093352e+00
1148 0.000000000000e+00
1149 0.000000000000e+00
1150 0.000000000000e+00
1151 0.000000000000e+00
1152 3.367423228932e+00
1153 0.000000000000e+00
1154 0.000000000000e+00
1155 0.000000000000e+00
1156 3.985740233676e+00
1157 8.111653963840e-01
1158 1.314738212609e+00
1159 9.940608308601e+00
1160 1.238904781514e+00
1161 1.502728686418e+01
1162 2.835066139221e+00
1163 9.004942908517e+00
1164 1.475458250235e+01
1165 1.606122686690e+00
1166 0.000000000000e+00
1167 1.040031636542e+01
1168 1.360791829586e+01
1169 0.000000000000e+00
1170 0.000000000000e+00
1171 0.000000000000e+00
1172 6.353320553362e-01
1173 1.606974194074e+01
1174 2.382609558867e+00
1175 1.833968797292e+01
1176 0.000000000000e+00
1177 0.000000000000e+00
1178 5.182213414714e+00
1179 5.761266952166e+00
1180 0.000000000000e+00
1181 4.967265798850e+00
1182 3.482539655674e+00
1183 0.000000000000e+00
1184 0.000000000000e+00
1185 0.000000000000e+00
1186 7.998356183712e+00
1187 7.959989394303e+00
1188 4.863723634219e+00
1189 0.000000000000e+00
1190 0.000000000000e+00
1191 1.369789435810e+01
1192 0.000000000000e+00
1193 0.000000000000e+00
1194 5.555666046821e+00
1195 7.549524559733e+00
1196 6.656552380754e+00
1197 1.114272254709e+01
1198 5.521594152929e+00
1199 1.008246748912e+01
1200 3.194619468157e+00
1201 0.000000000000e+00
1202 1.246849510482e+01
1203 0.000000000000e+00
1204 1.013303797115e+01
1205 4.667842329819e+00
1206 0.000000000000e+00
1207 9.834750049667e+00
1208 4.542885587495e+00
1209 0.000000000000e+00
1210 0.000000000000e+00
1211 4.997475779144e+00
1212 0.000000000000e+00
1213 0.000000000000e+00
1214 0.000000000000e+00
1215 0.000000000000e+00
1216 0.000000000000e+00
1217 0.000000000000e+00
1218 7.861538250735e+00
1219 7.207459172388e+00
1220 0.000000000000e+00
1221 0.000000000000e+00
1222 0.000000000000e+00
1223 0.000000000000e+00
1224 0.000000000000e+00
1225 0.000000000000e+00
1226 0.000000000000e+00
1227 0.000000000000e+00
1228 0.000000000000e+00
1229 0.000000000000e+00
1230 0.000000000000e+00
1231 0.000000000000e+00
1232 0.000000000000e+00
1233 0.000000000000e+00
1234 0.000000000000e+00
1235 0.000000000000e+00
1236 1.277611495064e+00
1237 0.000000000000e+00
1238 6.457560351164e+00
1239 0.000000000000e+00
1240 1.204870560814e+01
1241 9.668923766825e+00
1242 0.000000000000e+00
1243 7.230216838274e+00
1244 0.000000000000e+00
1245 0.000000000000e+00
1246 2.568790087498e+00
1247 0.000000000000e+00
1248 0.000000000000e+00
1249 0.000000000000e+00
1250 0.000000000000e+00
1251 1.648506580040e+01
1252 0.000000000000e+00
1253 0.000000000000e+00
1254 0.000000000000e+00
1255 0.000000000000e+00
1256 0.000000000000e+00
1257 0.000000000000e+00
1258 0.000000000000e+00
1259 0.000000000000e+00
1260 0.000000000000e+00
1261 0.000000000000e+00
1262 0.000000000000e+00
1263 6.156110101904e+00
1264 1.443825947561e+01
1265 0.000000000000e+00
1266 0.000000000000e+00
1267 0.000000000000e+00
1268 0.000000000000e+00
1269 0.000000000000e+00
1270 0.000000000000e+00
1271 0.000000000000e+00
1272 0.000000000000e+00
1273 0.000000000000e+00
1274 0.000000000000e+00
1275 0.000000000000e+00
1276 0.000000000000e+00
1277 0.000000000000e+00
1278 0.000000000000e+00
1279 0.000000000000e+00
1280 0.000000000000e+00
1281 0.000000000000e+00
1282 0.000000000000e+00
1283 0.000000000000e+00
1284 0.000000000000e+00
1285 0.000000000000e+00
1286 0.000000000000e+00
1287 0.000000000000e+00
1288 0.000000000000e+00
1289 0.000000000000e+00
1290 0.000000000000e+00
1291 0.000000000000e+00
1292 0.000000000000e+00
1293 0.000000000000e+00
1294 0.000000000000e+00
1295 0.000000000000e+00
1296 0.000000000000e+00
1297 0.000000000000e+00
1298 0.000000000000e+00
1299 0.000000000000e+00
1300 0.000000000000e+00
1301 0.000000000000e+00
1302 0.000000000000e+00
1303 0.000000000000e+00
1304 0.000000000000e+00
1305 0.000000000000e+00
1306 0.000000000000e+00
1307 0.000000000000e+00
1308 0.000000000000e+00
1309 0.000000000000e+00
1310 0.000000000000e+00
1311 0.000000000000e+00
1312 0.000000000000e+00
1313 0.000000000000e+00
1314 0.000000000000e+00
1315 0.000000000000e+00
1316 0.000000000000e+00
1317 0.000000000000e+00
1318 0.000000000000e+00
1319 0.000000000000e+00
1320 0.000000000000e+00
1321 0.000000000000e+00
1322 0.000000000000e+00
1323 0.000000000000e+00
1324 0.000000000000e+00
1325 0.000000000000e+00
1326 0.000000000000e+00
1327 0.000000000000e+00
1328 0.000000000000e+00
1329 0.000000000000e+00
1330 0.000000000000e+00
1331 0.000000000000e+00
1332 0.000000000000e+00
1333 0.000000000000e+00
1334 3.117790605641e+00
1335 0.000000000000e+00
1336 0.000000000000e+00
1337 0.000000000000e+00
1338 3.310490104996e+00
1339 0.000000000000e+00
1340 4.731538291760e-01
1341 0.000000000000e+00
1342 6.612373730961e+00
1343 0.000000000000e+00
1344 0.000000000000e+00
1345 9.873103365569e+00
1346 0.000000000000e+00
1347 3.683394954058e+00
1348 0.000000000000e+00
1349 0.000000000000e+00
1350 0.000000000000e+00
1351 0.000000000000e+00
1352 0.000000000000e+00
1353 0.000000000000e+00
1354 5.063747412115e+00
1355 0.000000000000e+00
1356 0.000000000000e+00
1357 0.000000000000e+00
1358 0.000000000000e+00
1359 0.000000000000e+00
1360 0.000000000000e+00
1361 0.000000000000e+00
1362 0.000000000000e+00
1363 1.474158169229e+00
1364 7.880899008031e-01
1365 2.051792116538e+00
1366 1.026280222933e+01
1367 5.530242945901e+00
1368 6.000859849182e+00
1369 0.000000000000e+00
1370 1.000182595846e+01
1371 4.775774754807e+00
1372 9.278855050312e+00
1373 0.000000000000e+00
1374 0.000000000000e+00
1375 0.000000000000e+00
1376 0.000000000000e+00
1377 1.311230466297e+01
1378 1.851207984089e+00
1379 0.000000000000e+00
1380 0.000000000000e+00
1381 1.313437368560e+01
1382 0.000000000000e+00
1383 7.141111986973e+00
1384 1.234425901687e+01
1385 1.012628491678e+01
1386 0.000000000000e+00
1387 0.000000000000e+00
1388 0.000000000000e+00
1389 1.186752441774e+01
1390 2.912705676056e+00
1391 0.000000000000e+00
1392 3.333860024913e+00
1393 0.000000000000e+00
1394 8.466502621893e+00
1395 0.000000000000e+00
1396 0.000000000000e+00
1397 3.216879303479e+00
1398 0.000000000000e+00
1399 6.069906731205e+00
1400 7.146288357250e+00
1401 0.000000000000e+00
1402 0.000000000000e+00
1403 0.000000000000e+00
1404 0.000000000000e+00
1405 9.897771882610e+00
1406 1.023123655086e+01
1407 0.000000000000e+00
1408 3.205553656373e+00
1409 6.710814357777e+00
1410 0.000000000000e+00
1411 0.000000000000e+00
1412 0.000000000000e+00
1413 0.000000000000e+00
1414 0.000000000000e+00
1415 0.000000000000e+00
1416 6.748566987316e-01
1417 4.283065902274e+00
1418 9.027129022613e+00
1419 1.281017986078e+01
1420 2.915012749994e+00
1421 0.000000000000e+00
1422 5.774220582522e+00
1423 5.591208808001e+00
1424 0.000000000000e+00
1425 0.000000000000e+00
1426 0.000000000000e+00
1427 0.000000000000e+00
1428 0.000000000000e+00
1429 0.000000000000e+00
1430 0.000000000000e+00
1431 0.000000000000e+00
1432 0.000000000000e+00
1433 0.000000000000e+00
1434 0.000000000000e+00
1435 0.000000000000e+00
1436 0.000000000000e+00
1437 0.000000000000e+00
1438 0.000000000000e+00
1439 0.000000000000e+00
1440 0.000000000000e+00
1441 0.000000000000e+00
1442 0.000000000000e+00
1443 0.000000000000e+00
1444 0.000000000000e+00
1445 0.000000000000e+00
1446 0.000000000000e+00
1447 0.000000000000e+00
1448 0.000000000000e+00
1449 0.000000000000e+00
1450 0.000000000000e+00
1451 0.000000000000e+00
1452 0.000000000000e+00
1453 0.000000000000e+00
1454 0.000000000000e+00
1455 0.000000000000e+00
1456 0.000000000000e+00
1457 0.000000000000e+00
1458 0.000000000000e+00
1459 1.393218087461e+01
1460 0.000000000000e+00
1461 0.000000000000e+00
1462 1.531353818042e+01
1463 0.000000000000e+00
1464 0.000000000000e+00
1465 0.000000000000e+00
1466 0.000000000000e+00
1467 0.000000000000e+00
1468 0.000000000000e+00
1469 0.000000000000e+00
1470 0.000000000000e+00
1471 0.000000000000e+00
1472 0.000000000000e+00
1473 0.000000000000e+00
1474 0.000000000000e+00
1475 0.000000000000e+00
1476 7.554453910386e+00
1477 2.894213476298e+01
1478 0.000000000000e+00
1479 0.000000000000e+00
1480 4.844630784287e+00
1481 0.000000000000e+00
1482 5.821113006149e+00
1483 0.000000000000e+00
1484 0.000000000000e+00
1485 0.000000000000e+00
1486 0.000000000000e+00
1487 0.000000000000e+00
1488 0.000000000000e+00
1489 0.000000000000e+00
1490 0.000000000000e+00
1491 0.000000000000e+00
1492 0.000000000000e+00
1493 0.000000000000e+00
1494 0.000000000000e+00
1495 0.000000000000e+00
1496 0.000000000000e+00
1497 0.000000000000e+00
1498 7.050883001255e+00
1499 0.000000000000e+00
1500 0.000000000000e+00
1501 0.000000000000e+00
1502 0.000000000000e+00
1503 0.000000000000e+00
1504 0.000000000000e+00
1505 4.971471750672e+00
1506 0.000000000000e+00
1507 0.000000000000e+00
1508 1.012056580537e+01
1509 2.816613207601e-01
1510 2.181615222796e+01
1511 1.467936356147e+00
1512 0.000000000000e+00
1513 2.065080438874e+00
1514 1.243492060066e+01
1515 0.000000000000e+00
1516 7.065064279574e+00
1517 2.488488124178e+00
1518 0.000000000000e+00
1519 0.000000000000e+00
1520 0.000000000000e+00
1521 0.000000000000e+00
1522 0.000000000000e+00
1523 1.457891953586e+00
1524 3.102931634480e+00
1525 0.000000000000e+00
1526 1.144643990233e+01
1527 0.000000000000e+00
1528 8.025191800924e+00
1529 1.104920235826e+01
1530 5.607095736235e+00
1531 0.000000000000e+00
1532 0.000000000000e+00
1533 0.000000000000e+00
1534 0.000000000000e+00
1535 0.000000000000e+00
1536 0.000000000000e+00
1537 0.000000000000e+00
1538 0.000000000000e+00
1539 0.000000000000e+00
1540 0.000000000000e+00
1541 0.000000000000e+00
1542 0.000000000000e+00
1543 0.000000000000e+00
1544 0.000000000000e+00
1545 0.000000000000e+00
1546 6.523221880759e+00
1547 0.000000000000e+00
1548 0.000000000000e+00
1549 0.000000000000e+00
1550 0.000000000000e+00
1551 0.000000000000e+00
1552 0.000000000000e+00
1553 0.000000000000e+00
1554 0.000000000000e+00
1555 0.000000000000e+00
1556 0.000000000000e+00
1557 0.000000000000e+00
1558 0.000000000000e+00
1559 0.000000000000e+00
1560 0.000000000000e+00
1561 0.000000000000e+00
1562 0.000000000000e+00
1563 0.000000000000e+00
1564 0.000000000000e+00
1565 0.000000000000e+00
1566 0.000000000000e+00
1567 0.000000000000e+00
1568 0.000000000000e+00
1569 0.000000000000e+00
1570 0.000000000000e+00
1571 0.000000000000e+00
1572 9.401781384652e+00
1573 1.095601430079e+00
1574 0.000000000000e+00
1575 5.305199905480e+00
1576 3.645072697216e+00
1577 3.818357370939e+00
1578 0.000000000000e+00
1579 0.000000000000e+00
1580 9.493321443522e+00
1581 1.741293836376e+00
1582 0.000000000000e+00
1583 1.940758922235e+01
1584 1.672269259520e+01
1585 0.000000000000e+00
1586 0.000000000000e+00
1587 0.000000000000e+00
1588 0.000000000000e+00
1589 2.165016444151e+00
1590 1.119316113163e+00
1591 1.620442125265e+01
1592 4.710480177194e+00
1593 5.179098818998e+00
1594 1.292952866462e+01
1595 7.021395121275e+00
1596 0.000000000000e+00
1597 9.307406684851e+00
1598 7.610136631346e+00
1599 0.000000000000e+00
1600 4.270916044912e+00
1601 0.000000000000e+00
1602 1.541632258292e+00
1603 1.910768473191e+01
1604 0.000000000000e+00
1605 0.000000000000e+00
1606 0.000000000000e+00
1607 0.000000000000e+00
1608 0.000000000000e+00
1609 0.000000000000e+00
1610 0.000000000000e+00
1611 0.000000000000e+00
1612 3.475485071560e+00
1613 0.000000000000e+00
1614 0.000000000000e+00
1615 0.000000000000e+00
1616 4.174701602395e+00
1617 0.000000000000e+00
1618 0.000000000000e+00
1619 8.499867512507e+00
1620 0.000000000000e+00
1621 0.000000000000e+00
1622 0.000000000000e+00
1623 0.000000000000e+00
1624 0.000000000000e+00
1625 2.413974126803e+01
1626 3.922719408826e+00
1627 6.789680094637e+00
1628 1.196281126502e+01
1629 6.458304055152e+00
1630 0.000000000000e+00
1631 0.000000000000e+00
1632 4.946695112343e+00
1633 0.000000000000e+00
1634 5.168859020992e+00
1635 0.000000000000e+00
1636 0.000000000000e+00
1637 1.248307746574e+01
1638 1.435461877328e-01
1639 0.000000000000e+00
1640 5.717003067630e-01
1641 1.210479366469e+01
1642 9.900883721727e+00
1643 0.000000000000e+00
1644 2.793758727959e+00
1645 3.906533154098e+00
1646 6.713440021120e+00
1647 0.000000000000e+00
1648 0.000000000000e+00
1649 0.000000000000e+00
1650 0.000000000000e+00
1651 1.106890399964e+01
1652 4.743372150755e+00
1653 0.000000000000e+00
1654 9.452412367402e+00
1655 4.688779304517e+00
1656 0.000000000000e+00
1657 0.000000000000e+00
1658 4.010432883279e+00
1659 8.624184253313e+00
1660 0.000000000000e+00
1661 0.000000000000e+00
1662 1.211376108974e+00
1663 0.000000000000e+00
1664 4.891886424106e+00
1665 6.300278692159e+00
1666 1.112690421170e+01
1667 3.712735826537e+00
1668 0.000000000000e+00
1669 0.000000000000e+00
1670 0.000000000000e+00
1671 0.000000000000e+00
1672 0.000000000000e+00
1673 0.000000000000e+00
1674 0.000000000000e+00
1675 9.150855567459e-01
1676 9.943805098894e-01
1677 2.888953108130e+00
1678 0.000000000000e+00
1679 0.000000000000e+00
1680 0.000000000000e+00
1681 2.607663870563e+00
1682 6.799303373729e+00
1683 3.234872965689e+00
1684 7.002942804245e+00
1685 7.560570186249e+00
1686 2.212262422637e+01
1687 6.112942654198e+00
1688 0.000000000000e+00
1689 0.000000000000e+00
1690 0.000000000000e+00
1691 0.000000000000e+00
1692 0.000000000000e+00
1693 0.000000000000e+00
1694 4.335715845509e+00
1695 4.325650408918e+00
1696 0.000000000000e+00
1697 0.000000000000e+00
1698 1.301180363416e+00
1699 0.000000000000e+00
1700 1.604088289071e+01
1701 0.000000000000e+00
1702 9.166954993915e-01
1703 1.630266133903e+01
1704 1.584181864708e+00
1705 2.404477493407e+00
1706 1.762533754419e+01
1707 1.031199712940e+01
1708 0.000000000000e+00
1709 1.011754156654e+01
1710 0.000000000000e+00
1711 0.000000000000e+00
1712 0.000000000000e+00
1713 5.144090526821e+00
1714 1.079620714566e+01
1715 0.000000000000e+00
1716 0.000000000000e+00
1717 7.652593614396e+00
1718 1.052912198376e+01
1719 0.000000000000e+00
1720 0.000000000000e+00
1721 0.000000000000e+00
1722 0.000000000000e+00
1723 0.000000000000e+00
1724 0.000000000000e+00
1725 0.000000000000e+00
1726 2.812195883499e+00
1727 2.389818004926e+01
1728 4.323417951491e+00
1729 0.000000000000e+00
1730 0.000000000000e+00
1731 2.563070746136e+00
1732 0.000000000000e+00
1733 0.000000000000e+00
1734 0.000000000000e+00
1735 0.000000000000e+00
1736 9.452895326103e+00
1737 8.713868389929e+00
1738 0.000000000000e+00
1739 0.000000000000e+00
1740 0.000000000000e+00
1741 4.385964620596e+00
1742 0.000000000000e+00
1743 0.000000000000e+00
1744 1.172878980077e+01
1745 6.730904494234e-01
1746 9.831005199022e-01
1747 0.000000000000e+00
1748 2.962977970125e+00
1749 2.192420220866e+01
1750 0.000000000000e+00
1751 0.000000000000e+00
1752 2.360150928661e+00
1753 1.024556545878e+01
1754 4.978720103529e+00
1755 0.000000000000e+00
1756 0.000000000000e+00
1757 0.000000000000e+00
1758 9.131360204327e+00
1759 0.000000000000e+00
1760 0.000000000000e+00
1761 1.074341397646e+01
1762 9.416178060088e+00
1763 0.000000000000e+00
1764 0.000000000000e+00
1765 0.000000000000e+00
1766 0.000000000000e+00
1767 0.000000000000e+00
1768 0.000000000000e+00
1769 0.000000000000e+00
1770 0.000000000000e+00
1771 0.000000000000e+00
1772 0.000000000000e+00
1773 0.000000000000e+00
1774 0.000000000000e+00
1775 0.000000000000e+00
1776 6.916567619190e+00
1777 0.000000000000e+00
1778 1.512293509362e+00
1779 0.000000000000e+00
1780 0.000000000000e+00
1781 0.000000000000e+00
1782 0.000000000000e+00
1783 7.365495415504e+00
1784 1.986341203995e+00
1785 6.448619334707e+00
1786 0.000000000000e+00
1787 0.000000000000e+00
1788 1.573523842058e+01
1789 0.000000000000e+00
1790 0.000000000000e+00
1791 0.000000000000e+00
1792 0.000000000000e+00
1793 0.000000000000e+00
1794 0.000000000000e+00
1795 0.000000000000e+00
1796 0.000000000000e+00
1797 2.890478410972e+00
1798 0.000000000000e+00
1799 0.000000000000e+00
1800 0.000000000000e+00
1801 0.000000000000e+00
1802 0.000000000000e+00
1803 0.000000000000e+00
1804 0.000000000000e+00
1805 0.000000000000e+00
1806 3.670306457970e+00
1807 0.000000000000e+00
1808 6.861267480701e+00
1809 0.000000000000e+00
1810 0.000000000000e+00
1811 3.005612287951e+00
1812 0.000000000000e+00
1813 2.009134423456e+00
1814 0.000000000000e+00
1815 0.000000000000e+00
1816 0.000000000000e+00
1817 3.995410401967e+00
1818 1.758833654166e+01
1819 1.478716186382e+01
1820 0.000000000000e+00
1821 0.000000000000e+00
1822 0.000000000000e+00
1823 0.000000000000e+00
1824 0.000000000000e+00
1825 0.000000000000e+00
1826 0.000000000000e+00
1827 0.000000000000e+00
1828 0.000000000000e+00
1829 0.000000000000e+00
1830 0.000000000000e+00
1831 0.000000000000e+00
1832 1.716971306016e+01
1833 9.704608102394e-01
1834 2.665048183135e+00
1835 3.760788992996e+00
1836 3.476433100680e+00
1837 1.713316028200e+01
1838 3.532454481071e+00
1839 0.000000000000e+00
1840 1.021873948896e+01
1841 0.000000000000e+00
1842 2.174400333857e+00
1843 7.492362362788e+00
1844 0.000000000000e+00
1845 0.000000000000e+00
1846 1.321325123183e+00
1847 1.347680054535e+01
1848 0.000000000000e+00
1849 0.000000000000e+00
1850 3.339331432894e+00
1851 1.157073545925e+01
1852 6.187639569078e+00
1853 0.000000000000e+00
1854 0.000000000000e+00
1855 8.386608586516e+00
1856 5.526020707451e+00
1857 0.000000000000e+00
1858 1.737855891691e+01
1859 2.171722423781e+01
1860 0.000000000000e+00
1861 0.000000000000e+00
1862 0.000000000000e+00
1863 0.000000000000e+00
1864 0.000000000000e+00
1865 0.000000000000e+00
1866 2.119949006470e+00
1867 0.000000000000e+00
1868 0.000000000000e+00
1869 0.000000000000e+00
1870 0.000000000000e+00
1871 0.000000000000e+00
1872 0.000000000000e+00
1873 5.043012469060e+00
1874 2.890930313641e+00
1875 0.000000000000e+00
1876 0.000000000000e+00
1877 8.343651661058e-01
1878 0.000000000000e+00
1879 0.000000000000e+00
1880 0.000000000000e+00
1881 0.000000000000e+00
1882 0.000000000000e+00
1883 1.220295642497e+01
1884 1.238336463350e+00
1885 0.000000000000e+00
1886 1.810950194092e+00
1887 1.110698654537e+01
1888 7.438200664735e+00
1889 2.346025825459e+01
1890 2.719032666306e+01
1891 7.690515961415e+00
1892 0.000000000000e+00
1893 0.000000000000e+00
1894 0.000000000000e+00
1895 0.000000000000e+00
1896 0.000000000000e+00
1897 0.000000000000e+00
1898 7.545152250619e+00
1899 9.178376927489e+00
1900 0.000000000000e+00
1901 0.000000000000e+00
1902 7.973874641479e+00
1903 8.398432337395e+00
1904 0.000000000000e+00
1905 0.000000000000e+00
1906 0.000000000000e+00
1907 0.000000000000e+00
1908 5.620885638380e+00
1909 5.569669382420e+00
1910 0.000000000000e+00
1911 4.674042737928e+00
1912 8.602204613575e+00
1913 6.958214127076e+00
1914 0.000000000000e+00
1915 3.973464320950e+00
1916 0.000000000000e+00
1917 0.000000000000e+00
1918 0.000000000000e+00
1919 0.000000000000e+00
1920 0.000000000000e+00
1921 3.357080854824e+00
1922 2.242534503560e+00
1923 0.000000000000e+00
1924 1.188223101092e+01
1925 9.786849248358e+00
1926 7.831311028518e+00
1927 1.211419771101e+01
1928 1.845937485852e+00
1929 0.000000000000e+00
1930 0.000000000000e+00
1931 4.453995481081e+00
1932 6.103971380778e+00
1933 0.000000000000e+00
1934 0.000000000000e+00
1935 0.000000000000e+00
1936 0.000000000000e+00
1937 0.000000000000e+00
1938 5.720350754357e+00
1939 1.554968904127e+01
1940 0.000000000000e+00
1941 4.801723813320e+00
1942 1.009071697473e+01
1943 5.270201725171e+00
1944 0.000000000000e+00
1945 0.000000000000e+00
1946 7.983384020508e-01
1947 0.000000000000e+00
1948 2.946693243930e+00
1949 3.845405803269e-01
1950 5.411552134138e+00
1951 8.620632125707e+00
1952 1.900211964899e+01
1953 0.000000000000e+00
1954 3.452697638852e+00
1955 5.366610652781e+00
1956 0.000000000000e+00
1957 0.000000000000e+00
1958 0.000000000000e+00
1959 0.000000000000e+00
1960 0.000000000000e+00
1961 0.000000000000e+00
1962 0.000000000000e+00
1963 0.000000000000e+00
1964 0.000000000000e+00
1965 0.000000000000e+00
1966 0.000000000000e+00
1967 0.000000000000e+00
1968 0.000000000000e+00
1969 0.000000000000e+00
1970 0.000000000000e+00
1971 0.000000000000e+00
1972 0.000000000000e+00
1973 0.000000000000e+00
1974 0.000000000000e+00
1975 0.000000000000e+00
1976 0.000000000000e+00
1977 0.000000000000e+00
1978 0.000000000000e+00
1979 0.000000000000e+00
1980 0.000000000000e+00
1981 0.000000000000e+00
1982 0.000000000000e+00
1983 0.000000000000e+00
1984 0.000000000000e+00
1985 0.000000000000e+00
1986 1.793025913548e+00
1987 0.000000000000e+00
1988 0.000000000000e+00
1989 0.000000000000e+00
1990 0.000000000000e+00
1991 9.028949723473e+00
1992 5.001365879808e+00
1993 0.000000000000e+00
1994 0.000000000000e+00
1995 2.123186889925e+00
1996 7.465988669654e+00
1997 4.714871315839e-01
1998 0.000000000000e+00
1999 3.835883560245e+00
2000 1.941668648784e+01
2001 2.294244696633e+01
2002 7.562701058663e+00
2003 0.000000000000e+00
2004 0.000000000000e+00
2005 0.000000000000e+00
2006 0.000000000000e+00
2007 0.000000000000e+00
2008 1.101473305821e+01
2009 4.334032049697e+00
2010 1.193289483887e+00
2011 0.000000000000e+00
2012 0.000000000000e+00
2013 0.000000000000e+00
2014 0.000000000000e+00
2015 1.583586019756e+01
2016 1.998941203970e+00
2017 7.447525656270e+00
2018 0.000000000000e+00
2019 0.000000000000e+00
2020 0.000000000000e+00
2021 0.000000000000e+00
2022 1.314905663852e+01
2023 0.000000000000e+00
2024 0.000000000000e+00
2025 0.000000000000e+00
2026 0.000000000000e+00
2027 0.000000000000e+00
2028 0.000000000000e+00
2029 0.000000000000e+00
2030 0.000000000000e+00
2031 0.000000000000e+00
2032 0.000000000000e+00
2033 0.000000000000e+00
2034 0.000000000000e+00
2035 0.000000000000e+00
2036 0.000000000000e+00
2037 0.000000000000e+00
2038 0.000000000000e+00
2039 0.000000000000e+00
2040 0.000000000000e+00
2041 0.000000000000e+00
2042 0.000000000000e+00
2043 0.000000000000e+00
2044 0.000000000000e+00
2045 0.000000000000e+00
2046 3.493780902459e+00
2047 0.000000000000e+00
2048 0.000000000000e+00
2049 0.000000000000e+00
2050 6.932795654933e+00
2051 2.113469734472e+01
2052 0.000000000000e+00
2053 4.059801531226e+00
2054 0.000000000000e+00
2055 9.399760739060e+00
2056 0.000000000000e+00
2057 0.000000000000e+00
2058 0.000000000000e+00
2059 0.000000000000e+00
2060 1.164686480480e+01
2061 0.000000000000e+00
2062 0.000000000000e+00
2063 1.927903773650e+00
2064 0.000000000000e+00
2065 0.000000000000e+00
2066 0.000000000000e+00
2067 0.000000000000e+00
2068 7.171741249826e+00
2069 3.098531149279e-01
2070 1.345903256865e+00
2071 4.686908021584e-01
2072 1.106674132057e+01
2073 2.706828079443e+01
2074 6.422686221593e+00
2075 3.112010127962e+00
2076 3.830346715504e+00
2077 1.257343876840e+01
2078 1.585449580302e+00
2079 0.000000000000e+00
2080 0.000000000000e+00
2081 0.000000000000e+00
2082 1.150684904702e+01
2083 4.586100505628e+00
2084 0.000000000000e+00
2085 5.676964273435e+00
2086 1.125043526942e+01
2087 0.000000000000e+00
2088 0.000000000000e+00
2089 0.000000000000e+00
2090 4.696511786494e+00
2091 0.000000000000e+00
2092 0.000000000000e+00
2093 1.859673619904e+00
2094 1.208417759445e+01
2095 2.110378260452e+01
2096 3.853044536572e+00
2097 6.154606425244e+00
2098 0.000000000000e+00
2099 0.000000000000e+00
2100 0.000000000000e+00
2101 0.000000000000e+00
2102 0.000000000000e+00
2103 0.000000000000e+00
2104 0.000000000000e+00
2105 7.267390706482e+00
2106 0.000000000000e+00
2107 0.000000000000e+00
2108 0.000000000000e+00
2109 0.000000000000e+00
2110 0.000000000000e+00
2111 0.000000000000e+00
2112 0.000000000000e+00
2113 0.000000000000e+00
2114 0.000000000000e+00
2115 0.000000000000e+00
2116 0.000000000000e+00
2117 0.000000000000e+00
2118 0.000000000000e+00
2119 0.000000000000e+00
2120 0.000000000000e+00
2121 0.000000000000e+00
2122 1.293828488506e-01
2123 2.107985814072e+00
2124 8.385976493583e+00
2125 3.500090337596e+00
2126 0.000000000000e+00
2127 9.471016729986e+00
2128 1.020684841538e+01
2129 6.589527222503e+00
2130 9.461203267356e+00
2131 0.000000000000e+00
2132 0.000000000000e+00
2133 0.000000000000e+00
2134 1.402726435919e+01
2135 0.000000000000e+00
2136 0.000000000000e+00
2137 0.000000000000e+00
2138 0.000000000000e+00
2139 0.000000000000e+00
2140 0.000000000000e+00
2141 0.000000000000e+00
2142 0.000000000000e+00
2143 0.000000000000e+00
2144 0.000000000000e+00
2145 0.000000000000e+00
2146 0.000000000000e+00
2147 0.000000000000e+00
2148 0.000000000000e+00
2149 0.000000000000e+00
2150 0.000000000000e+00
2151 0.000000000000e+00
2152 0.000000000000e+00
2153 0.000000000000e+00
2154 2.587539945982e+00
2155 0.000000000000e+00
2156 0.000000000000e+00
2157 0.000000000000e+00
2158 7.012532069046e+00
2159 0.000000000000e+00
2160 0.000000000000e+00
2161 6.816834053589e+00
2162 0.000000000000e+00
2163 1.405814819425e+00
2164 4.472510386322e+00
2165 0.000000000000e+00
2166 2.669410913699e+00
2167 1.164941190727e+01
2168 0.000000000000e+00
2169 8.511207090286e-01
2170 8.624552239722e+00
2171 1.810535965288e+01
2172 1.936709718915e+01
2173 1.297673070780e+01
2174 0.000000000000e+00
2175 1.059846045347e+01
2176 0.000000000000e+00
2177 1.054580706806e+01
2178 1.099811579595e+01
2179 0.000000000000e+00
2180 0.000000000000e+00
2181 2.282717782153e+00
2182 7.375406786191e+00
2183 9.061250429891e-01
2184 0.000000000000e+00
2185 0.000000000000e+00
2186 3.971975646422e+00
2187 0.000000000000e+00
2188 1.600421356306e+00
2189 0.000000000000e+00
2190 6.649941441378e+00
2191 8.322431505415e+00
2192 0.000000000000e+00
2193 6.746259321959e+00
2194 0.000000000000e+00
2195 1.220953996018e+01
2196 0.000000000000e+00
2197 1.113703212502e+01
2198 7.652090979666e+00
2199 0.000000000000e+00
2200 0.000000000000e+00
2201 0.000000000000e+00
2202 0.000000000000e+00
2203 1.223880896467e+01
2204 0.000000000000e+00
2205 0.000000000000e+00
2206 0.000000000000e+00
2207 0.000000000000e+00
2208 0.000000000000e+00
2209 0.000000000000e+00
2210 0.000000000000e+00
2211 0.000000000000e+00
2212 0.000000000000e+00
2213 0.000000000000e+00
2214 0.000000000000e+00
2215 0.000000000000e+00
2216 0.000000000000e+00
2217 0.000000000000e+00
2218 0.000000000000e+00
2219 0.000000000000e+00
2220 0.000000000000e+00
2221 0.000000000000e+00
2222 0.000000000000e+00
2223 0.000000000000e+00
2224 5.203042142101e+00
2225 0.000000000000e+00
2226 0.000000000000e+00
2227 0.000000000000e+00
2228 0.000000000000e+00
2229 0.000000000000e+00
2230 0.000000000000e+00
2231 1.180471677146e+01
2232 5.884105209078e-01
2233 0.000000000000e+00
2234 3.924560637663e+00
2235 1.250522817688e+01
2236 1.839834099091e+01
2237 0.000000000000e+00
2238 0.000000000000e+00
2239 0.000000000000e+00
2240 0.000000000000e+00
2241 4.314077563909e+00
2242 9.348914754049e+00
2243 0.000000000000e+00
2244 0.000000000000e+00
2245 0.000000000000e+00
2246 0.000000000000e+00
2247 1.301040153703e+00
2248 0.000000000000e+00
2249 4.498342644762e+00
2250 0.000000000000e+00
2251 9.634507273711e+00
2252 0.000000000000e+00
2253 0.000000000000e+00
2254 0.000000000000e+00
2255 0.000000000000e+00
2256 0.000000000000e+00
2257 0.000000000000e+00
2258 0.000000000000e+00
2259 0.000000000000e+00
2260 0.000000000000e+00
2261 0.000000000000e+00
2262 0.000000000000e+00
2263 3.401292630306e+00
2264 0.000000000000e+00
2265 0.000000000000e+00
2266 4.183851298453e+00
2267 0.000000000000e+00
2268 0.000000000000e+00
2269 8.792216349610e+00
2270 7.207101962350e+00
2271 3.839625178916e+00
2272 0.000000000000e+00
2273 7.106253685671e+00
2274 0.000000000000e+00
2275 0.000000000000e+00
2276 0.000000000000e+00
2277 0.000000000000e+00
2278 0.000000000000e+00
2279 0.000000000000e+00
2280 0.000000000000e+00
2281 0.000000000000e+00
2282 6.099334360298e+00
2283 0.000000000000e+00
2284 0.000000000000e+00
2285 4.465987438761e+00
2286 0.000000000000e+00
2287 0.000000000000e+00
2288 0.000000000000e+00
2289 0.000000000000e+00
2290 0.000000000000e+00
2291 0.000000000000e+00
2292 0.000000000000e+00
2293 0.000000000000e+00
2294 0.000000000000e+00
2295 0.000000000000e+00
2296 0.000000000000e+00
2297 0.000000000000e+00
2298 0.000000000000e+00
2299 0.000000000000e+00
2300 0.000000000000e+00
2301 0.000000000000e+00
2302 0.000000000000e+00
2303 0.000000000000e+00
2304 0.000000000000e+00
2305 0.000000000000e+00
2306 0.000000000000e+00
2307 0.000000000000e+00
2308 0.000000000000e+00
2309 0.000000000000e+00
2310 0.000000000000e+00
2311 0.000000000000e+00
2312 0.000000000000e+00
2313 0.000000000000e+00
2314 0.000000000000e+00
2315 0.000000000000e+00
2316 0.000000000000e+00
2317 0.000000000000e+00
2318 0.000000000000e+00
2319 0.000000000000e+00
2320 0.000000000000e+00
2321 0.000000000000e+00
2322 0.000000000000e+00
2323 7.252616091786e+00
2324 0.000000000000e+00
2325 4.491834520698e+00
2326 1.659788409159e+00
2327 0.000000000000e+00
2328 4.456339178423e+00
2329 0.000000000000e+00
2330 4.255349523377e+00
2331 5.204361365341e+00
2332 0.000000000000e+00
2333 0.000000000000e+00
2334 0.000000000000e+00
2335 0.000000000000e+00
2336 1.637165293458e+01
2337 4.464408585545e+00
2338 0.000000000000e+00
2339 2.068976119976e+00
2340 0.000000000000e+00
2341 0.000000000000e+00
2342 0.000000000000e+00
2343 0.000000000000e+00
2344 0.000000000000e+00
2345 0.000000000000e+00
2346 0.000000000000e+00
2347 0.000000000000e+00
2348 6.982118404957e+00
2349 0.000000000000e+00
2350 0.000000000000e+00
2351 0.000000000000e+00
2352 0.000000000000e+00
2353 0.000000000000e+00
2354 0.000000000000e+00
2355 0.000000000000e+00
2356 0.000000000000e+00
2357 0.000000000000e+00
2358 0.000000000000e+00
2359 6.627964450957e+00
2360 0.000000000000e+00
2361 0.000000000000e+00
2362 0.000000000000e+00
2363 0.000000000000e+00
2364 0.000000000000e+00
2365 0.000000000000e+00
2366 0.000000000000e+00
2367 0.000000000000e+00
2368 0.000000000000e+00
2369 0.000000000000e+00
2370 0.000000000000e+00
2371 0.000000000000e+00
2372 0.000000000000e+00
2373 0.000000000000e+00
2374 0.000000000000e+00
2375 0.000000000000e+00
2376 0.000000000000e+00
2377 0.000000000000e+00
2378 0.000000000000e+00
2379 0.000000000000e+00
2380 0.000000000000e+00
2381 0.000000000000e+00
2382 0.000000000000e+00
2383 0.000000000000e+00
2384 4.855351624765e+00
2385 1.254378450758e+01
2386 0.000000000000e+00
2387 0.000000000000e+00
2388 1.561913483342e+00
2389 6.122888576450e+00
2390 0.000000000000e+00
2391 5.280478007956e+00
2392 0.000000000000e+00
2393 5.792764502388e+00
2394 6.601235364353e+00
2395 0.000000000000e+00
2396 0.000000000000e+00
2397 0.000000000000e+00
2398 0.000000000000e+00
2399 6.289778907590e+00
2400 0.000000000000e+00
2401 0.000000000000e+00
2402 0.000000000000e+00
2403 4.497644916681e+00
2404 0.000000000000e+00
2405 0.000000000000e+00
2406 5.158635064354e+00
2407 0.000000000000e+00
2408 0.000000000000e+00
2409 1.223738865972e+00
2410 3.810325520024e+00
2411 8.444441638171e+00
2412 3.872387514755e+00
2413 0.000000000000e+00
2414 6.068744826349e+00
2415 0.000000000000e+00
2416 1.564388923693e+00
2417 1.390020187453e+01
2418 3.245081108099e+00
2419 0.000000000000e+00
2420 4.738880674094e+00
2421 3.230036692296e+00
2422 9.366305159457e+00
2423 0.000000000000e+00
2424 0.000000000000e+00
2425 0.000000000000e+00
2426 7.372733709531e+00
2427 0.000000000000e+00
2428 0.000000000000e+00
2429 0.000000000000e+00
2430 9.762369877230e+00
2431 0.000000000000e+00
2432 0.000000000000e+00
2433 0.000000000000e+00
2434 5.034310861873e+00
2435 0.000000000000e+00
2436 0.000000000000e+00
2437 0.000000000000e+00
2438 0.000000000000e+00
2439 0.000000000000e+00
2440 0.000000000000e+00
2441 0.000000000000e+00
2442 0.000000000000e+00
2443 5.553131164665e+00
2444 0.000000000000e+00
2445 0.000000000000e+00
2446 0.000000000000e+00
2447 1.000099908437e+00
2448 0.000000000000e+00
2449 2.919561897225e+00
2450 1.619634411525e+01
2451 2.057836972253e+01
2452 0.000000000000e+00
2453 3.633848269632e+00
2454 5.223094090415e+00
2455 0.000000000000e+00
2456 5.772770986538e+00
2457 4.228039576885e+00
2458 4.760716642959e+00
2459 0.000000000000e+00
2460 2.952281539702e+00
2461 1.384939819658e+01
2462 4.313572157245e+00
2463 0.000000000000e+00
2464 0.000000000000e+00
2465 4.029594721982e+00
2466 0.000000000000e+00
2467 1.659267449081e+00
2468 0.000000000000e+00
2469 0.000000000000e+00
2470 0.000000000000e+00
2471 0.000000000000e+00
2472 1.149876138967e+01
2473 0.000000000000e+00
2474 1.115480807383e+01
2475 0.000000000000e+00
2476 2.277322645388e+00
2477 8.611912361820e+00
2478 0.000000000000e+00
2479 0.000000000000e+00
2480 0.000000000000e+00
2481 0.000000000000e+00
2482 0.000000000000e+00
2483 1.461492514877e+00
2484 2.488373792822e+00
2485 3.761736519280e+00
2486 1.197096478448e+01
2487 0.000000000000e+00
2488 7.955594269837e+00
2489 3.017395080535e+00
2490 8.182179441259e+00
2491 8.507564324044e+00
2492 0.000000000000e+00
2493 0.000000000000e+00
2494 0.000000000000e+00
2495 0.000000000000e+00
2496 0.000000000000e+00
2497 0.000000000000e+00
2498 0.000000000000e+00
2499 0.000000000000e+00
2500 0.000000000000e+00
2501 0.000000000000e+00
2502 0.000000000000e+00
2503 0.000000000000e+00
2504 0.000000000000e+00
2505 0.000000000000e+00
2506 0.000000000000e+00
2507 0.000000000000e+00
2508 0.000000000000e+00
2509 0.000000000000e+00
2510 0.000000000000e+00
2511 0.000000000000e+00
2512 0.000000000000e+00
2513 0.000000000000e+00
2514 0.000000000000e+00
2515 0.000000000000e+00
2516 0.000000000000e+00
2517 0.000000000000e+00
2518 1.014210365361e+00
2519 0.000000000000e+00
2520 0.000000000000e+00
2521 0.000000000000e+00
2522 0.000000000000e+00
2523 1.099515111972e+01
2524 1.585408069185e+00
2525 0.000000000000e+00
2526 1.094852637351e+01
2527 3.724169640369e+00
2528 0.000000000000e+00
2529 0.000000000000e+00
2530 0.000000000000e+00
2531 0.000000000000e+00
2532 0.000000000000e+00
2533 0.000000000000e+00
2534 0.000000000000e+00
2535 0.000000000000e+00
2536 0.000000000000e+00
2537 0.000000000000e+00
2538 0.000000000000e+00
2539 0.000000000000e+00
2540 0.000000000000e+00
2541 0.000000000000e+00
2542 0.000000000000e+00
2543 0.000000000000e+00
2544 0.000000000000e+00
2545 0.000000000000e+00
2546 0.000000000000e+00
2547 0.000000000000e+00
2548 0.000000000000e+00
2549 0.000000000000e+00
2550 0.000000000000e+00
2551 0.000000000000e+00
2552 0.000000000000e+00
2553 5.292218752442e+00
2554 9.922897050235e+00
2555 1.058205488215e+01
2556 0.000000000000e+00
2557 0.000000000000e+00
2558 1.104907367094e+00
2559 0.000000000000e+00
2560 0.000000000000e+00
2561 1.661672241841e+00
2562 0.000000000000e+00
2563 0.000000000000e+00
2564 0.000000000000e+00
2565 0.000000000000e+00
2566 0.000000000000e+00
2567 0.000000000000e+00
2568 0.000000000000e+00
2569 0.000000000000e+00
2570 0.000000000000e+00
2571 0.000000000000e+00
2572 0.000000000000e+00
2573 0.000000000000e+00
2574 0.000000000000e+00
2575 0.000000000000e+00
2576 0.000000000000e+00
2577 0.000000000000e+00
2578 0.000000000000e+00
2579 0.000000000000e+00
2580 0.000000000000e+00
2581 0.000000000000e+00
2582 0.000000000000e+00
2583 0.000000000000e+00
2584 0.000000000000e+00
2585 0.000000000000e+00
2586 0.000000000000e+00
2587 0.000000000000e+00
2588 0.000000000000e+00
2589 0.000000000000e+00
2590 0.000000000000e+00
2591 0.000000000000e+00
2592 3.507037795849e-01
2593 3.100350949341e+00
2594 3.454043355290e+00
2595 1.950954148483e+01
2596 2.158376491645e+01
2597 0.000000000000e+00
2598 0.000000000000e+00
2599 0.000000000000e+00
2600 5.497997568655e+00
2601 0.000000000000e+00
2602 0.000000000000e+00
2603 0.000000000000e+00
2604 9.670474066426e+00
2605 0.000000000000e+00
2606 0.000000000000e+00
2607 0.000000000000e+00
2608 8.593331560138e+00
2609 0.000000000000e+00
2610 0.000000000000e+00
2611 0.000000000000e+00
2612 0.000000000000e+00
2613 0.000000000000e+00
2614 0.000000000000e+00
2615 1.080297395553e+00
2616 2.313327402717e+00
2617 5.351692754741e+00
2618 7.328704350407e+00
2619 3.484370054599e+00
2620 0.000000000000e+00
2621 0.000000000000e+00
2622 0.000000000000e+00
2623 0.000000000000e+00
2624 1.182811592068e+01
2625 2.678434775562e+01
2626 0.000000000000e+00
2627 1.858008736002e+00
2628 0.000000000000e+00
2629 0.000000000000e+00
2630 0.000000000000e+00
2631 0.000000000000e+00
2632 0.000000000000e+00
2633 0.000000000000e+00
2634 4.372353123889e+00
2635 0.000000000000e+00
2636 5.147175296841e+00
2637 0.000000000000e+00
2638 0.000000000000e+00
2639 0.000000000000e+00
2640 0.000000000000e+00
2641 5.525015868996e+00
2642 0.000000000000e+00
2643 8.391543628874e+00
2644 0.000000000000e+00
2645 9.352675566064e+00
2646 0.000000000000e+00
2647 4.234391056982e+00
2648 0.000000000000e+00
2649 0.000000000000e+00
2650 0.000000000000e+00
2651 1.238259886000e+00
2652 2.111745584199e+00
2653 4.762116671833e+00
2654 1.672779209408e+01
2655 1.826335674138e+01
2656 1.181606372305e+01
2657 0.000000000000e+00
2658 6.933384860298e+00
2659 0.000000000000e+00
2660 9.577959792254e+00
2661 9.976672451902e+00
2662 0.000000000000e+00
2663 0.000000000000e+00
2664 0.000000000000e+00
2665 2.173168367368e+00
2666 0.000000000000e+00
2667 8.876182585766e-01
2668 3.142729445359e+00
2669 9.699962284813e+00
2670 0.000000000000e+00
2671 6.546479486261e+00
2672 0.000000000000e+00
2673 6.914745989223e+00
2674 0.000000000000e+00
2675 0.000000000000e+00
2676 1.365705674075e+01
2677 1.720860010758e+01
2678 0.000000000000e+00
2679 0.000000000000e+00
2680 0.000000000000e+00
2681 0.000000000000e+00
2682 0.000000000000e+00
2683 0.000000000000e+00
2684 0.000000000000e+00
2685 0.000000000000e+00
2686 0.000000000000e+00
2687 0.000000000000e+00
2688 0.000000000000e+00
2689 0.000000000000e+00
2690 0.000000000000e+00
2691 0.000000000000e+00
2692 0.000000000000e+00
2693 4.185781866724e+00
2694 0.000000000000e+00
2695 0.000000000000e+00
2696 6.964650661117e-01
2697 2.515053091742e+00
2698 2.025841197103e+01
2699 0.000000000000e+00
2700 3.100830679228e+00
2701 0.000000000000e+00
2702 9.186524631229e+00
2703 0.000000000000e+00
2704 0.000000000000e+00
2705 0.000000000000e+00
2706 0.000000000000e+00
2707 8.461050677067e+00
2708 1.645811509760e+00
2709 0.000000000000e+00
2710 0.000000000000e+00
2711 0.000000000000e+00
2712 0.000000000000e+00
2713 0.000000000000e+00
2714 0.000000000000e+00
2715 1.356167724314e+01
2716 0.000000000000e+00
2717 0.000000000000e+00
2718 3.175414406389e+00
2719 2.095918194763e+01
2720 1.895802759655e+01
2721 1.227805290552e+01
2722 8.401896333207e+00
2723 0.000000000000e+00
2724 0.000000000000e+00
2725 0.000000000000e+00
2726 0.000000000000e+00
2727 1.264887270052e+01
2728 0.000000000000e+00
2729 0.000000000000e+00
2730 0.000000000000e+00
2731 3.681682690298e+00
2732 9.345426034270e+00
2733 0.000000000000e+00
2734 0.000000000000e+00
2735 1.271001066200e+00
2736 3.422967279259e+00
2737 8.184167895976e+00
2738 1.231607563975e+01
2739 1.091712003314e+01
2740 0.000000000000e+00
2741 0.000000000000e+00
2742 1.468626122273e+01
2743 3.437542739865e+00
2744 5.252370282371e+00
2745 4.855937763427e+00
2746 0.000000000000e+00
2747 0.000000000000e+00
2748 0.000000000000e+00
2749 0.000000000000e+00
2750 0.000000000000e+00
2751 4.504932860956e+00
2752 0.000000000000e+00
2753 0.000000000000e+00
2754 0.000000000000e+00
2755 6.209437848381e+00
2756 0.000000000000e+00
2757 0.000000000000e+00
2758 0.000000000000e+00
2759 0.000000000000e+00
2760 0.000000000000e+00
2761 0.000000000000e+00
2762 0.000000000000e+00
2763 0.000000000000e+00
2764 0.000000000000e+00
2765 1.006944808079e+01
2766 1.820008798876e+00
2767 1.551815889190e+00
2768 7.777482278917e+00
2769 1.929908394840e+01
2770 1.978754003661e+01
2771 3.949459091764e+00
2772 8.773672337928e+00
2773 8.880884481753e+00
2774 0.000000000000e+00
2775 9.442233752248e+00
2776 1.044377275460e+01
2777 0.000000000000e+00
2778 0.000000000000e+00
2779 2.204319976429e+00
2780 5.850599076345e+00
2781 2.159552011046e+00
2782 3.326147978504e+00
2783 0.000000000000e+00
2784 0.000000000000e+00
2785 7.462490119852e+00
2786 6.297389155367e+00
2787 1.881608606292e+01
2788 2.224914915680e+01
2789 0.000000000000e+00
2790 0.000000000000e+00
2791 0.000000000000e+00
2792 6.485497728202e+00
2793 0.000000000000e+00
2794 0.000000000000e+00
2795 0.000000000000e+00
2796 6.617251054298e+00
2797 3.734549313454e+00
2798 0.000000000000e+00
2799 0.000000000000e+00
2800 0.000000000000e+00
2801 0.000000000000e+00
2802 0.000000000000e+00
2803 0.000000000000e+00
2804 0.000000000000e+00
2805 0.000000000000e+00
2806 0.000000000000e+00
2807 0.000000000000e+00
2808 0.000000000000e+00
2809 0.000000000000e+00
2810 0.000000000000e+00
2811 0.000000000000e+00
2812 0.000000000000e+00
2813 1.842204015632e+00
2814 3.648787740713e+00
2815 2.281864218382e+01
2816 5.124117233871e+00
2817 1.129608346145e+01
2818 0.000000000000e+00
2819 7.611174769935e+00
2820 0.000000000000e+00
2821 4.152567737070e+00
2822 0.000000000000e+00
2823 1.585973781399e+00
2824 1.178096252060e+00
2825 0.000000000000e+00
2826 0.000000000000e+00
2827 4.667387555387e+00
2828 8.317191845951e+00
2829 0.000000000000e+00
2830 6.358160519987e+00
2831 8.178117024100e+00
2832 6.045451747746e+00
2833 0.000000000000e+00
2834 0.000000000000e+00
2835 0.000000000000e+00
2836 0.000000000000e+00
2837 0.000000000000e+00
2838 0.000000000000e+00
2839 0.000000000000e+00
2840 0.000000000000e+00
2841 0.000000000000e+00
2842 0.000000000000e+00
2843 0.000000000000e+00
2844 0.000000000000e+00
2845 0.000000000000e+00
2846 0.000000000000e+00
2847 0.000000000000e+00
2848 0.000000000000e+00
2849 0.000000000000e+00
2850 0.000000000000e+00
2851 0.000000000000e+00
2852 0.000000000000e+00
2853 0.000000000000e+00
2854 0.000000000000e+00
2855 0.000000000000e+00
2856 0.000000000000e+00
2857 2.752721161466e+00
2858 5.198814609070e+00
2859 7.437323677848e+00
2860 0.000000000000e+00
2861 0.000000000000e+00
2862 0.000000000000e+00
2863 0.000000000000e+00
2864 0.000000000000e+00
2865 0.000000000000e+00
2866 4.676058234469e+00
2867 0.000000000000e+00
2868 0.000000000000e+00
2869 0.000000000000e+00
2870 0.000000000000e+00
2871 0.000000000000e+00
2872 0.000000000000e+00
2873 0.000000000000e+00
2874 1.009218967139e+00
2875 2.779148398462e+00
2876 1.295085046446e+01
2877 0.000000000000e+00
2878 3.854506288217e+00
2879 0.000000000000e+00
2880 5.634430706321e+00
2881 4.359481243980e+00
2882 0.000000000000e+00
2883 1.636181667186e+01
2884 2.002510497187e+01
2885 0.000000000000e+00
2886 0.000000000000e+00
2887 0.000000000000e+00
2888 0.000000000000e+00
2889 0.000000000000e+00
2890 0.000000000000e+00
2891 0.000000000000e+00
2892 0.000000000000e+00
2893 0.000000000000e+00
2894 0.000000000000e+00
2895 0.000000000000e+00
2896 0.000000000000e+00
2897 0.000000000000e+00
2898 0.000000000000e+00
2899 0.000000000000e+00
2900 7.245780667267e+00
2901 0.000000000000e+00
2902 0.000000000000e+00
2903 0.000000000000e+00
2904 0.000000000000e+00
2905 0.000000000000e+00
2906 0.000000000000e+00
2907 0.000000000000e+00
2908 0.000000000000e+00
2909 0.000000000000e+00
2910 0.000000000000e+00
2911 0.000000000000e+00
2912 0.000000000000e+00
2913 0.000000000000e+00
2914 0.000000000000e+00
2915 0.000000000000e+00
2916 0.000000000000e+00
2917 0.000000000000e+00
2918 0.000000000000e+00
2919 0.000000000000e+00
2920 0.000000000000e+00
2921 0.000000000000e+00
2922 0.000000000000e+00
2923 0.000000000000e+00
2924 1.928469923538e+00
2925 4.841441783561e+00
2926 0.000000000000e+00
2927 0.000000000000e+00
2928 3.068300152774e+00
2929 8.673057227663e+00
2930 7.964064751747e+00
2931 2.399319141065e+01
2932 2.618327570171e+01
2933 0.000000000000e+00
2934 3.142911059310e+00
2935 0.000000000000e+00
2936 1.211143836557e+00
2937 0.000000000000e+00
2938 0.000000000000e+00
2939 0.000000000000e+00
2940 1.085418942394e+01
2941 5.396700295021e+00
2942 0.000000000000e+00
2943 0.000000000000e+00
2944 1.113551681554e+01
2945 0.000000000000e+00
2946 0.000000000000e+00
2947 0.000000000000e+00
2948 0.000000000000e+00
2949 4.206889906893e+00
2950 0.000000000000e+00
2951 0.000000000000e+00
2952 4.320952528858e+00
2953 1.364364364183e+01
2954 1.126746857807e+01
2955 1.185445597455e+01
2956 3.964416473442e+00
2957 0.000000000000e+00
2958 0.000000000000e+00
2959 8.563529456352e+00
2960 0.000000000000e+00
2961 0.000000000000e+00
2962 0.000000000000e+00
2963 0.000000000000e+00
2964 0.000000000000e+00
2965 0.000000000000e+00
2966 0.000000000000e+00
2967 0.000000000000e+00
2968 0.000000000000e+00
2969 0.000000000000e+00
2970 0.000000000000e+00
2971 0.000000000000e+00
2972 0.000000000000e+00
2973 0.000000000000e+00
2974 7.232223265713e+00
2975 0.000000000000e+00
2976 0.000000000000e+00
2977 8.866170782456e-01
2978 1.332983923545e+01
2979 2.481573646263e+01
2980 0.000000000000e+00
2981 2.735689481597e+00
2982 3.739213369390e+00
2983 0.000000000000e+00
2984 3.433075485087e+00
2985 0.000000000000e+00
2986 0.000000000000e+00
2987 0.000000000000e+00
2988 6.129488326268e+00
2989 8.337947444711e+00
2990 0.000000000000e+00
2991 3.602444570919e+00
2992 0.000000000000e+00
2993 0.000000000000e+00
2994 0.000000000000e+00
2995 2.128740364782e+00
2996 1.883370083638e+01
2997 4.665886621466e+00
2998 0.000000000000e+00
2999 9.293171292834e+00
3000 1.109321756468e+01
3001 6.181024111009e+00
3002 1.081529356189e+01
3003 9.790301921709e-01
3004 8.244560633948e-01
3005 2.795770522278e+00
3006 1.796174137041e+01
3007 1.263800902205e+00
3008 0.000000000000e+00
3009 7.662770754480e+00
3010 2.533305530331e+00
3011 7.684572254323e+00
3012 1.240167715706e+01
3013 7.720363676268e-01
3014 3.400846755820e+00
3015 6.332495692951e+00
3016 1.631637875010e+01
3017 0.000000000000e+00
3018 1.084813972728e+01
3019 6.917982177522e+00
3020 4.310407338098e+00
3021 5.148809509156e-01
3022 0.000000000000e+00
3023 5.732623575929e+00
3024 1.860635213108e+00
3025 0.000000000000e+00
3026 7.536137171426e+00
3027 2.420582410770e+00
3028 0.000000000000e+00
3029 3.360722707968e+00
3030 4.274445059905e+00
3031 0.000000000000e+00
3032 0.000000000000e+00
3033 0.000000000000e+00
3034 1.529227632329e+00
3035 4.020743171742e+00
3036 1.560948490141e+01
3037 1.342459220563e+01
3038 0.000000000000e+00
3039 8.026348558989e+00
3040 1.855235500597e+00
3041 1.259137770222e+01
3042 3.058343417637e+00
3043 0.000000000000e+00
3044 1.817703213554e+00
3045 6.091938665787e+00
3046 0.000000000000e+00
3047 0.000000000000e+00
3048 0.000000000000e+00
3049 0.000000000000e+00
3050 0.000000000000e+00
3051 0.000000000000e+00
3052 0.000000000000e+00
3053 0.000000000000e+00
3054 0.000000000000e+00
3055 0.000000000000e+00
3056 0.000000000000e+00
3057 0.000000000000e+00
3058 0.000000000000e+00
3059 0.000000000000e+00
3060 0.000000000000e+00
3061 0.000000000000e+00
3062 0.000000000000e+00
3063 0.000000000000e+00
3064 0.000000000000e+00
3065 0.000000000000e+00
3066 2.186904182277e+01
3067 3.424126741041e+00
3068 6.139705005721e+00
3069 1.121051807707e+01
3070 6.653811365910e+00
3071 0.000000000000e+00
3072 0.000000000000e+00
3073 4.604491873263e+00
3074 0.000000000000e+00
3075 5.311794791005e+00
3076 0.000000000000e+00
3077 0.000000000000e+00
3078 1.387821419091e+01
3079 0.000000000000e+00
3080 0.000000000000e+00
3081 8.105202967360e-01
3082 0.000000000000e+00
3083 0.000000000000e+00
3084 3.450446273245e+00
3085 0.000000000000e+00
3086 1.129793360040e+01
3087 0.000000000000e+00
3088 0.000000000000e+00
3089 0.000000000000e+00
3090 0.000000000000e+00
3091 0.000000000000e+00
3092 0.000000000000e+00
3093 7.229966530457e+00
3094 0.000000000000e+00
3095 0.000000000000e+00
3096 0.000000000000e+00
3097 0.000000000000e+00
3098 0.000000000000e+00
3099 0.000000000000e+00
3100 3.407445612350e+00
3101 3.522061984282e+00
3102 4.091578724219e+00
3103 1.071428143973e+01
3104 1.611095616053e+00
3105 0.000000000000e+00
3106 0.000000000000e+00
3107 8.511761542423e+00
3108 4.876689595307e+00
3109 0.000000000000e+00
3110 7.229681585130e+00
3111 8.713966963057e+00
3112 1.005430010052e+01
3113 6.195199631650e+00
3114 0.000000000000e+00
3115 1.513235471330e+00
3116 1.706416460488e+01
3117 0.000000000000e+00
3118 0.000000000000e+00
3119 4.050786034861e+00
3120 0.000000000000e+00
3121 0.000000000000e+00
3122 0.000000000000e+00
3123 0.000000000000e+00
3124 0.000000000000e+00
3125 1.113717589810e+01
3126 7.717366840665e+00
3127 1.195624604750e+01
3128 0.000000000000e+00
3129 4.410138867237e+00
3130 8.655728399591e+00
3131 8.436881004277e+00
3132 0.000000000000e+00
3133 4.217559126184e-01
3134 4.684668412071e+00
3135 1.225187016593e+01
3136 5.156772692461e+00
3137 7.672580320835e+00
3138 1.162932281257e+01
3139 0.000000000000e+00
3140 7.446234597500e+00
3141 7.927561513666e+00
3142 7.746493505624e+00
3143 0.000000000000e+00
