17.043 53.542 26.771
17.618 52.685 25.691
16.636 51.637 25.159
16.245 50.712 25.872
18.891 51.956 26.178
19.29 50.87 25.191
20.024 52.948 26.33
19.651 53.857 26.52
16.431 54.212 26.358
16.539 52.963 27.407
18.669 51.505 27.036
19.552 51.288 24.321
20.064 50.353 25.557
18.518 50.252 25.043
17.788 54.005 27.245
20.616 52.668 27.086
20.559 52.979 25.485
17.872 53.297 24.926
16.245 51.793 23.901
15.336 50.856 23.248
16.162 50.087 22.229
16.57 50.648 21.209
14.211 51.594 22.491
13.413 52.471 23.457
13.304 50.586 21.799
12.381 53.354 22.773
15.06 50.205 23.941
12.603 51.079 21.288
13.853 50.031 21.177
14.635 52.185 21.815
12.947 51.88 24.112
14.053 53.056 23.952
11.73 52.778 22.284
16.638 52.632 23.424
11.903 53.894 23.463
12.878 50.006 22.491
12.844 53.961 22.13
16.408 48.806 22.496
17.211 47.997 21.582
16.718 46.567 21.361
17.512 45.682 21.038
18.668 47.967 22.054
18.874 47.102 23.289
17.183 48.462 20.671
15.997 48.45 23.371
18.948 48.899 22.27
19.231 47.604 21.316
17.942 46.863 24.053
20.109 46.646 23.496
20.304 46.071 24.285
20.841 46.885 22.856
15.417 46.343 21.54
14.821 45.023 21.325
14.101 45.02 19.969
13.764 46.083 19.44
13.804 44.675 22.437
12.808 45.701 22.516
14.503 44.545 23.785
15.55 44.344 21.293
15.451 44.864 23.708
14.024 45.099 24.47
14.87 47.173 21.841
13.343 43.799 22.194
14.501 43.586 24.077
12.645 46.101 21.608
13.856 43.838 19.406
13.187 43.743 18.1
11.848 44.468 17.999
11.638 45.252 17.075
12.991 42.276 17.691
14.242 41.62 17.179
14.861 42.081 16.017
14.816 40.558 17.866
16.037 41.495 15.551
15.991 39.965 17.407
16.604 40.435 16.248
17.446 40.015 15.919
13.811 44.184 17.423
16.466 41.844 14.712
16.394 39.191 17.92
14.167 43.017 19.948
14.384 40.214 18.699
14.462 42.839 15.511
12.315 42.253 16.971
12.688 41.78 18.489
10.942 44.213 18.938
9.638 44.854 18.887
9.645 46.297 19.375
8.802 47.102 18.958
8.613 44.03 19.669
8.259 42.727 18.966
7.72 42.784 17.844
8.528 41.646 19.527
11.235 43.552 19.669
9.351 44.874 17.911
7.79 44.573 19.766
9.001 43.816 20.556
10.587 46.628 20.256
10.667 47.994 20.751
11.095 48.928 19.635
10.513 49.994 19.434
11.218 45.87 20.538
9.769 48.278 21.1
11.333 48.041 21.501
12.129 48.525 18.908
12.638 49.31 17.795
11.667 49.261 16.599
11.448 50.266 15.926
14.022 48.788 17.363
14.561 49.606 16.209
14.963 48.823 18.544
12.709 50.27 18.086
14.206 49.247 15.345
15.507 49.664 18.515
13.902 47.856 17.034
14.277 50.561 16.31
15.561 49.559 16.199
12.537 47.613 19.2
14.435 48.798 19.395
15.574 48.03 18.51
11.086 48.09 16.352
10.146 47.92 15.25
8.935 48.841 15.405
8.57 49.549 14.463
9.694 46.467 15.163
11.355 47.324 16.999
10.612 48.149 14.386
8.706 46.417 15.302
9.923 46.1 14.262
10.157 45.931 15.868
8.31 48.824 16.585
7.151 49.674 16.842
7.555 51.141 16.756
6.802 51.982 16.255
6.556 49.427 18.244
5.969 48.03 18.412
5.388 47.495 17.446
6.072 47.476 19.528
8.711 48.172 17.281
6.49 49.507 16.107
5.837 50.096 18.39
7.285 49.549 18.908
8.743 51.451 17.264
9.224 52.822 17.249
9.426 53.304 15.813
9.07 54.434 15.488
10.526 52.936 18.052
10.927 54.361 18.396
11.511 55.2 17.44
10.745 54.862 19.684
11.914 56.504 17.768
11.142 56.164 20.019
11.728 56.971 19.056
12.166 58.227 19.395
8.53 53.41 17.678
12.33 57.084 17.07
11.002 56.503 20.946
9.274 50.656 17.657
10.325 54.289 20.382
11.646 54.87 16.508
11.262 52.53 17.514
10.412 52.432 18.905
13.123 58.326 19.126
9.987 52.449 14.958
10.202 52.808 13.554
8.87 53.094 12.843
8.761 54.04 12.062
10.938 51.685 12.812
12.447 51.568 13.02
12.944 50.231 12.485
13.142 52.735 12.321
12.815 53.596 12.708
14.129 52.662 12.455
12.934 52.708 11.344
10.25 51.534 15.361
12.741 50.166 11.508
13.932 50.162 12.625
12.486 49.486 12.971
10.762 53.642 13.518
12.647 51.629 13.995
10.781 51.816 11.831
10.529 50.815 13.098
7.864 52.275 13.124
6.548 52.438 12.51
5.809 53.682 12.987
5.114 54.334 12.212
5.663 51.235 12.815
6.112 49.917 12.243
5.112 48.829 12.564
6.186 49.998 11.256
6.683 52.525 11.507
6.988 49.67 12.64
8.088 51.523 13.804
4.73 51.429 12.467
5.595 51.136 13.821
4.966 48.382 10.597
4.756 48.613 13.732
4.645 48.139 11.532
3.976 47.379 11.67
5.95 53.985 14.274
5.281 55.121 14.893
5.96 56.472 14.682
5.287 57.492 14.553
5.154 54.903 16.404
4.495 53.656 16.649
4.364 56.031 17.041
4.333 55.182 14.509
3.441 55.713 17.274
4.824 56.341 17.878
6.581 53.338 14.801
6.088 54.854 16.812
4.292 56.802 16.402
5.135 52.891 16.523
7.285 56.49 14.636
7.987 57.756 14.485
8.851 57.881 13.237
9.543 58.887 13.044
8.822 57.989 15.74
7.995 57.839 16.99
7.015 58.775 17.316
8.163 56.741 17.833
6.225 58.62 18.458
7.381 56.576 18.965
6.417 57.518 19.277
5.662 57.364 20.419
7.286 58.505 14.456
5.527 59.3 18.679
7.513 55.778 19.556
7.748 55.577 14.713
8.861 56.06 17.614
6.872 59.57 16.728
9.181 58.909 15.711
9.548 57.319 15.762
4.999 56.632 20.276
8.801 56.86 12.387
9.567 56.844 11.149
11.036 57.19 11.331
11.622 57.914 10.529
8.923 57.782 10.125
7.68 57.222 9.501
7.167 55.986 9.835
6.827 57.749 8.589
6.05 55.778 9.159
5.821 56.833 8.397
7.577 55.349 10.487
6.912 58.635 8.142
8.173 56.082 12.682
5.479 54.965 9.213
9.509 55.907 10.751
9.585 57.971 9.393
8.687 58.648 10.577
11.627 56.651 12.392
13.037 56.869 12.69
13.486 55.922 13.804
12.659 55.324 14.481
13.267 58.327 13.094
12.426 58.806 14.266
12.758 60.247 14.611
12.063 60.687 15.887
10.57 60.649 15.775
13.58 56.677 11.869
12.347 60.083 16.641
12.348 61.627 16.109
11.461 58.745 14.021
12.612 58.231 15.059
10.243 61.537 15.456
10.309 59.939 15.124
10.18 60.447 16.671
12.457 60.835 13.867
13.741 60.329 14.74
11.002 56.065 12.986
13.061 58.905 12.302
14.233 58.434 13.336
14.793 55.762 13.973
15.317 54.889 15.026
15.32 55.638 16.344
15.312 56.87 16.355
16.762 54.475 14.725
17.061 53.478 13.609
18.568 53.393 13.376
16.497 52.12 13.992
15.507 52.191 14.122
16.689 51.459 13.265
16.921 51.808 14.843
15.392 56.29 13.318
19.017 53.092 14.216
18.754 52.738 12.644
18.915 54.293 13.116
14.714 54.095 15.108
16.615 53.781 12.771
17.15 54.091 15.579
17.28 55.322 14.514
15.323 54.906 17.474
15.342 55.52 18.808
16.64 56.326 18.919
17.536 56.152 18.098
15.333 54.31 19.748
14.577 53.29 18.964
15.131 53.449 17.573
14.752 52.374 19.315
14.552 56.098 18.948
14.484 53.132 16.883
16 52.973 17.469
13.6 53.483 18.983
14.866 54.529 20.599
16.262 54.003 19.936
16.756 57.183 19.929
17.961 58.006 20.07
19.248 57.271 20.43
20.339 57.819 20.268
17.739 59.12 21.094
16.699 60.124 20.649
16.475 60.261 19.424
16.113 60.792 21.53
15.959 57.218 20.578
18.12 58.454 19.159
18.604 59.59 21.228
17.438 58.7 21.943
19.141 56.045 20.921
20.337 55.3 21.295
21.078 54.68 20.102
21.929 53.812 20.281
19.971 54.213 22.311
18.782 53.379 21.868
20.98 55.959 21.725
18.183 55.682 21.011
19.746 54.654 23.175
20.756 53.612 22.424
17.634 53.823 21.933
19.054 52.168 21.401
18.314 51.571 21.088
20.002 51.847 21.361
20.76 55.131 18.891
21.404 54.609 17.677
22.25 55.625 16.92
21.835 56.76 16.722
20.354 54.059 16.709
19.805 52.716 17.108
20.507 51.544 16.822
18.6 52.616 17.801
20.025 50.299 17.216
18.108 51.377 18.207
18.823 50.225 17.91
18.334 49.005 18.301
22.011 53.837 17.955
20.537 49.47 17.004
17.247 51.319 18.708
20.032 55.869 18.875
18.083 53.441 18.011
21.374 51.598 16.323
20.776 53.972 15.81
19.599 54.709 16.668
18.968 48.288 18.014
23.435 55.197 16.489
24.332 56.052 15.72
24.933 55.227 14.58
25.135 54.019 14.719
25.467 56.66 16.617
26.516 55.605 16.999
24.849 57.295 17.853
25.998 54.432 17.78
23.763 56.749 15.294
25.569 57.735 18.386
24.175 57.973 17.566
25.917 57.37 16.083
26.946 55.274 16.151
27.232 56.066 17.538
25.3 53.953 17.246
23.661 54.214 16.745
26.75 53.803 17.981
24.408 56.584 18.397
25.595 54.75 18.639
25.199 55.872 13.45
25.761 55.185 12.287
27.214 54.79 12.517
27.82 55.192 13.507
25.69 56.066 11.033
26.575 57.184 11.181
24.269 56.568 10.817
25.225 54.345 12.124
23.824 56.03 10.097
23.744 56.478 11.667
24.978 56.886 13.462
26 55.521 10.227
24.287 57.532 10.542
26.157 57.885 11.768
27.761 53.991 11.605
29.147 53.536 11.708
30.124 54.707 11.633
31.126 54.732 12.348
29.472 52.535 10.595
28.74 51.2 10.701
28.797 50.443 9.384
27.943 49.182 9.404
27.773 48.628 8.022
29.271 53.069 12.593
28.387 48.496 9.977
27.044 49.402 9.779
29.173 50.649 11.411
27.786 51.371 10.937
27.616 49.381 7.386
28.601 48.133 7.765
26.991 48.008 8.013
29.743 50.181 9.202
28.464 51.038 8.655
27.129 53.722 10.825
30.456 52.354 10.616
29.232 52.954 9.719
29.834 55.678 10.774
30.719 56.831 10.639
30.662 57.726 11.882
31.679 58.279 12.3
30.368 57.639 9.384
29.12 58.293 9.527
28.967 55.551 10.235
31.663 56.493 10.549
30.322 57.017 8.607
31.078 58.321 9.235
28.556 57.795 10.185
29.477 57.863 12.474
29.318 58.682 13.677
30.066 58.038 14.835
30.742 58.717 15.609
27.84 58.828 14.039
27.001 59.455 12.933
25.527 59.535 13.282
24.958 58.509 13.712
24.936 60.621 13.114
27.323 60.372 12.786
29.681 59.6 13.509
27.086 58.898 12.127
28.699 57.354 12.022
27.779 59.412 14.825
27.482 57.929 14.21
29.944 56.72 14.952
30.624 55.999 16.011
32.131 56.183 15.848
32.852 56.398 16.822
30.264 54.526 15.956
29.34 56.271 14.242
30.352 56.379 16.895
29.364 54.384 16.37
30.241 54.22 15.004
30.947 53.994 16.458
32.597 56.112 14.607
34.017 56.266 14.318
34.521 57.651 14.7
35.596 57.792 15.285
34.289 56.012 12.84
35.398 55.009 12.622
35.623 54.679 11.165
36.25 55.382 12.999
34.523 55.591 14.873
35.169 54.162 13.11
31.879 55.941 13.878
34.553 56.872 12.409
33.459 55.66 12.416
34.879 52.823 11.466
36.111 55.508 10.4
35.265 53.46 10.772
35.375 53.171 9.801
33.744 58.671 14.363
34.114 60.039 14.69
34.252 60.177 16.208
34.891 61.109 16.704
33.056 61.011 14.161
32.875 58.415 13.861
34.998 60.249 14.271
32.183 60.824 14.608
33.341 61.947 14.358
32.96 60.89 13.175
33.659 59.242 16.946
33.725 59.277 18.401
34.856 58.42 18.966
35.013 58.309 20.184
32.381 58.843 18.999
31.194 59.764 18.683
29.912 59.191 19.272
31.466 61.153 19.24
32.295 61.525 18.823
30.693 61.754 19.035
31.589 61.099 20.231
33.162 58.51 16.41
30.007 59.11 20.264
29.146 59.799 19.06
29.738 58.288 18.879
33.879 60.236 18.694
31.1 59.841 17.693
32.48 58.815 19.984
32.162 57.945 18.639
35.644 57.814 18.083
36.753 56.994 18.54
36.551 55.495 18.44
37.436 54.73 18.802
35.407 57.972 17.095
37.598 57.252 18.012
36.967 57.237 19.517
35.398 55.063 17.94
35.108 53.634 17.815
36.041 52.892 16.862
36.309 53.346 15.75
33.651 53.427 17.365
33.254 51.977 17.179
33.376 50.969 18.094
32.649 51.39 16.015
32.885 49.794 17.574
32.433 50.022 16.301
32.268 51.888 14.758
31.851 49.143 15.375
31.69 51.015 13.836
31.488 49.658 14.151
31.071 49.064 13.465
35.221 53.218 18.737
32.861 48.914 18.048
32.404 52.845 14.523
31.42 51.361 12.946
31.713 48.18 15.612
33.765 51.068 19.008
34.737 55.807 17.653
33.516 53.88 16.491
33.044 53.808 18.053
36.539 51.748 17.32
37.416 50.893 16.525
36.834 49.491 16.646
37.107 48.786 17.616
38.863 50.864 17.075
39.715 49.905 16.245
39.464 52.259 17.052
37.352 51.173 15.581
40.472 50.409 15.83
39.982 52.383 16.205
38.827 50.498 17.995
40.076 49.186 16.837
39.151 49.497 15.528
36.25 51.513 18.297
38.73 52.937 17.098
40.074 52.37 17.837
36.027 49.099 15.665
35.379 47.79 15.663
36.238 46.669 16.257
35.782 45.926 17.131
34.955 47.427 14.24
35.898 49.8 14.904
34.519 47.853 16.206
34 47.685 14.103
35.531 47.917 13.588
35.059 46.443 14.105
37.48 46.557 15.79
38.395 45.519 16.265
38.73 45.64 17.758
39.294 44.722 18.35
39.683 45.544 15.435
40.252 46.841 15.416
37.739 47.26 15.07
37.948 44.619 16.124
39.467 45.27 14.503
40.335 44.908 15.837
39.826 47.403 16.124
38.392 46.776 18.357
38.631 46.982 19.781
37.369 46.643 20.579
37.447 46.285 21.752
39.012 48.437 20.071
40.408 48.861 19.646
40.64 50.32 20.033
42.048 50.785 19.713
42.371 50.672 18.261
39.371 46.375 20.081
42.148 51.746 19.996
42.704 50.23 20.238
41.078 48.296 20.111
40.494 48.773 18.662
41.963 51.442 17.772
43.363 50.685 18.142
42.001 49.814 17.907
40.486 50.418 21.014
39.992 50.889 19.53
37.955 47.485 17.74
38.926 48.588 21.064
38.347 49.031 19.603
36.207 46.765 19.943
34.961 46.482 20.635
34.744 47.494 21.74
34.235 47.166 22.816
36.27 47.065 18.96
34.197 46.526 19.985
34.996 45.559 21.028
35.112 48.739 21.452
35.01 49.835 22.409
33.817 50.776 22.242
33.791 51.837 22.863
36.3 50.659 22.358
36.517 51.314 21.003
34.921 49.41 23.34
35.481 48.864 20.481
37.067 50.054 22.544
36.246 51.372 23.049
35.913 50.916 20.003
37.392 52.313 20.96
37.573 52.786 20.1
37.872 52.592 21.794
32.833 50.402 21.424
31.664 51.264 21.205
31.047 51.797 22.5
30.777 52.996 22.621
30.575 50.527 20.409
29.295 51.338 20.13
29.649 52.541 19.267
28.234 50.476 19.431
28.002 49.702 20.017
27.42 51.028 19.265
28.6 50.145 18.564
32.959 49.484 20.972
30.045 52.228 18.403
28.823 53.074 19.081
30.313 53.114 19.748
31.956 52.057 20.642
28.917 51.646 20.994
30.309 49.725 20.926
30.959 50.272 19.531
30.819 50.901 23.459
30.215 51.277 24.735
31.122 52.215 25.522
30.65 53.028 26.315
29.906 50.036 25.555
31.103 49.93 23.224
29.343 51.75 24.553
30.588 49.33 25.365
29.928 50.263 26.529
28.998 49.693 25.315
32.425 52.103 25.3
33.364 52.968 25.995
33.343 54.364 25.371
33.339 55.36 26.086
34.777 52.37 25.954
34.86 51.018 26.657
34.418 50.914 27.821
35.368 50.054 26.05
32.699 51.379 24.62
33.041 53.067 26.939
35.391 53.001 26.407
35.032 52.249 25.004
33.3 54.434 24.042
33.277 55.718 23.349
31.897 56.375 23.277
31.802 57.596 23.163
33.824 55.601 21.904
35.303 55.247 21.936
33.04 54.556 21.124
33.896 56.356 23.849
35.408 54.255 22.008
33.551 54.306 20.302
33.745 56.495 21.482
35.742 55.567 21.096
35.735 55.685 22.724
33.285 53.519 23.556
32.907 53.747 21.697
32.151 54.935 20.866
30.833 55.579 23.323
29.481 56.133 23.274
28.525 55.272 24.09
27.764 54.468 23.542
28.995 56.24 21.825
31.038 54.57 23.394
29.496 57.058 23.667
28.719 55.337 21.503
28.217 56.864 21.784
29.736 56.588 21.254
28.55 55.44 25.425
27.7 54.693 26.356
26.238 54.616 25.923
25.653 55.617 25.507
27.874 55.465 27.662
29.287 55.929 27.573
29.362 56.433 26.156
29.461 56.661 28.22
28.075 53.758 26.508
30.299 56.436 25.818
28.964 57.341 26.069
29.916 55.176 27.716
27.74 54.868 28.447
27.245 56.235 27.704
25.668 53.416 26.019
24.273 53.211 25.672
23.942 53.271 24.193
22.785 53.104 23.804
26.296 52.662 26.356
23.967 52.301 26.045
23.7 53.907 26.17
24.945 53.506 23.359
24.709 53.577 21.929
24.902 52.223 21.253
25.608 51.355 21.765
25.655 54.599 21.292
25.521 56.001 21.848
24.137 56.57 21.606
24.068 58.019 22.056
22.727 58.621 21.863
23.758 53.883 21.766
24.315 58.067 23.033
24.749 58.553 21.536
25.695 55.981 22.835
26.197 56.595 21.408
22.758 59.269 21.101
22.063 57.901 21.66
22.453 59.101 22.697
23.475 56.045 22.126
23.936 56.53 20.635
25.869 53.629 23.8
25.464 54.627 20.311
26.593 54.287 21.441
24.252 52.056 20.103
24.358 50.843 19.287
24.459 51.303 17.828
23.911 52.345 17.461
23.112 49.962 19.428
22.886 49.567 20.763
23.653 52.871 19.827
25.202 50.384 19.52
23.234 49.146 18.861
22.319 50.477 19.1
23.58 49.975 21.357
25.161 50.537 17.003
25.285 50.881 15.594
23.919 50.65 14.916
23.232 49.673 15.208
26.352 50.002 14.917
27.707 50.221 15.602
26.439 50.326 13.423
28.225 51.653 15.485
25.453 51.86 15.551
27.118 49.727 13.006
25.545 50.173 13.011
26.095 49.054 15.043
27.616 49.992 16.566
28.373 49.609 15.183
27.568 52.271 15.909
25.596 49.705 17.434
29.104 51.719 15.951
26.709 51.28 13.319
28.333 51.881 14.521
23.529 51.553 14.026
22.259 51.42 13.336
21.953 52.645 12.498
22.455 53.739 12.772
24.19 52.334 13.874
22.283 50.605 12.74
21.521 51.285 14.012
21.142 52.47 11.463
20.791 53.596 10.62
21.433 53.613 9.247
20.995 54.354 8.377
20.803 51.51 11.322
19.769 53.626 10.509
21.03 54.468 11.11
22.467 52.803 9.045
23.154 52.742 7.757
22.358 52.006 6.689
21.572 51.116 6.996
24.508 52.051 7.907
25.534 52.923 8.607
25.933 53.951 8.02
25.933 52.583 9.736
22.739 52.228 9.866
23.269 53.698 7.436
24.844 51.829 7
24.375 51.224 8.441
22.59 52.385 5.433
21.928 51.771 4.294
22.271 50.281 4.214
23.429 49.88 4.388
22.354 52.456 2.958
21.548 53.737 2.736
22.137 51.521 1.778
21.963 54.884 3.614
20.943 51.825 4.472
22.444 51.975 0.944
22.664 50.686 1.925
23.312 52.699 3.041
21.644 54.005 1.776
20.583 53.529 2.907
22.923 55.109 3.442
23.287 53.159 5.341
21.395 55.683 3.414
21.165 51.304 1.711
21.85 54.63 4.575
21.253 49.466 3.969
21.436 48.029 3.828
21.315 47.724 2.343
20.268 47.952 1.746
20.359 47.27 4.591
20.524 45.78 4.532
21.6 45.164 5.164
19.616 44.994 3.835
21.772 43.778 5.105
19.777 43.609 3.768
20.862 42.999 4.408
20.977 42.011 4.362
22.37 47.826 4.088
22.558 43.359 5.57
19.109 43.051 3.256
20.328 49.936 3.888
18.838 45.421 3.376
22.26 45.712 5.669
19.484 47.497 4.191
20.405 47.545 5.539
22.376 47.206 1.744
22.356 46.915 0.314
21.637 45.639 -0.145
21.509 45.393 -1.349
23.785 46.934 -0.222
24.323 48.234 -0.093
23.19 47.032 2.354
21.897 47.71 -0.16
23.771 46.681 -1.18
24.334 46.3 0.305
23.58 48.901 -0.042
21.175 44.829 0.802
20.447 43.621 0.455
21.206 42.903 -0.666
20.668 42.659 -1.742
19.045 44.043 0.008
18.09 42.885 -0.11
20.467 43.018 1.248
21.374 45.127 1.771
19.124 44.49 -0.882
18.686 44.691 0.678
18.292 41.829 0.498
17.019 43.084 -0.88
16.342 42.355 -0.996
16.893 43.961 -1.342
22.457 42.556 -0.382
23.362 41.925 -1.35
23.043 40.513 -1.834
23.48 40.117 -2.915
24.793 41.962 -0.8
25.354 43.375 -0.633
26.534 43.41 0.327
26.795 44.77 0.796
27.328 45.73 0.045
27.667 45.481 -1.211
27.501 46.946 0.541
24.64 43.971 -0.272
23.418 42.544 -2.182
26.556 44.994 1.747
25.662 43.714 -1.519
27.916 47.663 -0.011
27.21 47.149 1.481
22.749 42.772 0.603
27.333 43.068 -0.154
26.319 42.83 1.103
28.088 46.213 -1.766
27.51 44.583 -1.611
25.383 41.472 -1.431
24.796 41.524 0.092
22.298 39.758 -1.036
21.928 38.398 -1.394
20.527 38.411 -2
20.005 37.37 -2.397
21.945 37.503 -0.149
23.329 37.28 0.474
24.216 36.374 -0.37
23.707 35.83 -1.368
25.411 36.195 -0.036
23.774 38.151 0.544
22.575 38.031 -2.06
23.205 36.847 1.345
22.008 40.217 -0.149
21.594 36.618 -0.408
21.38 37.931 0.538
19.922 39.594 -2.055
18.589 39.726 -2.615
17.52 38.978 -1.839
16.492 38.579 -2.4
20.471 40.385 -1.675
18.339 40.714 -2.658
18.595 39.392 -3.579
17.746 38.797 -0.541
16.791 38.076 0.294
15.578 38.912 0.667
14.488 38.374 0.824
17.488 37.54 1.553
18.497 36.421 1.257
19.51 36.239 2.387
20.644 35.294 1.987
21.825 35.398 2.9
16.475 37.253 -0.212
20.299 34.351 2.003
20.934 35.515 1.05
17.997 35.563 1.13
18.989 36.645 0.414
22.102 36.354 2.969
21.573 35.053 3.802
22.575 34.854 2.528
19.044 35.855 3.177
19.902 37.125 2.611
18.63 39.199 -0.188
16.794 37.177 2.164
17.976 38.289 1.984
15.751 40.224 0.8
14.622 41.077 1.141
13.953 41.593 -0.138
14.596 41.755 -1.178
15.069 42.254 2.022
15.825 41.915 3.313
16.238 43.196 4.021
14.955 41.069 4.214
14.708 40.218 3.747
15.451 40.849 5.056
14.119 41.569 4.447
16.709 40.563 0.647
15.424 43.732 4.247
16.731 42.97 4.862
16.833 43.733 3.422
13.949 40.537 1.65
16.636 41.385 3.082
14.252 42.766 2.282
15.668 42.835 1.471
12.642 41.838 -0.074
11.842 42.333 -1.201
12.327 43.68 -1.76
12.233 44.719 -1.095
10.434 42.412 -0.609
10.696 42.69 0.846
11.827 41.744 1.149
10.972 43.633 0.975
11.804 41.638 -1.943
11.499 40.813 1.282
12.349 42.041 1.942
9.895 42.477 1.389
9.951 41.55 -0.723
9.915 43.154 -1.023
12.846 43.646 -2.983
13.336 44.851 -3.621
12.293 45.477 -4.525
11.528 44.778 -5.188
12.867 42.708 -3.423
13.609 45.521 -2.913
14.162 44.633 -4.165
12.261 46.803 -4.551
11.309 47.533 -5.38
11.912 48.879 -5.765
12.598 49.52 -4.966
9.995 47.732 -4.608
9.009 48.674 -5.271
7.75 48.88 -4.427
6.651 47.875 -4.761
7.018 46.462 -4.449
11.132 47.009 -6.213
5.82 48.12 -4.242
6.434 47.948 -5.745
9.447 49.565 -5.412
8.738 48.298 -6.16
7.905 46.254 -4.859
7.07 46.346 -3.458
6.322 45.851 -4.823
7.4 49.799 -4.593
7.991 48.778 -3.464
12.961 47.269 -3.94
10.223 48.095 -3.703
9.56 46.837 -4.506
11.669 49.307 -6.996
12.2 50.58 -7.461
11.778 51.678 -6.492
10.586 51.84 -6.211
11.661 50.889 -8.855
11.81 49.769 -9.712
11.089 48.678 -7.576
13.198 50.527 -7.45
12.169 51.656 -9.234
10.695 51.116 -8.785
11.784 48.93 -9.171
12.756 52.42 -5.975
12.465 53.497 -5.045
12.533 53.127 -3.573
12.463 53.998 -2.705
13.709 52.166 -6.287
13.112 54.276 -5.222
11.531 53.873 -5.25
12.671 51.839 -3.278
12.733 51.397 -1.892
14.166 51.202 -1.429
14.928 50.481 -2.057
11.966 50.081 -1.721
12.209 49.357 -0.392
11.55 47.964 -0.392
10.093 48.063 -0.432
9.285 47.133 -0.935
9.776 46.019 -1.454
7.977 47.322 -0.916
11.811 49.881 0.349
12.297 52.097 -1.308
9.668 48.896 -0.051
13.183 49.233 -0.254
7.362 46.637 -1.308
7.594 48.154 -0.506
12.728 51.204 -4.089
11.831 47.5 0.439
11.874 47.478 -1.194
9.151 45.334 -1.847
10.76 45.853 -1.457
12.235 49.463 -2.457
10.989 50.277 -1.787
14.542 51.857 -0.34
15.885 51.662 0.179
15.772 50.981 1.536
14.804 51.173 2.271
16.697 52.99 0.278
17.161 53.184 1.616
15.888 54.146 -0.132
16.384 51.057 -0.436
15.392 53.959 -0.995
15.2 54.38 0.573
13.841 52.476 0.077
17.507 52.916 -0.339
16.466 54.963 -0.281
17.591 52.343 1.964
16.747 50.143 1.847
16.736 49.428 3.101
17.829 49.953 4.006
18.86 50.419 3.524
16.984 47.937 2.877
15.868 47.185 2.249
15.724 46.888 0.93
14.745 46.607 2.922
14.578 46.154 0.735
13.955 45.97 1.94
14.328 46.566 4.258
12.766 45.296 2.25
13.142 45.896 4.569
12.377 45.271 3.564
11.535 44.802 3.828
15.856 49.605 3.553
14.252 45.81 -0.145
14.858 47 4.978
12.839 45.864 5.512
12.233 44.855 1.524
16.354 47.16 0.204
17.492 50.051 1.133
17.174 47.508 3.764
17.787 47.832 2.285
17.589 49.865 5.313
18.561 50.278 6.319
18.579 49.204 7.4
17.63 48.423 7.518
18.179 51.635 6.923
18.328 52.782 5.95
17.884 54.121 6.519
17.982 55.135 5.474
19.115 55.725 5.103
20.265 55.426 5.705
19.103 56.591 4.095
17.777 52.6 5.128
19.46 50.327 5.901
17.134 55.407 5.001
19.292 52.868 5.676
19.945 57.053 3.821
18.249 56.78 3.608
16.65 49.477 5.553
18.485 54.354 7.263
16.948 54.037 6.811
21.107 55.895 5.424
20.289 54.741 6.427
18.772 51.804 7.7
17.23 51.588 7.21
19.651 49.159 8.184
19.763 48.167 9.245
20.176 48.791 10.574
20.647 49.924 10.617
20.773 47.082 8.853
22.206 47.566 8.67
23.183 46.417 8.528
23.193 45.549 9.423
23.938 46.372 7.531
22.247 48.097 7.847
18.877 47.692 9.36
22.462 48.079 9.465
20.375 49.868 7.98
20.477 46.694 7.994
20.777 46.404 9.572
19.985 48.04 11.655
20.342 48.497 12.992
20.607 47.293 13.9
19.953 46.252 13.759
19.218 49.368 13.575
19.562 47.106 11.464
21.18 49.044 12.938
18.337 49.008 13.277
19.272 49.347 14.571
19.328 50.304 13.25
21.57 47.44 14.811
21.93 46.383 15.752
20.86 46.218 16.817
20.301 47.192 17.322
23.265 46.694 16.437
24.456 46.44 15.54
24.283 46.482 14.306
25.571 46.215 16.066
22.041 48.371 14.792
21.967 45.522 15.231
23.338 46.115 17.241
23.257 47.653 16.699
20.593 44.969 17.163
19.597 44.639 18.166
20.245 43.826 19.285
21.117 42.99 19.03
18.441 43.828 17.523
17.671 44.731 16.559
17.502 43.285 18.585
17.023 45.916 17.241
19.307 45.504 18.576
16.779 42.758 18.142
18.018 42.698 19.207
18.844 43.09 17.004
18.302 45.062 15.863
16.961 44.186 16.12
17.728 46.472 17.679
21.156 44.249 16.657
16.538 46.465 16.562
17.105 44.05 19.09
16.378 45.59 17.93
19.813 44.081 20.519
20.331 43.385 21.702
21.799 43.686 22.02
22.446 42.906 22.724
20.179 41.858 21.569
18.738 41.415 21.426
19.786 43.708 22.498
19.075 44.818 20.574
20.566 41.437 22.386
20.687 41.566 20.762
17.826 42.012 21.995
18.529 40.34 20.679
17.596 39.997 20.539
19.3 39.866 20.252
22.329 44.792 21.504
23.718 45.138 21.785
23.781 46.034 23.009
22.968 46.943 23.166
24.379 45.876 20.609
25.789 46.35 20.926
26.88 45.495 20.807
26.02 47.639 21.407
28.172 45.91 21.163
27.306 48.062 21.767
28.374 47.192 21.642
29.642 47.605 22
24.219 44.294 21.986
28.94 45.276 21.067
27.445 48.989 22.112
21.701 45.354 20.917
25.257 48.275 21.497
26.75 44.565 20.463
23.828 46.67 20.391
24.426 45.255 19.839
30.29 46.872 21.804
24.757 45.769 23.871
24.957 46.554 25.078
26.391 47.075 25.077
26.615 48.287 25.077
24.706 45.709 26.346
25.957 45.402 26.971
23.998 44.41 25.991
24.339 47.336 25.061
23.113 44.365 26.462
23.846 44.364 25.001
25.358 44.959 23.608
24.148 46.258 26.999
24.559 43.628 26.274
26.008 44.422 27.19
27.362 46.166 25.046
28.772 46.569 25.025
29.687 45.465 24.507
29.289 44.303 24.411
29.221 46.971 26.427
29.066 45.888 27.32
27.048 45.183 25.038
28.858 47.362 24.402
28.662 47.731 26.737
30.178 47.233 26.395
28.102 45.627 27.366
30.919 45.838 24.179
31.874 44.867 23.683
31.792 44.695 22.178
31.519 45.648 21.452
31.124 46.842 24.305
32.813 45.158 23.934
31.709 43.972 24.13
32.032 43.48 21.703
31.971 43.217 20.271
30.525 43.052 19.835
29.671 42.634 20.622
32.788 41.973 19.937
34.254 42.149 20.186
35.004 43.004 19.387
34.875 41.521 21.261
36.351 43.238 19.653
36.228 41.749 21.541
36.965 42.609 20.737
37.928 42.781 20.928
32.324 44.034 19.807
36.875 43.858 19.062
36.658 41.283 22.327
32.257 42.764 22.411
34.353 40.9 21.843
34.576 43.461 18.611
32.66 41.775 18.979
32.465 41.236 20.508
30.251 43.399 18.583
28.898 43.304 18.046
28.408 41.874 17.893
29.193 40.95 17.667
28.829 44.038 16.709
29.014 45.543 16.87
29.214 46.244 15.534
28.019 46.192 14.7
27.999 45.754 13.446
29.117 45.319 12.866
26.857 45.754 12.77
29.818 45.719 17.436
28.266 43.797 18.673
27.15 46.509 15.101
28.204 45.931 17.307
26.835 45.444 11.82
26.013 46.064 13.212
31.063 43.735 18.033
29.968 45.794 15.061
29.448 47.196 15.717
29.088 45.008 11.91
29.972 45.3 13.374
27.94 43.88 16.309
29.553 43.701 16.128
27.1 41.704 18.019
26.469 40.395 17.905
25.966 40.084 16.493
26.319 40.756 15.528
25.297 40.288 18.892
24.244 41.369 18.677
27.177 39.701 18.122
26.564 42.58 18.205
25.656 40.376 19.816
24.866 39.399 18.772
24.018 41.819 17.551
23.579 41.774 19.759
22.876 42.474 19.679
23.79 41.372 20.651
25.125 39.061 16.386
24.584 38.649 15.096
23.124 39.034 14.883
22.464 38.461 14.007
24.703 37.135 14.949
23.841 36.492 15.872
24.892 38.591 17.282
25.133 39.103 14.368
25.638 36.866 15.138
24.441 36.879 14.028
23.026 36.166 15.395
22.613 39.979 15.675
21.215 40.393 15.547
21.034 41.754 14.892
21.687 42.736 15.271
20.526 40.408 16.915
20.608 39.068 17.626
20.513 38.024 16.941
20.757 39.068 18.872
23.27 40.378 16.363
20.758 39.71 14.947
19.571 40.638 16.775
20.973 41.095 17.476
20.117 41.814 13.927
19.851 43.055 13.209
18.375 43.19 12.836
17.699 42.202 12.561
20.67 43.111 11.903
22.142 42.727 12.008
22.99 43.848 12.57
24.41 43.527 12.456
25.138 43.003 13.438
24.581 42.748 14.618
26.42 42.723 13.236
22.488 42.498 11.098
20.104 43.834 13.8
24.867 43.714 11.579
22.233 41.932 12.608
26.976 42.348 13.973
26.832 42.889 12.336
19.623 40.923 13.738
22.756 43.966 13.527
22.798 44.673 12.055
25.149 42.368 15.36
23.615 42.928 14.77
20.62 44.049 11.549
20.235 42.493 11.242
17.891 44.423 12.822
16.526 44.712 12.42
16.709 45.432 11.07
17.618 46.256 10.918
15.808 45.603 13.486
14.315 45.736 13.163
16.48 46.962 13.584
14.012 46.582 11.961
16.103 43.856 12.214
16.041 47.49 14.309
17.447 46.832 13.795
15.899 45.148 14.363
13.944 44.815 13.022
13.861 46.133 13.965
14.449 46.187 11.152
18.568 45.159 13.121
13.022 46.62 11.816
16.383 47.437 12.711
14.36 47.509 12.105
15.897 45.073 10.08
15.985 45.682 8.751
14.678 46.387 8.415
13.606 45.784 8.494
16.262 44.626 7.673
17.511 43.746 7.707
18.749 44.609 7.729
17.466 42.832 8.906
16.655 42.245 8.858
18.286 42.255 8.927
17.427 43.375 9.748
15.207 44.337 10.325
18.741 45.196 8.542
19.568 44.031 7.751
18.778 45.185 6.909
16.721 46.362 8.76
17.519 43.166 6.894
16.264 45.108 6.773
15.457 43.996 7.656
14.772 47.657 8.034
13.596 48.44 7.704
13.768 49.176 6.375
14.866 49.621 6.017
13.266 49.418 8.84
14.364 50.392 9.187
15.532 49.965 9.827
14.248 51.743 8.857
16.566 50.863 10.132
15.278 52.653 9.153
16.428 52.205 9.787
17.449 53.092 10.051
12.809 47.814 7.611
17.389 50.54 10.589
15.176 53.613 8.907
15.742 48.028 7.995
13.426 52.073 8.404
15.637 49.002 10.075
13.053 48.88 9.659
12.454 49.941 8.572
18.093 52.67 10.686
12.668 49.283 5.639
12.677 49.909 4.333
12.049 51.286 4.357
11.443 51.684 5.338
11.934 49.022 3.332
10.587 48.848 3.725
11.812 48.882 6.08
13.641 50.012 4.04
12.381 48.134 3.299
11.96 49.457 2.439
9.983 49.25 3.037
12.203 52.006 3.251
11.669 53.353 3.124
10.144 53.378 3.233
9.579 54.355 3.717
12.133 53.957 1.796
11.999 53.018 0.745
12.733 51.526 2.493
12.039 53.912 3.88
13.089 54.217 1.88
11.574 54.754 1.594
11.513 52.211 1.078
9.487 52.305 2.789
8.032 52.216 2.864
7.607 51.403 4.087
6.5 50.881 4.155
7.44 51.63 1.57
8.127 50.355 1.127
9.162 49.983 1.722
7.633 49.724 0.168
10.089 51.558 2.395
7.682 53.148 2.996
7.537 52.314 0.856
6.479 51.437 1.737
8.528 51.294 5.04
8.305 50.641 6.327
8.009 49.156 6.475
7.211 48.758 7.32
7.271 51.459 7.104
7.626 52.911 7.048
6.994 53.886 6.327
8.791 53.527 7.618
7.699 55.066 6.408
8.805 54.87 7.193
9.826 53.068 8.442
9.817 55.76 7.566
10.827 53.95 8.81
10.815 55.28 8.373
11.557 55.888 8.662
9.166 50.836 6.912
7.446 55.925 5.967
9.845 52.123 8.761
11.566 53.629 9.395
9.798 56.71 7.245
6.146 53.764 5.816
9.455 51.729 4.783
7.286 51.185 8.042
6.395 51.35 6.683
8.652 48.335 5.66
8.504 46.901 5.797
9.575 46.59 6.852
10.663 47.164 6.812
8.835 46.198 4.481
7.916 46.483 3.291
8.361 45.664 2.094
6.475 46.138 3.658
6.188 46.693 4.438
5.879 46.326 2.878
6.416 45.17 3.898
9.244 48.792 4.948
8.319 44.689 2.318
7.76 45.851 1.316
9.301 45.906 1.851
7.635 46.698 6.178
7.965 47.453 3.069
8.811 45.213 4.645
9.759 46.47 4.213
9.281 45.709 7.8
10.256 45.39 8.846
10.602 43.904 8.902
9.716 43.05 8.961
9.743 45.779 10.253
9.117 47.172 10.237
10.899 45.719 11.258
10.091 48.292 10.039
11.106 45.875 8.594
10.544 45.932 12.164
11.285 44.8 11.245
9.039 45.124 10.51
8.43 47.198 9.505
8.638 47.306 11.111
10.563 48.18 9.163
8.345 45.285 7.74
9.605 49.168 10.04
11.588 46.387 10.991
10.766 48.289 10.779
11.895 43.609 8.899
12.382 42.236 8.975
13.474 42.153 10.033
14.043 43.17 10.442
13 41.777 7.648
12.037 41.462 6.531
11.315 42.47 5.9
11.901 40.153 6.062
10.488 42.188 4.825
11.072 39.852 4.985
10.37 40.871 4.37
9.552 40.585 3.308
11.625 41.647 9.259
9.976 42.917 4.371
10.988 38.913 4.664
12.529 44.435 8.838
12.41 39.419 6.508
11.393 43.413 6.227
13.548 40.951 7.832
13.624 42.503 7.33
9.739 41.226 2.565
13.784 40.932 10.453
14.829 40.734 11.441
15.669 39.535 11.057
15.248 38.691 10.258
14.231 40.503 12.833
13.541 39.148 13.016
13.167 38.938 14.474
12.473 37.6 14.701
12.119 37.4 16.133
15.416 41.548 11.465
11.638 37.571 14.147
13.086 36.863 14.407
12.715 39.13 12.462
14.165 38.428 12.732
11.895 38.283 16.545
11.33 36.79 16.197
12.896 36.994 16.613
12.548 39.666 14.758
13.996 38.961 15.027
13.235 40.167 10.029
13.556 41.221 13.007
14.968 40.568 13.505
16.874 39.488 11.602
17.771 38.367 11.397
18.481 38.192 12.722
18.739 39.173 13.413
18.824 38.614 10.271
19.696 37.477 10.19
19.663 39.878 10.537
17.238 37.558 11.215
19.638 40.468 9.73
19.284 40.367 11.322
17.119 40.319 12.185
18.332 38.706 9.388
20.608 39.613 10.73
19.26 36.741 9.662
18.76 36.945 13.09
19.47 36.656 14.332
20.658 35.753 14.03
21.397 35.362 14.935
18.567 35.952 15.379
17.931 34.814 14.786
17.526 36.904 15.921
19.814 37.515 14.711
17.03 37.341 15.164
16.868 36.406 16.495
18.436 36.212 12.431
19.155 35.628 16.147
17.966 37.617 16.476
17.852 34.936 13.791
20.847 35.452 12.745
21.919 34.573 12.299
22.85 35.239 11.293
23.255 34.629 10.3
21.326 33.302 11.675
20.35 33.603 10.547
20.376 34.741 10.019
19.563 32.701 10.182
20.165 35.898 12.094
22.479 34.346 13.114
20.847 32.806 12.387
22.075 32.761 11.313
23.188 36.491 11.563
24.078 37.27 10.712
23.685 37.285 9.229
24.497 36.976 8.351
25.53 36.79 10.863
26.546 37.881 10.68
22.762 36.874 12.44
24.076 38.235 11.043
25.708 36.075 10.18
25.649 36.398 11.78
26.52 39.193 11.024
28.099 36.788 9.741
29.384 38.915 9.729
28.465 38.795 10.091
27.777 37.665 10.1
27.724 39.737 10.647
25.769 39.673 11.468
22.434 37.656 8.968
21.901 37.782 7.611
21.731 36.503 6.793
21.493 36.572 5.592
22.748 38.771 6.793
23.182 40.017 7.535
24.427 40.074 8.168
22.356 41.142 7.608
24.84 41.217 8.848
22.766 42.301 8.296
24.011 42.326 8.907
24.458 43.467 9.55
20.973 38.233 7.681
25.739 41.236 9.294
22.162 43.09 8.339
21.858 37.852 9.822
21.465 41.131 7.169
25.034 39.279 8.133
22.21 39.054 5.997
23.569 38.29 6.481
23.798 44.2 9.404
21.849 35.335 7.41
21.664 34.11 6.642
20.198 34.018 6.221
19.897 33.807 5.047
22.059 32.891 7.465
23.515 32.909 7.898
23.915 31.67 8.673
24.092 32.975 7.082
22.215 34.175 5.813
23.668 33.711 8.477
22.067 35.369 8.406
21.908 32.068 6.918
21.491 32.857 8.286
24.189 32.79 10.336
23.944 30.566 8.121
24.226 31.844 9.962
24.49 31.055 10.545
19.296 34.187 7.186
17.854 34.143 6.93
17.191 35.34 7.611
17.753 35.932 8.549
17.198 32.868 7.495
17.219 32.928 8.923
17.939 31.611 7.022
17.703 34.217 5.946
17.274 30.901 6.783
18.493 31.832 6.218
19.7 34.352 8.132
16.227 32.837 7.19
18.533 31.278 7.755
18.155 32.796 9.266
15.994 35.681 7.142
15.243 36.815 7.668
13.805 36.427 7.956
13.265 35.52 7.326
15.232 37.956 6.648
16.595 38.457 6.27
17.185 39.503 6.97
17.292 37.882 5.209
18.445 39.969 6.621
18.554 38.339 4.852
19.132 39.388 5.562
20.039 39.724 5.313
15.663 37.06 8.55
18.856 40.729 7.138
19.045 37.911 4.081
15.642 35.072 6.372
16.876 37.128 4.699
16.702 39.924 7.732
14.726 38.71 7.044
14.789 37.623 5.827
13.187 37.125 8.903
11.789 36.893 9.26
11.076 38.238 9.216
11.561 39.215 9.775
11.627 36.329 10.689
12.248 35.044 10.783
10.146 36.202 11.037
11.381 36.296 8.578
9.907 35.235 11.147
9.957 36.689 11.893
13.78 37.847 9.366
12.094 36.959 11.343
9.591 36.598 10.302
13.179 35.075 10.403
9.928 38.288 8.551
9.152 39.519 8.453
8.387 39.7 9.761
7.678 38.799 10.199
8.185 39.423 7.262
7.33 40.665 6.986
6.6 40.513 5.633
5.549 41.597 5.373
6.111 42.979 5.281
9.773 40.289 8.335
5.07 41.379 4.51
4.867 41.569 6.119
6.652 40.76 7.701
7.915 41.462 6.941
7.079 42.925 5.041
5.617 43.488 4.578
6.008 43.435 6.163
6.147 39.621 5.618
7.283 40.55 4.902
9.636 37.391 8.115
7.564 38.649 7.427
8.725 39.23 6.437
8.538 40.85 10.406
7.831 41.06 11.662
6.795 42.17 11.622
6.039 42.354 12.568
8.815 41.276 12.84
9.861 42.344 12.492
9.493 39.951 13.171
10.843 42.627 13.632
7.325 40.197 11.849
10.099 40.085 13.952
8.792 39.277 13.393
8.289 41.601 13.619
10.375 42.039 11.698
9.385 43.19 12.27
11.328 41.787 13.855
9.158 41.534 9.967
11.488 43.326 13.336
10.018 39.651 12.378
10.333 42.948 14.425
6.758 42.905 10.519
5.77 43.958 10.336
5.535 44.094 8.832
6.466 43.759 8.058
6.264 45.289 10.906
6.526 45.299 12.415
5.247 45.254 13.248
5.538 45.464 14.665
6.244 44.62 15.416
6.718 43.507 14.884
6.501 44.894 16.69
4.433 44.544 8.45
4.919 43.688 10.767
5.183 46.298 15.101
7.083 44.502 12.658
7.024 46.134 12.657
7.01 44.258 17.252
6.175 45.76 17.087
7.481 42.668 9.811
4.833 44.362 13.124
4.645 45.972 12.924
7.238 42.861 15.468
6.572 43.298 13.923
5.576 45.988 10.713
7.12 45.529 10.447
47.586 46.159 11.451
48.094 45.618 10.156
47.734 44.136 10.028
48.536 43.253 10.342
49.616 45.8 10.076
50.137 46.46 8.793
49.968 45.473 7.275
49.217 46.682 6.162
48.43 47.099 6.614
49.89 47.385 5.939
48.922 46.22 5.327
47.992 45.639 12.199
47.844 47.12 11.522
49.656 47.373 8.687
51.129 46.719 8.948
46.593 46.069 11.47
47.637 46.118 9.422
50.059 44.892 10.163
49.921 46.362 10.863
46.514 43.877 9.567
46.023 42.516 9.383
46.295 42.028 7.953
46.029 42.73 6.973
44.521 42.467 9.679
43.914 41.073 9.668
44.362 40.248 10.863
43.78 38.842 10.8
44.111 38.025 12.003
46.5 41.905 10.023
42.779 38.909 10.714
44.138 38.379 9.98
42.915 41.152 9.686
44.191 40.602 8.827
44.272 38.632 12.78
43.348 37.413 12.207
44.933 37.487 11.821
44.044 40.684 11.695
45.352 40.181 10.856
45.944 44.723 9.351
44.051 43.021 8.989
44.369 42.869 10.583
46.835 40.82 7.849
47.15 40.217 6.563
46.232 39.021 6.313
45.962 38.242 7.224
48.612 39.758 6.556
49.027 38.946 5.332
48.978 39.779 4.061
49.421 38.968 2.855
50.81 38.453 2.999
47 40.892 5.837
48.793 38.191 2.736
49.369 39.548 2.035
49.961 38.613 5.466
48.407 38.167 5.234
51.401 38.901 2.329
51.142 38.648 3.922
50.815 37.466 2.843
49.588 40.557 4.162
48.044 40.085 3.913
47.012 40.345 8.762
48.766 39.196 7.371
49.194 40.571 6.603
45.754 38.882 5.081
44.881 37.768 4.717
45.286 37.2 3.355
45.489 37.946 2.396
43.445 38.226 4.684
46.049 39.619 4.412
44.975 37.043 5.405
43.131 38.431 5.613
43.363 39.051 4.122
42.866 37.507 4.295
45.407 35.878 3.28
45.795 35.219 2.04
44.762 34.219 1.538
44.168 33.469 2.312
47.15 34.485 2.19
47.51 33.773 0.885
48.25 35.489 2.57
45.907 35.934 1.326
46.897 34.082 0.16
48.779 35.712 1.754
47.037 33.783 2.881
48.454 33.989 0.641
47.413 32.787 1.009
45.205 35.37 4.162
47.823 36.312 2.936
48.841 35.075 3.259
44.559 34.222 0.226
43.619 33.318 -0.425
44.337 32.641 -1.585
44.767 33.307 -2.535
42.401 34.076 -1.013
41.557 34.677 0.104
41.568 33.139 -1.882
40.49 35.64 -0.4
43.41 32.604 0.237
40.816 33.656 -2.284
42.15 32.764 -2.601
42.751 34.817 -1.575
41.111 33.939 0.602
42.159 35.172 0.726
39.876 35.153 -1.017
45.129 34.925 -0.297
39.977 35.995 0.378
41.211 32.403 -1.311
40.931 36.391 -0.885
44.497 31.326 -1.498
45.128 30.594 -2.586
43.955 30.092 -3.415
43.291 29.111 -3.059
45.978 29.439 -2.057
47.157 29.92 -1.225
45.614 31.245 -3.138
44.151 30.892 -0.632
46.328 28.923 -2.833
45.405 28.86 -1.487
47.123 29.879 0.007
48.201 30.395 -1.895
49.007 30.72 -1.405
48.179 30.427 -2.896
43.701 30.807 -4.509
42.593 30.504 -5.396
42.468 29.102 -5.948
41.356 28.577 -6.053
44.365 31.597 -4.669
41.704 30.75 -4.909
42.617 31.175 -6.194
43.596 28.499 -6.31
43.586 27.157 -6.872
43.004 26.145 -5.889
42.59 25.057 -6.289
45.009 26.72 -7.271
45.815 26.059 -6.149
46.487 27.056 -5.22
45.963 28.181 -5.073
47.536 26.708 -4.629
45.196 25.517 -5.609
43.041 27.147 -7.722
46.522 25.512 -6.562
44.457 29.054 -6.16
45.5 27.525 -7.554
44.925 26.064 -8.001
42.962 26.508 -4.609
42.451 25.605 -3.58
40.994 25.819 -3.199
40.468 25.116 -2.339
43.324 25.701 -2.327
44.785 25.376 -2.587
45.652 25.574 -1.37
44.852 24.42 -2.879
42.541 24.65 -3.936
45.118 25.97 -3.321
43.314 27.461 -4.412
42.978 25.058 -1.645
43.27 26.632 -1.969
44.004 25.692 -0.206
46.876 25.599 -1.468
45.023 25.712 -0.209
45.545 25.836 0.658
40.34 26.783 -3.838
38.937 27.064 -3.547
38.019 26.307 -4.504
37.946 26.614 -5.695
38.652 28.57 -3.644
39.509 29.312 -2.617
37.175 28.843 -3.398
39.427 30.798 -2.734
38.76 26.696 -2.629
37.01 29.824 -3.477
36.637 28.35 -4.079
38.92 28.877 -4.546
39.212 29.032 -1.704
40.459 29.023 -2.743
38.48 31.099 -2.602
40.896 27.302 -4.539
40.007 31.228 -2.038
36.936 28.529 -2.481
39.738 31.087 -3.642
37.308 25.322 -3.974
36.424 24.522 -4.802
34.946 24.826 -4.62
34.106 24.238 -5.293
36.7 23.032 -4.569
38.123 22.63 -4.954
38.215 21.169 -5.376
39.45 20.889 -6.108
39.675 19.773 -6.795
38.746 18.825 -6.845
40.821 19.607 -7.441
38.727 22.765 -4.171
36.666 24.679 -5.783
40.175 21.586 -6.09
38.43 23.195 -5.718
41.002 18.766 -7.941
41.513 20.336 -7.427
37.435 25.181 -2.959
37.433 20.967 -5.959
38.185 20.608 -4.554
38.936 17.974 -7.355
37.872 18.949 -6.388
36.073 22.508 -5.125
36.576 22.838 -3.607
34.627 25.748 -3.722
33.237 26.125 -3.494
33.131 27.524 -2.901
34.087 28.045 -2.317
32.559 25.13 -2.552
33.123 25.19 -1.255
35.426 26.164 -3.213
32.764 26.13 -4.385
32.68 24.211 -2.916
31.59 25.351 -2.495
34.103 25.001 -1.308
31.963 28.134 -3.058
31.741 29.46 -2.51
31.869 29.343 -0.995
32.283 30.286 -0.316
30.338 29.99 -2.864
30.185 31.422 -2.355
29.266 29.096 -2.249
31.228 32.369 -2.894
32.498 30.024 -2.814
28.368 29.446 -2.507
29.384 28.167 -2.594
30.257 30.002 -3.852
29.279 31.753 -2.612
30.248 31.407 -1.358
31.168 32.399 -3.891
31.254 27.6 -3.585
31.071 33.284 -2.523
29.367 29.108 -1.257
32.137 32.052 -2.625
31.513 28.17 -0.476
31.596 27.915 0.952
33.061 27.878 1.361
33.418 28.349 2.441
30.917 26.588 1.298
31.534 25.511 0.621
31.179 27.472 -1.168
31.161 28.675 1.433
29.96 26.638 1.026
30.987 26.439 2.28
32.526 25.568 0.735
33.905 27.307 0.502
35.346 27.246 0.773
35.845 28.676 0.966
36.597 28.977 1.89
36.108 26.629 -0.409
36.194 25.118 -0.335
36.696 24.51 -1.304
35.771 24.537 0.686
33.468 26.92 -0.352
35.463 26.775 1.641
37.028 27.004 -0.407
35.632 26.884 -1.244
35.402 29.55 0.072
35.785 30.95 0.094
35.362 31.643 1.387
36.151 32.359 1.998
35.181 31.659 -1.12
35.608 33.097 -1.412
37.123 33.231 -1.334
35.101 33.481 -2.802
34.105 33.41 -2.823
35.373 34.42 -3.007
35.495 32.863 -3.481
34.757 29.144 -0.645
37.547 32.624 -2.006
37.385 34.177 -1.527
37.434 32.98 -0.417
36.792 31.012 0.018
35.187 33.705 -0.74
34.182 31.663 -1.004
35.406 31.112 -1.935
34.122 31.433 1.812
33.658 32.075 3.036
34.332 31.541 4.292
34.588 32.3 5.221
32.139 31.975 3.152
31.418 32.777 2.117
33.549 30.811 1.232
33.858 33.07 2.969
31.858 32.302 4.059
31.865 31.014 3.055
30.674 32.399 1.05
31.979 34.729 2.722
30.737 35.538 0.727
30.837 34.586 1.003
31.497 34.153 2.062
30.33 33.542 0.371
30.423 31.467 0.803
34.628 30.246 4.315
35.296 29.648 5.47
36.75 30.088 5.486
37.349 30.228 6.55
35.202 28.119 5.421
33.787 27.604 5.633
33.668 26.098 5.484
34.666 25.405 5.29
32.446 25.585 5.572
33.488 27.856 6.556
34.857 30 6.296
33.183 28.039 4.962
34.354 29.715 3.473
31.669 26.222 5.747
32.288 24.584 5.468
35.783 27.739 6.138
35.517 27.807 4.528
37.317 30.311 4.305
38.7 30.764 4.212
38.765 32.191 4.744
39.673 32.536 5.51
39.211 30.746 2.756
39.398 29.393 2.333
40.532 31.483 2.635
39.266 30.186 4.792
40.572 31.973 1.76
40.625 32.145 3.384
36.711 30.141 3.486
38.506 31.175 2.157
41.293 30.83 2.679
38.513 28.967 2.116
37.796 33.018 4.351
37.771 34.404 4.814
37.572 34.453 6.327
38.161 35.292 7.008
36.658 35.2 4.115
36.737 35.353 2.585
35.576 36.21 2.095
38.063 35.987 2.181
38.817 35.408 2.489
38.099 36.08 1.186
38.143 36.89 2.602
37.096 32.609 3.718
35.625 37.113 2.522
35.63 36.308 1.101
34.711 35.772 2.34
38.653 34.831 4.596
36.684 34.451 2.169
36.653 36.123 4.503
35.787 34.75 4.32
36.746 33.553 6.852
36.494 33.518 8.29
37.798 33.379 9.072
38.01 34.055 10.075
35.577 32.353 8.643
35.244 32.28 10.117
34.235 31.183 10.396
33.746 31.221 11.836
32.608 30.275 12.014
36.045 34.377 8.563
34.492 30.955 12.44
33.443 32.145 12.052
36.079 32.09 10.634
34.861 33.155 10.412
32.889 29.53 12.618
31.834 30.761 12.418
32.344 29.904 11.124
34.662 30.299 10.231
33.451 31.303 9.793
36.313 32.904 6.177
36.032 31.506 8.379
34.728 32.457 8.132
38.67 32.499 8.59
39.954 32.255 9.233
40.983 33.368 9.025
41.572 33.87 9.985
40.544 30.924 8.74
41.98 30.684 9.2
42.105 30.877 10.71
43.557 30.995 11.135
43.678 31.399 12.565
39.802 32.144 10.236
44.009 30.11 11.005
44.011 31.681 10.562
42.243 29.751 8.972
42.582 31.331 8.742
43.74 32.395 12.623
42.874 31.083 13.067
44.501 30.988 12.956
41.701 30.092 11.166
41.628 31.711 10.965
38.359 32.008 7.727
40.53 30.929 7.745
39.976 30.185 9.088
41.198 33.746 7.771
42.176 34.77 7.436
41.84 36.153 7.98
42.736 36.96 8.22
42.34 34.855 5.92
42.884 33.596 5.278
44.313 33.312 5.685
45.129 34.26 5.701
44.627 32.137 5.975
42.334 32.836 5.571
43.094 34.488 7.784
42.871 33.713 4.303
40.617 33.255 7.062
42.971 35.588 5.728
41.45 35.029 5.532
40.556 36.428 8.172
40.141 37.729 8.672
39.751 37.706 10.15
39.473 38.749 10.746
38.98 38.261 7.827
39.276 38.537 6.349
38.047 39.163 5.697
40.469 39.472 6.214
41.273 39.051 6.634
40.652 39.644 5.246
40.27 40.338 6.673
39.902 35.662 7.943
37.825 40.021 6.16
38.238 39.344 4.732
37.274 38.534 5.772
40.912 38.38 8.56
39.49 37.679 5.896
38.674 39.118 8.233
38.244 37.587 7.861
39.738 36.518 10.743
39.385 36.386 12.148
37.963 36.89 12.374
37.705 37.676 13.29
40.371 37.177 13.01
39.993 35.72 10.135
39.425 35.417 12.406
41.228 36.67 13.081
40.541 38.065 12.587
39.983 37.308 13.92
37.041 36.434 11.534
35.654 36.846 11.656
34.986 36.173 12.848
35.474 35.169 13.366
34.892 36.503 10.373
35.467 37.116 9.095
34.61 36.72 7.9
35.528 38.628 9.248
36.113 38.863 10.024
35.903 39.035 8.415
34.608 38.987 9.406
37.389 35.782 10.811
33.676 37.052 8.034
34.991 37.123 7.068
34.599 35.724 7.812
35.623 37.843 11.798
36.396 36.78 8.963
33.964 36.834 10.471
34.907 35.518 10.263
33.853 36.72 13.302
33.14 36.135 14.442
32.688 34.698 14.155
32.483 34.325 12.998
31.963 37.087 14.636
31.717 37.604 13.237
33.12 37.874 12.755
31.276 36.911 12.687
33.709 36.167 15.275
33.475 38.726 13.127
33.168 37.883 11.763
31.182 38.435 13.267
32.201 37.833 15.248
31.163 36.604 14.975
32.54 33.899 15.21
32.118 32.514 15.061
30.726 32.419 14.442
30.38 31.403 13.837
32.137 31.807 16.419
33.457 31.712 17.167
33.43 31.014 18.489
32.421 30.529 18.982
34.55 30.992 19.039
34.104 31.226 16.577
32.776 32.018 14.478
33.788 32.644 17.32
32.748 34.342 16.124
31.809 30.871 16.273
31.491 32.29 17.015
29.934 33.476 14.592
28.58 33.5 14.053
28.543 33.969 12.595
27.478 34.029 11.988
27.683 34.401 14.922
28.087 35.87 14.97
28.056 36.673 13.821
28.506 36.455 16.166
28.434 38.018 13.866
28.888 37.792 16.224
28.85 38.569 15.076
29.225 39.894 15.15
28.207 32.56 14.085
28.405 38.576 13.041
29.189 38.19 17.09
30.356 34.267 15.116
28.531 35.902 16.998
27.759 36.278 12.953
27.7 34.046 15.858
26.75 34.348 14.564
28.841 40.386 14.371
29.712 34.293 12.047
29.84 34.768 10.664
28.833 34.109 9.718
28.879 32.903 9.499
31.272 34.535 10.154
31.501 35.001 8.731
31.219 36.316 8.357
31.96 34.119 7.747
31.376 36.747 7.035
32.125 34.538 6.42
31.826 35.856 6.076
31.962 36.287 4.776
29.668 35.766 10.658
31.165 37.692 6.791
32.452 33.9 5.731
30.533 34.181 12.684
32.175 33.179 7.991
30.897 36.968 9.045
31.46 33.558 10.196
31.897 35.03 10.75
31.072 36.582 4.434
27.941 34.926 9.152
26.898 34.439 8.255
27.303 33.763 6.955
26.48 33.103 6.314
28.055 35.93 9.405
26.284 33.788 8.789
26.261 35.233 8.031
28.557 33.933 6.55
29.057 33.321 5.323
28.224 33.681 4.093
27.804 32.811 3.333
29.123 31.797 5.495
30.193 31.344 6.494
30.251 29.836 6.672
30.135 29.11 5.668
30.431 29.375 7.818
31.068 31.639 6.156
30.019 33.608 5.169
29.981 31.74 7.369
29.14 34.528 7.171
29.347 31.406 4.626
28.255 31.496 5.836
27.995 34.975 3.905
27.231 35.475 2.77
27.655 36.919 2.509
28.35 37.524 3.331
25.729 35.379 3.055
25.305 36.212 4.239
27.5 34.944 1.971
28.406 35.598 4.635
25.507 34.424 3.237
25.238 35.694 2.247
25.131 37.428 4.123
25.146 35.568 5.394
24.861 36.064 6.213
25.314 34.581 5.441
27.242 37.469 1.371
27.628 38.824 1.002
27.299 39.883 2.034
28.118 40.759 2.293
27.017 39.206 -0.347
27.492 38.359 -1.532
26.923 38.933 -2.822
29.021 38.341 -1.586
29.377 37.95 -0.739
29.318 37.786 -2.362
29.359 39.275 -1.693
26.638 36.864 0.786
27.239 39.875 -2.937
27.231 38.382 -3.598
25.924 38.92 -2.782
28.639 38.835 0.842
27.17 37.426 -1.413
27.259 40.146 -0.538
26.034 39.097 -0.28
26.107 39.808 2.621
25.699 40.78 3.634
26.525 40.635 4.93
26.886 41.632 5.563
24.205 40.638 3.93
23.325 41.082 2.752
23.481 42.228 2.267
22.465 40.284 2.32
25.511 39.023 2.306
25.897 41.698 3.268
23.986 41.204 4.713
24.014 39.684 4.119
26.831 39.399 5.317
27.636 39.166 6.517
29.043 39.718 6.269
29.65 40.315 7.15
27.705 37.667 6.834
26.464 38.644 4.717
27.231 39.66 7.281
27.197 37.161 6.14
28.659 37.375 6.833
27.304 37.503 7.732
29.551 39.519 5.059
30.879 40.005 4.709
30.986 41.533 4.795
31.962 42.061 5.328
31.259 39.537 3.302
32.641 39.992 2.843
33.699 39.48 3.817
32.911 39.476 1.431
32.219 39.837 0.807
33.817 39.777 1.135
32.873 38.477 1.429
28.937 39.002 4.404
33.67 38.481 3.844
34.603 39.78 3.513
33.515 39.845 4.729
31.55 39.608 5.354
32.668 40.987 2.821
30.596 39.905 2.669
31.253 38.548 3.298
29.989 42.245 4.274
30.007 43.704 4.33
30.039 44.18 5.781
30.807 45.079 6.141
28.775 44.273 3.626
28.577 45.736 3.852
27.72 46.31 4.729
29.261 46.81 3.191
27.818 47.679 4.661
28.759 48.012 3.725
30.252 46.87 2.196
29.207 49.263 3.305
30.702 48.124 1.774
30.177 49.3 2.33
30.521 50.181 2.005
30.853 44.018 3.891
27.288 48.327 5.207
30.63 46.043 1.797
31.4 48.174 1.072
28.826 50.101 3.708
27.101 45.817 5.342
29.231 41.694 3.843
27.966 43.807 3.967
28.871 44.133 2.647
29.205 43.557 6.61
29.118 43.898 8.023
30.44 43.634 8.761
30.831 44.403 9.643
27.985 43.104 8.675
27.742 43.506 10.116
27.338 44.667 10.353
27.954 42.66 11.007
28.627 42.813 6.164
28.946 44.891 8.085
28.229 42.142 8.648
27.155 43.268 8.153
31.132 42.562 8.392
32.4 42.233 9.039
33.495 43.211 8.643
34.286 43.642 9.482
32.825 40.813 8.692
30.711 42.002 7.635
32.273 42.278 10.039
33.619 40.841 8.086
33.063 40.321 9.529
32.073 40.342 8.233
33.545 43.561 7.365
34.564 44.487 6.887
34.363 45.899 7.427
35.319 46.644 7.616
34.573 44.515 5.352
34.979 43.203 4.666
34.953 43.37 3.147
36.377 42.791 5.123
36.378 42.66 6.114
36.635 41.937 4.673
37.03 43.507 4.88
32.825 43.135 6.76
35.593 44.09 2.882
35.219 42.509 2.714
34.03 43.619 2.857
35.469 44.156 7.195
34.338 42.487 4.931
35.217 45.212 5.064
33.654 44.737 5.046
33.116 46.256 7.703
32.808 47.594 8.176
32.477 47.746 9.662
32.327 48.869 10.147
31.657 48.18 7.343
30.508 47.33 7.45
32.069 48.275 5.881
33.618 48.201 7.974
32.185 47.354 5.5
31.363 48.76 5.359
32.405 45.518 7.556
31.411 49.096 7.719
32.936 48.774 5.804
30.656 46.477 6.939
32.368 46.632 10.384
32.058 46.7 11.805
32.619 45.558 12.638
31.951 45.068 13.551
32.517 45.754 9.866
32.406 47.587 12.181
31.041 46.73 11.924
33.84 45.13 12.333
34.48 44.043 13.071
35.974 43.901 12.743
36.832 44.05 13.618
33.756 42.725 12.781
34.396 41.529 13.421
35.514 40.864 12.994
33.977 40.877 14.625
35.817 39.836 13.863
34.889 39.823 14.871
32.917 41.079 15.521
34.772 38.972 15.977
32.8 40.232 16.622
33.723 39.191 16.837
33.603 38.604 17.637
34.409 44.256 14.057
36.585 39.207 13.771
32.258 41.811 15.381
32.053 40.369 17.26
35.437 38.236 16.12
36.036 41.087 12.174
34.291 45.625 11.54
33.752 42.569 11.8
32.828 42.785 13.129
36.272 43.606 11.481
37.635 43.434 11.007
38.57 44.575 11.422
38.143 45.724 11.582
37.637 43.277 9.457
38.942 43.781 8.856
37.434 41.811 9.098
38.004 42.576 11.406
39.698 43.573 9.477
37.86 41.626 8.213
36.906 43.852 9.101
39.1 43.332 7.977
38.886 44.77 8.719
35.434 43.508 10.857
37.855 41.238 9.801
36.455 41.617 9.048
39.845 44.235 11.607
40.871 45.204 11.984
41.569 45.769 10.757
41.771 45.07 9.768
41.929 44.558 12.881
43.242 45.342 12.908
44.317 44.7 13.767
44.562 43.48 13.613
44.926 45.424 14.59
43.586 45.392 11.986
40.449 45.955 12.508
43.057 46.236 13.28
40.046 43.221 11.46
42.124 43.669 12.525
41.579 44.539 13.794
41.954 47.036 10.842
42.649 47.711 9.755
43.945 48.309 10.294
44.067 48.54 11.495
41.748 48.801 9.172
40.551 48.232 8.44
40.729 47.42 7.319
39.251 48.478 8.876
39.646 46.863 6.648
38.153 47.924 8.21
38.364 47.116 7.094
37.304 46.55 6.418
42.885 47.034 9.059
39.798 46.281 5.847
37.228 48.106 8.53
41.718 47.501 11.745
39.097 49.054 9.673
41.658 47.234 6.989
42.28 49.336 8.529
41.419 49.366 9.916
36.482 46.624 6.979
44.933 48.565 9.419
44.939 48.34 7.969
44.792 46.87 7.622
45.201 45.997 8.387
46.305 48.871 7.54
46.602 49.915 8.556
46.165 49.252 9.837
47.573 50.124 8.579
44.216 48.89 7.523
45.971 49.923 10.547
46.842 48.598 10.157
46.073 50.738 8.385
46.26 49.262 6.622
46.989 48.143 7.56
44.215 46.597 6.461
44.042 45.223 6.016
44.656 45.024 4.641
44.566 45.893 3.771
42.552 44.857 5.976
42.116 43.585 5.234
42.87 42.365 5.751
40.617 43.397 5.417
40.132 44.188 5.044
40.322 42.57 4.937
40.407 43.308 6.391
43.908 47.421 5.916
42.684 42.247 6.726
42.569 41.552 5.253
43.852 42.496 5.612
44.51 44.613 6.665
42.302 43.701 4.258
42.061 45.628 5.554
42.236 44.765 6.929
45.302 43.881 4.457
45.888 43.551 3.173
45.372 42.182 2.778
45.653 41.182 3.452
47.421 43.491 3.216
47.948 42.963 1.88
47.986 44.865 3.481
45.566 44.21 2.5
47.324 43.233 1.149
47.687 45.184 4.383
47.683 42.831 3.907
48.853 43.347 1.707
48.008 41.967 1.919
45.348 43.265 5.289
48.987 44.827 3.458
47.662 45.503 2.78
44.602 42.151 1.694
44.044 40.913 1.174
44.805 40.505 -0.083
44.782 41.217 -1.088
42.566 41.091 0.822
41.968 39.87 0.108
41.772 38.728 1.099
40.646 40.245 -0.528
40.787 40.979 -1.194
40.256 39.449 -0.994
40.008 40.559 0.177
44.436 43.083 1.256
41.15 39.02 1.826
41.383 37.938 0.625
42.654 38.476 1.496
44.158 40.193 1.86
42.592 39.58 -0.613
42.485 41.857 0.214
42.065 41.218 1.657
45.485 39.366 -0.023
46.231 38.863 -1.171
45.467 37.691 -1.782
45.411 36.613 -1.207
47.615 38.395 -0.744
48.559 38.176 -1.912
49.805 37.429 -1.502
50.295 37.67 -0.377
50.295 36.607 -2.305
48.094 37.636 -2.586
46.335 39.585 -1.852
48.835 39.053 -2.255
45.44 38.877 0.89
47.514 37.537 -0.278
48.006 39.091 -0.172
44.877 37.907 -2.949
44.1 36.866 -3.611
44.878 36.245 -4.785
44.946 36.826 -5.867
42.783 37.467 -4.12
41.676 36.47 -4.391
41.801 35.212 -4.923
40.272 36.685 -4.205
40.559 34.636 -5.08
39.605 35.518 -4.645
39.511 37.755 -3.712
38.212 35.391 -4.602
38.129 37.627 -3.672
37.494 36.451 -4.114
36.497 36.4 -4.065
43.933 36.131 -2.944
40.384 33.726 -5.45
39.948 38.591 -3.395
37.581 38.381 -3.325
37.772 34.547 -4.922
42.665 34.776 -5.162
45.012 38.857 -3.341
42.956 37.947 -4.978
42.434 38.108 -3.438
45.456 35.065 -4.564
46.214 34.368 -5.602
45.293 33.473 -6.438
44.253 33.032 -5.959
47.307 33.505 -4.971
48.237 34.253 -4.041
49.118 33.285 -3.27
49.929 33.966 -2.266
50.678 33.349 -1.357
50.728 32.022 -1.318
51.372 34.061 -0.478
47.705 34.776 -3.384
46.635 35.048 -6.21
49.921 34.975 -2.261
48.826 34.855 -4.569
51.921 33.605 0.218
51.346 35.063 -0.514
45.323 34.689 -3.604
49.717 32.826 -3.922
48.528 32.619 -2.821
51.285 31.568 -0.611
50.222 31.478 -1.98
47.853 33.11 -5.707
46.865 32.776 -4.451
45.686 33.21 -7.684
44.903 32.365 -8.583
43.443 32.773 -8.609
42.567 31.913 -8.566
44.981 30.899 -8.153
46.372 30.31 -8.148
47.085 30.509 -9.467
46.908 30.75 -7.428
45.275 32.479 -9.515
46.308 29.329 -7.965
46.587 33.653 -7.957
44.409 30.353 -8.778
44.601 30.819 -7.224
48.825 30.815 -8.485
46.473 30.43 -10.535
48.388 30.758 -9.403
48.938 30.89 -10.252
43.181 34.076 -8.684
41.808 34.571 -8.692
40.962 33.902 -9.766
39.843 33.458 -9.502
41.774 36.088 -8.903
40.39 36.671 -8.841
39.771 36.896 -7.616
39.679 36.937 -10.009
38.46 37.373 -7.546
38.366 37.414 -9.953
37.756 37.631 -8.715
36.82 37.97 -8.671
41.401 34.321 -7.801
38.037 37.524 -6.648
37.864 37.598 -10.809
44.013 34.689 -8.735
40.11 36.787 -10.897
40.266 36.717 -6.769
42.146 36.276 -9.798
42.314 36.504 -8.189
41.502 33.832 -10.978
40.787 33.225 -12.097
40.325 31.808 -11.769
39.159 31.473 -11.956
41.68 33.213 -13.346
41.012 32.676 -14.612
39.746 33.441 -14.995
39.75 34.691 -14.919
38.752 32.786 -15.384
41.647 32.766 -15.356
39.985 33.792 -12.334
40.754 31.742 -14.452
42.453 34.237 -11.058
42.457 32.636 -13.154
41.953 34.144 -13.527
41.237 30.981 -11.273
40.897 29.607 -10.931
39.776 29.5 -9.91
38.932 28.604 -9.998
42.119 28.873 -10.395
43.137 28.493 -11.447
44.137 27.494 -10.909
42.664 28.084 -12.222
40.586 29.143 -11.781
43.626 29.311 -11.734
42.181 31.387 -11.155
41.813 28.03 -9.936
42.574 29.459 -9.716
45.66 28.681 -11.505
43.754 26.451 -10.376
45.424 27.804 -11.041
46.151 27.185 -10.69
39.772 30.405 -8.936
38.746 30.395 -7.904
37.461 30.994 -8.45
36.385 30.786 -7.891
39.206 31.188 -6.676
39.29 32.575 -6.956
40.541 31.096 -8.977
38.562 29.441 -7.655
40.106 30.857 -6.401
38.551 31.044 -5.939
39.514 32.707 -7.921
37.573 31.742 -9.541
36.398 32.358 -10.144
35.592 31.276 -10.847
34.374 31.382 -10.984
36.809 33.443 -11.144
35.643 34.277 -11.658
36.118 35.543 -12.354
34.951 36.49 -12.618
35.398 37.848 -13.039
35.836 32.763 -9.425
34.372 36.095 -13.34
34.403 36.569 -11.778
35.113 33.73 -12.308
35.059 34.531 -10.886
35.645 38.38 -12.23
36.192 37.763 -13.64
34.655 38.304 -13.527
36.529 35.3 -13.223
36.773 36.006 -11.771
38.531 31.845 -9.911
37.245 32.999 -11.923
37.456 34.053 -10.694
36.287 30.227 -11.273
35.661 29.11 -11.966
34.857 28.222 -11.024
33.675 27.972 -11.25
36.725 28.255 -12.66
37.58 28.992 -13.679
38.621 28.087 -14.319
38.653 27.925 -15.539
39.481 27.496 -13.496
36.987 29.35 -14.397
35.021 29.488 -12.653
38.05 29.743 -13.221
37.309 30.273 -11.07
39.404 27.691 -12.499
40.197 26.865 -13.852
36.266 27.493 -13.132
37.337 27.873 -11.958
35.504 27.749 -9.965
34.856 26.861 -9.008
33.837 27.517 -8.069
33.321 26.87 -7.153
35.923 26.124 -8.196
36.849 25.234 -9.032
37.828 24.513 -8.122
36.023 24.228 -9.818
35.394 24.713 -10.426
36.63 23.648 -10.363
35.499 23.657 -9.186
36.491 28.061 -9.88
37.325 23.945 -7.47
38.432 23.932 -8.67
38.378 25.183 -7.622
34.37 26.124 -9.531
37.35 25.805 -9.676
35.464 25.544 -7.542
36.488 26.8 -7.748
33.549 28.794 -8.298
32.578 29.515 -7.484
31.557 30.182 -8.401
30.673 30.906 -7.943
33.25 30.599 -6.627
33.886 31.553 -7.482
34.287 29.986 -5.707
32.098 28.86 -6.902
34.981 30.671 -5.468
33.848 29.659 -4.865
34.065 29.223 -9.09
32.533 31.083 -6.086
34.736 29.212 -6.163
34.848 31.302 -7.633
31.697 29.927 -9.701
30.811 30.469 -10.734
30.534 31.967 -10.6
29.391 32.385 -10.427
29.493 29.677 -10.757
28.718 29.685 -9.45
27.791 28.493 -9.306
28.292 27.349 -9.286
26.562 28.7 -9.209
29.363 29.651 -8.709
31.215 30.285 -11.652
28.164 30.497 -9.423
32.507 29.296 -9.927
29.715 28.739 -10.97
28.918 30.081 -11.45
31.592 32.768 -10.697
31.492 34.222 -10.588
31.116 34.687 -9.184
30.835 35.869 -8.964
30.485 34.777 -11.605
31.011 34.736 -13.032
32.411 34.599 -10.787
32.496 32.271 -10.857
30.288 35.723 -11.366
29.656 34.229 -11.557
31.201 33.664 -13.607
31.256 35.909 -13.607
31.597 35.947 -14.544
31.098 36.757 -13.098
31.102 33.757 -8.236
30.787 34.122 -6.87
31.987 34.858 -6.306
31.855 35.756 -5.482
31.324 32.803 -8.548
29.992 34.719 -6.853
30.615 33.304 -6.331
33.17 34.474 -6.767
34.403 35.097 -6.316
34.357 36.58 -6.653
34.815 37.415 -5.877
35.599 34.437 -6.99
33.137 33.704 -7.465
34.476 34.996 -5.324
36.027 33.794 -6.355
35.294 33.946 -7.805
36.262 35.137 -7.252
33.788 36.898 -7.809
33.678 38.283 -8.255
32.798 39.101 -7.32
33.105 40.256 -7.018
33.107 38.341 -9.676
33.075 39.742 -10.258
34.467 40.332 -10.46
34.578 41.572 -10.519
35.444 39.565 -10.573
32.643 39.704 -11.14
34.597 38.698 -8.3
32.596 40.33 -9.633
33.434 36.091 -8.359
32.184 38.009 -9.64
33.682 37.79 -10.25
31.701 38.505 -6.865
30.787 39.196 -5.96
31.465 39.419 -4.603
31.233 40.432 -3.942
29.496 38.391 -5.779
29.702 37.284 -4.924
31.555 37.537 -7.198
30.58 40.095 -6.349
29.197 38.063 -6.671
28.802 38.985 -5.383
30.507 36.774 -5.225
32.296 38.467 -4.19
33.016 38.606 -2.928
33.996 39.769 -3.056
34.06 40.631 -2.181
33.799 37.319 -2.575
34.76 37.578 -1.418
32.82 36.217 -2.192
32.358 38.834 -2.215
34.469 38.395 -0.922
31.966 36.345 -2.696
34.352 37.078 -3.365
34.755 36.792 -0.8
35.682 37.715 -1.777
32.383 37.653 -4.816
33.217 35.329 -2.422
32.641 36.262 -1.21
34.752 39.781 -4.153
35.733 40.834 -4.416
35.08 42.21 -4.465
35.663 43.204 -4.025
36.45 40.566 -5.746
37.401 41.642 -6.285
38.545 41.883 -5.314
37.941 41.19 -7.637
37.181 41.061 -8.274
38.563 41.885 -7.997
38.434 40.327 -7.528
34.586 38.983 -4.802
39.059 41.034 -5.184
39.154 42.587 -5.681
38.18 42.188 -4.434
36.413 40.83 -3.671
36.888 42.49 -6.414
35.747 40.415 -6.445
36.987 39.724 -5.637
33.87 42.252 -5.015
33.098 43.483 -5.146
32.821 44.094 -3.779
32.874 45.308 -3.621
31.782 43.186 -5.866
30.919 44.397 -6.147
31.641 45.452 -6.97
30.106 44.106 -6.651
33.649 44.141 -5.671
30.643 44.808 -5.278
33.518 41.323 -5.347
31.248 42.543 -5.303
31.992 42.739 -6.744
30.516 46.896 -6.108
32.516 45.136 -7.785
31.264 46.715 -6.775
31.712 47.477 -7.281
32.531 43.247 -2.791
32.259 43.718 -1.432
33.507 44.366 -0.814
33.414 45.402 -0.153
31.769 42.562 -0.524
31.514 43.081 0.894
30.489 41.955 -1.103
31.542 44.421 -1.48
30.997 43.934 0.845
29.912 41.636 -0.353
32.502 41.898 -0.461
30.992 42.401 1.405
32.388 43.243 1.347
32.515 42.247 -3.064
30.007 42.653 -1.63
30.731 41.189 -1.695
34.666 43.754 -1.032
35.925 44.297 -0.52
36.178 45.659 -1.157
36.595 46.605 -0.49
37.09 43.363 -0.859
37.325 42.277 0.157
38.044 42.538 1.32
36.835 40.989 -0.052
38.272 41.531 2.257
37.06 39.98 0.881
37.78 40.254 2.035
37.945 39.533 2.708
35.798 44.453 0.459
38.796 41.741 3.09
36.697 39.051 0.71
34.604 42.879 -1.583
36.315 40.788 -0.881
38.4 43.45 1.49
37.912 43.912 -0.914
36.889 42.931 -1.726
35.926 45.75 -2.459
36.136 47.003 -3.167
35.178 48.097 -2.701
35.576 49.252 -2.582
36.016 46.796 -4.68
37.173 46.017 -5.278
37.718 46.725 -6.513
37.035 46.322 -7.733
36.928 47.074 -8.821
37.456 48.292 -8.855
36.289 46.6 -9.878
36.862 45.115 -5.553
37.084 47.317 -3.002
36.611 45.404 -7.754
37.908 45.946 -4.614
36.185 47.165 -10.7
35.907 45.674 -9.863
35.582 44.885 -2.903
38.69 46.505 -6.587
37.605 47.708 -6.378
37.35 48.857 -9.682
37.956 48.647 -8.069
35.986 47.689 -5.114
35.178 46.294 -4.859
33.926 47.744 -2.429
32.964 48.746 -1.972
33.287 49.17 -0.543
33.115 50.338 -0.166
31.536 48.202 -2.068
31.107 47.905 -3.508
29.649 47.48 -3.632
29.271 47.002 -4.72
28.883 47.629 -2.655
31.223 48.727 -4.036
32.998 49.547 -2.575
31.661 47.166 -3.847
33.703 46.75 -2.562
30.929 48.883 -1.715
31.5 47.36 -1.572
33.765 48.218 0.251
34.144 48.509 1.625
35.313 49.484 1.543
35.451 50.394 2.362
34.57 47.229 2.336
33.841 47.282 -0.182
33.39 48.954 2.084
34.031 47.116 3.17
34.418 46.447 1.733
35.54 47.286 2.571
36.139 49.298 0.521
37.305 50.149 0.313
36.871 51.563 -0.091
37.305 52.548 0.506
38.2 49.533 -0.764
39.642 50.012 -0.762
39.767 51.418 -1.304
41.22 51.746 -1.619
41.825 50.715 -2.51
37.826 50.208 1.17
41.261 52.637 -2.072
41.737 51.785 -0.763
39.99 49.992 0.178
40.191 49.393 -1.327
41.43 50.796 -3.424
42.813 50.858 -2.557
41.634 49.806 -2.141
39.44 52.061 -0.623
39.239 51.493 -2.141
35.888 48.509 -0.106
37.799 49.745 -1.66
38.2 48.538 -0.637
36.008 51.654 -1.097
35.528 52.946 -1.563
34.77 53.647 -0.448
34.6 54.861 -0.475
34.629 52.768 -2.775
35.716 50.749 -1.508
36.316 53.512 -1.822
35.133 52.298 -3.5
33.828 52.225 -2.522
34.331 53.663 -3.106
34.322 52.877 0.538
33.577 53.437 1.657
34.484 54.029 2.729
34.007 54.677 3.657
32.681 52.377 2.267
34.544 51.869 0.442
32.971 54.172 1.308
32.461 51.685 1.579
33.15 51.94 3.035
31.834 52.799 2.594
35.789 53.799 2.611
36.713 54.344 3.589
37.62 53.333 4.262
38.603 53.71 4.892
36.067 53.228 1.803
37.292 55.062 3.137
36.179 54.845 4.31
37.304 52.049 4.137
38.118 51.01 4.761
39.538 50.972 4.21
39.745 50.985 2.996
37.463 49.66 4.577
36.457 51.856 3.577
38.164 51.19 5.757
36.563 49.774 4.153
38.032 49.084 3.988
37.352 49.212 5.466
40.518 50.929 5.108
41.915 50.871 4.698
42.221 49.431 4.299
42.751 48.643 5.091
42.829 51.319 5.84
44.283 51.41 5.423
45.082 52.011 6.175
44.636 50.879 4.349
40.208 50.94 6.096
42.009 51.427 3.878
42.747 50.658 6.576
42.526 52.216 6.142
41.866 49.104 3.058
42.063 47.772 2.505
42.91 47.807 1.237
42.607 48.534 0.293
40.698 47.116 2.158
39.801 47.097 3.394
40.904 45.692 1.641
38.423 46.534 3.152
42.593 47.256 3.189
40.016 45.306 1.404
41.491 45.725 0.836
40.264 47.676 1.465
40.254 46.556 4.105
39.71 48.038 3.728
38.5 45.59 2.832
41.433 49.889 2.516
37.9 46.555 4.003
41.335 45.15 2.359
37.955 47.083 2.46
43.982 47.029 1.223
44.834 46.937 0.051
44.556 45.555 -0.527
44.726 44.551 0.166
46.338 47.04 0.412
46.598 48.297 1.051
47.187 46.932 -0.838
44.551 47.613 -0.607
47.559 47.833 -1.079
47.948 46.296 -0.682
44.154 46.504 2.102
46.566 46.294 1.069
46.631 46.594 -1.603
46.29 48.273 2.008
44.115 45.509 -1.784
43.797 44.252 -2.457
44.843 43.889 -3.502
45.105 44.65 -4.429
42.396 44.322 -3.132
41.323 44.543 -2.068
42.089 43.026 -3.883
39.962 44.858 -2.632
43.836 43.536 -1.749
41.193 43.109 -4.312
42.791 42.884 -4.577
42.398 45.101 -3.742
41.262 43.718 -1.506
41.614 45.302 -1.484
39.655 44.101 -3.209
44.018 46.441 -2.241
39.312 44.99 -1.884
42.091 42.271 -3.232
40.012 45.693 -3.18
45.441 42.713 -3.339
46.454 42.224 -4.263
45.871 41.085 -5.09
45.615 40.004 -4.568
47.696 41.671 -3.522
48.166 42.653 -2.442
48.801 41.387 -4.523
48.552 44.018 -2.964
46.642 42.971 -4.899
49.581 40.989 -4.043
48.462 40.746 -5.21
47.431 40.824 -3.075
47.431 42.756 -1.771
48.958 42.249 -1.979
47.765 44.436 -3.415
45.124 42.179 -2.502
48.845 44.594 -2.202
49.072 42.243 -4.961
49.301 43.924 -3.618
45.665 41.334 -6.378
45.121 40.322 -7.276
46.246 39.727 -8.108
46.75 40.361 -9.035
44.071 40.936 -8.205
42.813 41.515 -7.554
42.011 42.275 -8.592
41.979 40.403 -6.938
42.516 39.927 -6.241
41.16 40.792 -6.516
41.708 39.753 -7.649
45.92 42.293 -6.684
41.746 41.656 -9.334
41.187 42.656 -8.17
42.564 43.021 -8.966
44.711 39.593 -6.727
43.083 42.133 -6.822
43.775 40.225 -8.843
44.51 41.678 -8.713
46.647 38.511 -7.763
47.711 37.828 -8.482
47.284 36.397 -8.793
48.083 35.468 -8.535
48.99 37.828 -7.642
48.746 37.325 -6.338
46.149 36.228 -9.296
46.145 38.099 -6.952
47.857 38.301 -9.353
49.326 38.763 -7.57
49.668 37.253 -8.089
47.764 37.195 -6.21
