0 2.402296212557e+01
1 6.197526893696e+00
2 3.885051150663e-01
3 1.696954003529e+01
4 4.876761129446e+00
5 3.320658830276e+00
6 1.216499080362e+01
7 8.077415423116e+00
8 1.279755938550e+01
9 0.000000000000e+00
10 0.000000000000e+00
11 0.000000000000e+00
12 6.726755623689e+00
13 0.000000000000e+00
14 1.379286780745e+00
15 1.214798301203e+01
16 0.000000000000e+00
17 1.221381598492e+00
18 5.044429813809e+00
19 2.038222377926e+01
20 2.459171447363e+01
21 0.000000000000e+00
22 8.631110288661e+00
23 4.244401588078e+00
24 1.317562272323e+01
25 1.139290213155e+01
26 7.786440775597e+00
27 0.000000000000e+00
28 0.000000000000e+00
29 6.229795493861e+00
30 0.000000000000e+00
31 0.000000000000e+00
32 1.724373859123e+01
33 0.000000000000e+00
34 1.215422372881e+00
35 1.146089890712e+00
36 0.000000000000e+00
37 0.000000000000e+00
38 1.052942857571e+01
39 7.204529266943e-01
40 0.000000000000e+00
41 1.190307944053e+01
42 3.597657448121e+00
43 6.841945599819e+00
44 6.769598934899e+00
45 0.000000000000e+00
46 0.000000000000e+00
47 0.000000000000e+00
48 0.000000000000e+00
49 0.000000000000e+00
50 1.581376125179e+00
51 0.000000000000e+00
52 2.405385714770e+00
53 0.000000000000e+00
54 6.359335929401e+00
55 0.000000000000e+00
56 1.161369089562e+01
57 1.394476402919e+00
58 6.948022603849e+00
59 0.000000000000e+00
60 0.000000000000e+00
61 7.171826124651e+00
62 1.420508378794e+01
63 4.621274155471e+00
64 0.000000000000e+00
65 0.000000000000e+00
66 0.000000000000e+00
67 0.000000000000e+00
68 0.000000000000e+00
69 0.000000000000e+00
70 6.313927021824e+00
71 1.855137626830e+01
72 0.000000000000e+00
73 0.000000000000e+00
74 0.000000000000e+00
75 0.000000000000e+00
76 0.000000000000e+00
77 0.000000000000e+00
78 0.000000000000e+00
79 0.000000000000e+00
80 0.000000000000e+00
81 0.000000000000e+00
82 3.058041602643e-01
83 1.195767207140e+01
84 4.283595929310e+00
85 0.000000000000e+00
86 0.000000000000e+00
87 1.136099585197e+01
88 1.148074332341e+01
89 6.592133043099e+00
90 1.239230750575e+01
91 0.000000000000e+00
92 3.306530666672e+00
93 0.000000000000e+00
94 0.000000000000e+00
95 0.000000000000e+00
96 7.267854860450e-01
97 0.000000000000e+00
98 0.000000000000e+00
99 0.000000000000e+00
100 0.000000000000e+00
101 0.000000000000e+00
102 0.000000000000e+00
103 0.000000000000e+00
104 0.000000000000e+00
105 9.720837881303e+00
106 5.182567362315e+00
107 0.000000000000e+00
108 1.432215950260e+01
109 0.000000000000e+00
110 9.101993517682e+00
111 0.000000000000e+00
112 2.605294204746e+00
113 0.000000000000e+00
114 2.131543066846e+00
115 0.000000000000e+00
116 1.229927758652e+00
117 6.109668306031e+00
118 1.085110676702e+01
119 2.028039127131e+01
120 0.000000000000e+00
121 0.000000000000e+00
122 1.092480874072e+01
123 7.723001246706e+00
124 2.855757760700e+00
125 4.506208977490e+00
126 0.000000000000e+00
127 4.544591202067e+00
128 0.000000000000e+00
129 8.796146349616e+00
130 2.193774608273e+00
131 0.000000000000e+00
132 0.000000000000e+00
133 0.000000000000e+00
134 0.000000000000e+00
135 0.000000000000e+00
136 0.000000000000e+00
137 0.000000000000e+00
138 0.000000000000e+00
139 0.000000000000e+00
140 0.000000000000e+00
141 0.000000000000e+00
142 0.000000000000e+00
143 0.000000000000e+00
144 0.000000000000e+00
145 0.000000000000e+00
146 0.000000000000e+00
147 0.000000000000e+00
148 0.000000000000e+00
149 0.000000000000e+00
150 0.000000000000e+00
151 0.000000000000e+00
152 0.000000000000e+00
153 0.000000000000e+00
154 0.000000000000e+00
155 0.000000000000e+00
156 0.000000000000e+00
157 0.000000000000e+00
158 0.000000000000e+00
159 0.000000000000e+00
160 0.000000000000e+00
161 6.175510216132e-01
162 3.809758438230e+00
163 1.001080700872e+01
164 1.833212959414e+01
165 0.000000000000e+00
166 5.146472059390e+00
167 4.809260136837e+00
168 1.316360331368e+01
169 2.291908688882e+00
170 3.240917227012e-01
171 0.000000000000e+00
172 0.000000000000e+00
173 0.000000000000e+00
174 0.000000000000e+00
175 0.000000000000e+00
176 0.000000000000e+00
177 0.000000000000e+00
178 3.996058594659e+00
179 0.000000000000e+00
180 1.759315616515e+01
181 0.000000000000e+00
182 5.036566710498e+00
183 3.177476544991e+00
184 0.000000000000e+00
185 0.000000000000e+00
186 7.641521977284e+00
187 0.000000000000e+00
188 1.210945199956e+01
189 0.000000000000e+00
190 0.000000000000e+00
191 0.000000000000e+00
192 0.000000000000e+00
193 0.000000000000e+00
194 0.000000000000e+00
195 0.000000000000e+00
196 0.000000000000e+00
197 0.000000000000e+00
198 0.000000000000e+00
199 0.000000000000e+00
200 0.000000000000e+00
201 0.000000000000e+00
202 0.000000000000e+00
203 0.000000000000e+00
204 0.000000000000e+00
205 0.000000000000e+00
206 0.000000000000e+00
207 0.000000000000e+00
208 0.000000000000e+00
209 0.000000000000e+00
210 0.000000000000e+00
211 2.590599480296e+00
212 1.105663537202e+01
213 1.704215333414e-02
214 0.000000000000e+00
215 1.139043293849e+00
216 0.000000000000e+00
217 0.000000000000e+00
218 6.270368372560e+00
219 1.123868312602e+01
220 0.000000000000e+00
221 0.000000000000e+00
222 1.493651737875e+01
223 1.380736326429e+01
224 0.000000000000e+00
225 0.000000000000e+00
226 0.000000000000e+00
227 0.000000000000e+00
228 0.000000000000e+00
229 1.618791231962e+01
230 0.000000000000e+00
231 1.990903654947e+01
232 3.215736675645e+00
233 0.000000000000e+00
234 6.637543298024e+00
235 0.000000000000e+00
236 2.224059136517e+00
237 1.165124878734e+01
238 9.195942003264e+00
239 0.000000000000e+00
240 0.000000000000e+00
241 0.000000000000e+00
242 3.003664974433e+00
243 1.009226350797e+01
244 0.000000000000e+00
245 2.002104888401e+00
246 5.289795326075e+00
247 1.397221847905e+00
248 5.925312245604e+00
249 3.858227279255e+00
250 3.150426551430e+00
251 2.128083797175e+01
252 0.000000000000e+00
253 5.330186287575e+00
254 0.000000000000e+00
255 5.101151689526e+00
256 9.838605678329e+00
257 0.000000000000e+00
258 1.302404743347e+01
259 1.054269048264e+01
260 0.000000000000e+00
261 0.000000000000e+00
262 0.000000000000e+00
263 0.000000000000e+00
264 1.129198577488e+01
265 1.774430146746e-01
266 3.005986223703e+00
267 0.000000000000e+00
268 8.383096758800e+00
269 6.699886100612e+00
270 1.452427044145e+01
271 0.000000000000e+00
272 0.000000000000e+00
273 9.450320143946e+00
274 4.938069504737e+00
275 0.000000000000e+00
276 1.149207632876e+01
277 7.832355006623e+00
278 0.000000000000e+00
279 0.000000000000e+00
280 0.000000000000e+00
281 0.000000000000e+00
282 8.445116481241e-01
283 0.000000000000e+00
284 1.594311174883e+00
285 1.361454001594e+01
286 1.369203598881e+01
287 0.000000000000e+00
288 8.052140900727e+00
289 8.905713837256e+00
290 8.015984598069e+00
291 0.000000000000e+00
292 0.000000000000e+00
293 1.037856725812e+01
294 1.077130281204e+01
295 2.922025113127e+00
296 2.457823254915e+00
297 0.000000000000e+00
298 0.000000000000e+00
299 0.000000000000e+00
300 3.916653260432e+00
301 0.000000000000e+00
302 0.000000000000e+00
303 8.673925418153e+00
304 0.000000000000e+00
305 0.000000000000e+00
306 0.000000000000e+00
307 0.000000000000e+00
308 0.000000000000e+00
309 0.000000000000e+00
310 8.937992336365e+00
311 0.000000000000e+00
312 3.620080292224e+00
313 8.356231767615e+00
314 0.000000000000e+00
315 0.000000000000e+00
316 0.000000000000e+00
317 0.000000000000e+00
318 0.000000000000e+00
319 0.000000000000e+00
320 0.000000000000e+00
321 0.000000000000e+00
322 5.459151811143e+00
323 0.000000000000e+00
324 0.000000000000e+00
325 0.000000000000e+00
326 0.000000000000e+00
327 0.000000000000e+00
328 6.542554031402e+00
329 0.000000000000e+00
330 0.000000000000e+00
331 0.000000000000e+00
332 0.000000000000e+00
333 6.203878776506e+00
334 0.000000000000e+00
335 3.436244335585e+00
336 7.489944352424e+00
337 5.541645647476e-01
338 6.916256932646e+00
339 2.103882785793e+01
340 1.722252339325e+01
341 0.000000000000e+00
342 8.160975410043e+00
343 1.232264164987e+01
344 1.065015551360e+01
345 0.000000000000e+00
346 0.000000000000e+00
347 0.000000000000e+00
348 0.000000000000e+00
349 0.000000000000e+00
350 0.000000000000e+00
351 6.346549854364e+00
352 0.000000000000e+00
353 0.000000000000e+00
354 2.911802756007e+00
355 0.000000000000e+00
356 9.889997240389e+00
357 0.000000000000e+00
358 0.000000000000e+00
359 0.000000000000e+00
360 0.000000000000e+00
361 0.000000000000e+00
362 1.521485457610e+01
363 0.000000000000e+00
364 0.000000000000e+00
365 0.000000000000e+00
366 0.000000000000e+00
367 0.000000000000e+00
368 0.000000000000e+00
369 0.000000000000e+00
370 0.000000000000e+00
371 0.000000000000e+00
372 0.000000000000e+00
373 3.898965013858e+00
374 2.012371053208e+00
375 0.000000000000e+00
376 0.000000000000e+00
377 0.000000000000e+00
378 0.000000000000e+00
379 0.000000000000e+00
380 0.000000000000e+00
381 0.000000000000e+00
382 0.000000000000e+00
383 0.000000000000e+00
384 0.000000000000e+00
385 0.000000000000e+00
386 2.308747363557e+00
387 0.000000000000e+00
388 0.000000000000e+00
389 3.430932529248e+00
390 0.000000000000e+00
391 0.000000000000e+00
392 0.000000000000e+00
393 0.000000000000e+00
394 6.784706496787e+00
395 1.041185206319e+01
396 0.000000000000e+00
397 0.000000000000e+00
398 0.000000000000e+00
399 0.000000000000e+00
400 0.000000000000e+00
401 0.000000000000e+00
402 0.000000000000e+00
403 2.726648930602e-01
404 4.439790698453e+00
405 3.151134731851e+00
406 0.000000000000e+00
407 0.000000000000e+00
408 2.252696925310e+00
409 8.166969894661e-01
410 6.696060067230e+00
411 1.418478061574e+01
412 0.000000000000e+00
413 0.000000000000e+00
414 0.000000000000e+00
415 1.817481083462e+00
416 0.000000000000e+00
417 1.919530053946e-01
418 0.000000000000e+00
419 5.400648081797e-01
420 8.863922781090e+00
421 0.000000000000e+00
422 0.000000000000e+00
423 0.000000000000e+00
424 8.494556035232e+00
425 5.537595607462e+00
426 0.000000000000e+00
427 0.000000000000e+00
428 1.072258746332e+01
429 7.606139419561e-01
430 0.000000000000e+00
431 0.000000000000e+00
432 0.000000000000e+00
433 0.000000000000e+00
434 0.000000000000e+00
435 1.707227512616e+00
436 5.894897958748e-01
437 0.000000000000e+00
438 3.617447162218e+00
439 4.636260119059e+00
440 2.294371742743e+01
441 0.000000000000e+00
442 6.882940309298e+00
443 1.076529187529e+01
444 5.660769829246e+00
445 0.000000000000e+00
446 0.000000000000e+00
447 0.000000000000e+00
448 0.000000000000e+00
449 2.096447636831e+00
450 0.000000000000e+00
451 1.319940390989e+00
452 5.751690363902e+00
453 6.803852972023e+00
454 2.150649305816e+01
455 0.000000000000e+00
456 6.514230306226e+00
457 0.000000000000e+00
458 1.099813628087e+01
459 1.095434169576e+01
460 3.665422112001e+00
461 0.000000000000e+00
462 0.000000000000e+00
463 0.000000000000e+00
464 0.000000000000e+00
465 0.000000000000e+00
466 0.000000000000e+00
467 0.000000000000e+00
468 0.000000000000e+00
469 0.000000000000e+00
470 0.000000000000e+00
471 0.000000000000e+00
472 0.000000000000e+00
473 1.334726995889e+00
474 1.042454972904e+01
475 0.000000000000e+00
476 1.018360021231e+00
477 7.865993466993e+00
478 2.010656954710e+01
479 2.130532561797e+01
480 0.000000000000e+00
481 0.000000000000e+00
482 0.000000000000e+00
483 7.611919148117e+00
484 1.013507084841e+01
485 5.396552777419e+00
486 0.000000000000e+00
487 0.000000000000e+00
488 1.129769903956e+00
489 4.732606184817e-01
490 3.918216771080e-01
491 1.730660209537e+01
492 2.638199037854e+00
493 0.000000000000e+00
494 9.880230906807e+00
495 1.299173807856e+01
496 6.053230830968e+00
497 1.219524930945e+01
498 0.000000000000e+00
499 0.000000000000e+00
500 3.291362514038e+00
501 1.066854107847e+01
502 0.000000000000e+00
503 0.000000000000e+00
504 7.828002720138e-01
505 4.408237744995e+00
506 0.000000000000e+00
507 4.966699247713e+00
508 0.000000000000e+00
509 1.760887123420e+00
510 3.279803904473e+00
511 0.000000000000e+00
512 5.254857169178e+00
513 1.255150676488e+01
514 1.105673983713e+01
515 8.455403044758e+00
516 1.172366213990e+01
517 2.982948639112e+00
518 3.927415336418e+00
519 1.126184535665e+00
520 6.952038342679e+00
521 0.000000000000e+00
522 1.103443066346e+01
523 6.099915241620e+00
524 0.000000000000e+00
525 0.000000000000e+00
526 0.000000000000e+00
527 9.622305394093e+00
528 0.000000000000e+00
529 0.000000000000e+00
530 0.000000000000e+00
531 0.000000000000e+00
532 0.000000000000e+00
533 0.000000000000e+00
534 4.112774144639e+00
535 0.000000000000e+00
536 2.940382532391e+00
537 0.000000000000e+00
538 0.000000000000e+00
539 0.000000000000e+00
540 0.000000000000e+00
541 0.000000000000e+00
542 0.000000000000e+00
543 0.000000000000e+00
544 0.000000000000e+00
545 0.000000000000e+00
546 0.000000000000e+00
547 0.000000000000e+00
548 0.000000000000e+00
549 0.000000000000e+00
550 0.000000000000e+00
551 0.000000000000e+00
552 0.000000000000e+00
553 7.908266026285e-01
554 2.780217911245e+00
555 0.000000000000e+00
556 5.639470334144e+00
557 0.000000000000e+00
558 0.000000000000e+00
559 1.310213079221e+01
560 8.493142504608e+00
561 1.060043486915e+01
562 6.716083172277e+00
563 9.448848898022e+00
564 6.667600565780e+00
565 0.000000000000e+00
566 0.000000000000e+00
567 7.573038690863e+00
568 1.050120618322e+00
569 0.000000000000e+00
570 0.000000000000e+00
571 6.992278942343e+00
572 5.417362602392e+00
573 0.000000000000e+00
574 3.235892141966e+00
575 0.000000000000e+00
576 0.000000000000e+00
577 1.605002204058e+01
578 2.621898980671e+00
579 1.479840765189e+01
580 0.000000000000e+00
581 8.615482953158e+00
582 8.328938171837e+00
583 0.000000000000e+00
584 0.000000000000e+00
585 0.000000000000e+00
586 0.000000000000e+00
587 0.000000000000e+00
588 1.476675663085e+01
589 0.000000000000e+00
590 0.000000000000e+00
591 1.675808363209e+00
592 1.367092072055e+01
593 2.444568822749e+01
594 0.000000000000e+00
595 6.150365691247e+00
596 0.000000000000e+00
597 3.250002979768e+00
598 2.998762742135e+00
599 0.000000000000e+00
600 9.799124879565e+00
601 1.137497733118e+01
602 2.604023943130e+00
603 2.598467552992e+00
604 0.000000000000e+00
605 0.000000000000e+00
606 0.000000000000e+00
607 0.000000000000e+00
608 0.000000000000e+00
609 0.000000000000e+00
610 1.081540243572e+01
611 0.000000000000e+00
612 0.000000000000e+00
613 3.302203982223e+00
614 0.000000000000e+00
615 0.000000000000e+00
616 0.000000000000e+00
617 0.000000000000e+00
618 4.145477921501e-01
619 0.000000000000e+00
620 0.000000000000e+00
621 4.357447467066e+00
622 4.935429311954e+00
623 7.489654899629e+00
624 0.000000000000e+00
625 1.221573661488e+01
626 0.000000000000e+00
627 0.000000000000e+00
628 0.000000000000e+00
629 0.000000000000e+00
630 0.000000000000e+00
631 0.000000000000e+00
632 0.000000000000e+00
633 0.000000000000e+00
634 0.000000000000e+00
635 0.000000000000e+00
636 0.000000000000e+00
637 0.000000000000e+00
638 0.000000000000e+00
639 0.000000000000e+00
640 0.000000000000e+00
641 0.000000000000e+00
642 0.000000000000e+00
643 0.000000000000e+00
644 0.000000000000e+00
645 0.000000000000e+00
646 0.000000000000e+00
647 0.000000000000e+00
648 0.000000000000e+00
649 1.519455145418e+00
650 5.087261882833e+00
651 0.000000000000e+00
652 0.000000000000e+00
653 0.000000000000e+00
654 0.000000000000e+00
655 9.218210725592e+00
656 1.211380201913e+01
657 0.000000000000e+00
658 0.000000000000e+00
659 0.000000000000e+00
660 1.601787122358e+01
661 1.490050009412e+00
662 5.121357504041e+00
663 1.843785533822e+01
664 1.810098498377e+01
665 0.000000000000e+00
666 7.312080396680e+00
667 9.460198190987e-01
668 1.221450044192e+01
669 0.000000000000e+00
670 0.000000000000e+00
671 1.647979736156e+00
672 1.180621992994e+01
673 0.000000000000e+00
674 2.288944193434e+00
675 0.000000000000e+00
676 0.000000000000e+00
677 6.336219186078e+00
678 2.568210321125e+00
679 1.270099912033e+01
680 2.564523570947e+00
681 2.293598727511e+00
682 0.000000000000e+00
683 0.000000000000e+00
684 0.000000000000e+00
685 0.000000000000e+00
686 0.000000000000e+00
687 8.757389777001e-01
688 0.000000000000e+00
689 0.000000000000e+00
690 0.000000000000e+00
691 6.724460254674e+00
692 0.000000000000e+00
693 0.000000000000e+00
694 3.574236929383e+00
695 0.000000000000e+00
696 0.000000000000e+00
697 2.033494694259e+00
698 1.278699986553e+01
699 1.921657374768e+00
700 1.579961337694e+00
701 3.499508772034e+00
702 2.359367516444e+00
703 9.900024530769e+00
704 1.224150725879e+01
705 1.218706416212e+01
706 5.680622803247e+00
707 9.314522382995e+00
708 2.494383200935e+00
709 1.002364941716e+01
710 1.366604364099e+00
711 6.997880967061e+00
712 6.047040282919e+00
713 0.000000000000e+00
714 8.592175968334e+00
715 1.008341578545e+01
716 0.000000000000e+00
717 0.000000000000e+00
718 0.000000000000e+00
719 4.575540371275e+00
720 0.000000000000e+00
721 0.000000000000e+00
722 0.000000000000e+00
723 1.263685089938e+01
724 2.148153187958e+01
725 0.000000000000e+00
726 0.000000000000e+00
727 0.000000000000e+00
728 0.000000000000e+00
729 2.586781742721e+00
730 2.262448587745e+00
731 0.000000000000e+00
732 3.404005613258e+00
733 2.781283065033e+00
734 3.727012745045e+00
735 0.000000000000e+00
736 0.000000000000e+00
737 0.000000000000e+00
738 0.000000000000e+00
739 0.000000000000e+00
740 0.000000000000e+00
741 0.000000000000e+00
742 0.000000000000e+00
743 5.388619869105e+00
744 0.000000000000e+00
745 0.000000000000e+00
746 0.000000000000e+00
747 0.000000000000e+00
748 0.000000000000e+00
749 0.000000000000e+00
750 0.000000000000e+00
751 0.000000000000e+00
752 0.000000000000e+00
753 0.000000000000e+00
754 0.000000000000e+00
755 0.000000000000e+00
756 0.000000000000e+00
757 0.000000000000e+00
758 0.000000000000e+00
759 0.000000000000e+00
760 0.000000000000e+00
761 0.000000000000e+00
762 0.000000000000e+00
763 1.695544298470e+00
764 7.813971202938e+00
765 0.000000000000e+00
766 0.000000000000e+00
767 0.000000000000e+00
768 0.000000000000e+00
769 0.000000000000e+00
770 0.000000000000e+00
771 4.396295866365e+00
772 0.000000000000e+00
773 0.000000000000e+00
774 0.000000000000e+00
775 0.000000000000e+00
776 1.306956842131e+00
777 0.000000000000e+00
778 8.016137550857e+00
779 0.000000000000e+00
780 2.642578003171e+00
781 6.280827607513e+00
782 0.000000000000e+00
783 0.000000000000e+00
784 0.000000000000e+00
785 0.000000000000e+00
786 0.000000000000e+00
787 0.000000000000e+00
788 1.694399827365e+01
789 0.000000000000e+00
790 0.000000000000e+00
791 6.028303670622e+00
792 0.000000000000e+00
793 9.127571724770e+00
794 3.216424101753e+00
795 0.000000000000e+00
796 0.000000000000e+00
797 9.389985859630e+00
798 0.000000000000e+00
799 0.000000000000e+00
800 2.886216079953e+00
801 4.516762548863e+00
802 0.000000000000e+00
803 0.000000000000e+00
804 8.811775706948e+00
805 4.818712866434e+00
806 4.294790440204e+00
807 4.389215457624e+00
808 1.265697502715e+01
809 2.467166849466e+00
810 9.913572302552e+00
811 1.134997768963e+01
812 1.098779635875e+01
813 0.000000000000e+00
814 0.000000000000e+00
815 0.000000000000e+00
816 7.482267767334e+00
817 0.000000000000e+00
818 0.000000000000e+00
819 3.813560812970e+00
820 0.000000000000e+00
821 1.058182643131e+00
822 0.000000000000e+00
823 0.000000000000e+00
824 0.000000000000e+00
825 0.000000000000e+00
826 0.000000000000e+00
827 0.000000000000e+00
828 3.078949459420e+00
829 0.000000000000e+00
830 3.119243108718e+00
831 0.000000000000e+00
832 0.000000000000e+00
833 7.293316888384e+00
834 0.000000000000e+00
835 1.688227830896e+00
836 1.211313095587e+01
837 7.052803677596e-01
838 1.888658752540e+01
839 0.000000000000e+00
840 7.813358380070e+00
841 0.000000000000e+00
842 7.540314950562e+00
843 0.000000000000e+00
844 0.000000000000e+00
845 0.000000000000e+00
846 0.000000000000e+00
847 9.465312328204e+00
848 0.000000000000e+00
849 0.000000000000e+00
850 0.000000000000e+00
851 0.000000000000e+00
852 0.000000000000e+00
853 8.322281137031e+00
854 0.000000000000e+00
855 1.164959765438e+01
856 0.000000000000e+00
857 0.000000000000e+00
858 0.000000000000e+00
859 0.000000000000e+00
860 1.001359925659e+00
861 1.372092644784e+01
862 0.000000000000e+00
863 0.000000000000e+00
864 0.000000000000e+00
865 5.901299695732e+00
866 0.000000000000e+00
867 1.072142341418e+01
868 1.077952778784e+01
869 0.000000000000e+00
870 7.892570960795e+00
871 0.000000000000e+00
872 6.813200301501e+00
873 8.853445731259e+00
874 0.000000000000e+00
875 0.000000000000e+00
876 0.000000000000e+00
877 0.000000000000e+00
878 0.000000000000e+00
879 0.000000000000e+00
880 0.000000000000e+00
881 0.000000000000e+00
882 0.000000000000e+00
883 0.000000000000e+00
884 3.110082207051e+00
885 1.639263188915e+01
886 0.000000000000e+00
887 0.000000000000e+00
888 3.781381029412e+00
889 1.673287671399e+01
890 7.669421351333e+00
891 0.000000000000e+00
892 4.632967502628e+00
893 0.000000000000e+00
894 4.358900370902e+00
895 0.000000000000e+00
896 0.000000000000e+00
897 2.303391869817e+00
898 4.402687765686e+00
899 1.379548809176e+00
900 1.646316498837e+01
901 0.000000000000e+00
902 5.030364733240e+00
903 7.271813630694e+00
904 0.000000000000e+00
905 0.000000000000e+00
906 0.000000000000e+00
907 1.871416373402e+01
908 0.000000000000e+00
909 0.000000000000e+00
910 0.000000000000e+00
911 8.475105478571e+00
912 9.518986712084e+00
913 0.000000000000e+00
914 7.720778971960e+00
915 0.000000000000e+00
916 6.418350348110e+00
917 1.182195547606e+01
918 0.000000000000e+00
919 0.000000000000e+00
920 5.924294218857e+00
921 4.552128921731e+00
922 0.000000000000e+00
923 0.000000000000e+00
924 0.000000000000e+00
925 0.000000000000e+00
926 0.000000000000e+00
927 0.000000000000e+00
928 2.545544841511e+00
929 6.175555942799e+00
930 0.000000000000e+00
931 0.000000000000e+00
932 0.000000000000e+00
933 0.000000000000e+00
934 0.000000000000e+00
935 0.000000000000e+00
936 0.000000000000e+00
937 0.000000000000e+00
938 0.000000000000e+00
939 0.000000000000e+00
940 0.000000000000e+00
941 0.000000000000e+00
942 0.000000000000e+00
943 3.184596936439e+00
944 0.000000000000e+00
945 2.307222360619e+00
946 0.000000000000e+00
947 0.000000000000e+00
948 0.000000000000e+00
949 3.294651616065e+00
950 0.000000000000e+00
951 0.000000000000e+00
952 9.068289182779e+00
953 9.022535591329e+00
954 1.083340497117e+01
955 0.000000000000e+00
956 6.551561213579e+00
957 0.000000000000e+00
958 7.680484361860e+00
959 7.738816592995e+00
960 3.604518899737e+00
961 3.733590468702e+00
962 1.456162424117e+01
963 0.000000000000e+00
964 7.034023095224e+00
965 1.037712944262e+01
966 7.005004135148e+00
967 7.133323959815e-01
968 3.145085120867e+00
969 6.520846236115e+00
970 0.000000000000e+00
971 0.000000000000e+00
972 0.000000000000e+00
973 1.273720057269e+01
974 2.712198316577e+01
975 0.000000000000e+00
976 7.082556673569e+00
977 4.499705826521e+00
978 0.000000000000e+00
979 0.000000000000e+00
980 1.092873004814e+01
981 8.418893180267e+00
982 6.271529897071e+00
983 4.167097192259e+00
984 3.013631291011e+00
985 0.000000000000e+00
986 0.000000000000e+00
987 0.000000000000e+00
988 6.602419531916e+00
989 0.000000000000e+00
990 1.926098228621e+00
991 1.363168661632e+01
992 4.749689480978e+00
993 2.185618924119e+01
994 0.000000000000e+00
995 7.979718581329e+00
996 9.308542742194e+00
997 8.613990239368e+00
998 0.000000000000e+00
999 1.106542416939e+01
1000 3.571433236732e+00
1001 6.191588039800e+00
1002 1.679218211339e+01
1003 0.000000000000e+00
1004 1.003270181931e+01
1005 8.708587592964e+00
1006 3.228470949508e-01
1007 0.000000000000e+00
1008 0.000000000000e+00
1009 1.615625569071e+01
1010 0.000000000000e+00
1011 0.000000000000e+00
1012 0.000000000000e+00
1013 0.000000000000e+00
1014 0.000000000000e+00
1015 6.071809854569e+00
1016 1.195893515550e+01
1017 0.000000000000e+00
1018 3.352825351875e+00
1019 7.295187975257e+00
1020 0.000000000000e+00
1021 0.000000000000e+00
1022 0.000000000000e+00
1023 0.000000000000e+00
1024 0.000000000000e+00
1025 0.000000000000e+00
1026 0.000000000000e+00
1027 0.000000000000e+00
1028 0.000000000000e+00
1029 0.000000000000e+00
1030 0.000000000000e+00
1031 0.000000000000e+00
1032 0.000000000000e+00
1033 5.523062628283e+00
1034 1.754191231152e+00
1035 1.778428221218e+01
1036 5.672584377897e+00
1037 0.000000000000e+00
1038 4.767756475361e+00
1039 2.160653478818e+00
1040 1.130448404048e+01
1041 8.300544436458e+00
1042 1.297040205229e+01
1043 0.000000000000e+00
1044 4.988710629266e+00
1045 0.000000000000e+00
1046 0.000000000000e+00
1047 0.000000000000e+00
1048 0.000000000000e+00
1049 0.000000000000e+00
1050 0.000000000000e+00
1051 0.000000000000e+00
1052 0.000000000000e+00
1053 0.000000000000e+00
1054 0.000000000000e+00
1055 0.000000000000e+00
1056 0.000000000000e+00
1057 0.000000000000e+00
1058 0.000000000000e+00
1059 0.000000000000e+00
1060 0.000000000000e+00
1061 0.000000000000e+00
1062 1.310138614910e+01
1063 0.000000000000e+00
1064 0.000000000000e+00
1065 0.000000000000e+00
1066 0.000000000000e+00
1067 0.000000000000e+00
1068 0.000000000000e+00
1069 0.000000000000e+00
1070 0.000000000000e+00
1071 0.000000000000e+00
1072 0.000000000000e+00
1073 0.000000000000e+00
1074 3.305750724478e+00
1075 1.178084377448e+01
1076 3.725262713373e+00
1077 1.123220982265e+01
1078 2.512420791259e+01
1079 0.000000000000e+00
1080 0.000000000000e+00
1081 1.213749169281e+00
1082 0.000000000000e+00
1083 0.000000000000e+00
1084 5.268460561689e+00
1085 5.630178942471e+00
1086 2.960457499857e+00
1087 0.000000000000e+00
1088 0.000000000000e+00
1089 0.000000000000e+00
1090 0.000000000000e+00
1091 0.000000000000e+00
1092 0.000000000000e+00
1093 0.000000000000e+00
1094 0.000000000000e+00
1095 0.000000000000e+00
1096 0.000000000000e+00
1097 0.000000000000e+00
1098 4.251257592619e+00
1099 4.040533471520e+00
1100 0.000000000000e+00
1101 0.000000000000e+00
1102 0.000000000000e+00
1103 0.000000000000e+00
1104 0.000000000000e+00
1105 0.000000000000e+00
1106 7.724265497814e+00
1107 0.000000000000e+00
1108 0.000000000000e+00
1109 0.000000000000e+00
1110 0.000000000000e+00
1111 0.000000000000e+00
1112 0.000000000000e+00
1113 0.000000000000e+00
1114 0.000000000000e+00
1115 0.000000000000e+00
1116 0.000000000000e+00
1117 0.000000000000e+00
1118 0.000000000000e+00
1119 0.000000000000e+00
1120 0.000000000000e+00
1121 0.000000000000e+00
1122 0.000000000000e+00
1123 6.071289107128e+00
1124 0.000000000000e+00
1125 0.000000000000e+00
1126 0.000000000000e+00
1127 0.000000000000e+00
1128 0.000000000000e+00
1129 0.000000000000e+00
1130 0.000000000000e+00
1131 0.000000000000e+00
1132 0.000000000000e+00
1133 0.000000000000e+00
1134 0.000000000000e+00
1135 0.000000000000e+00
1136 0.000000000000e+00
1137 0.000000000000e+00
1138 0.000000000000e+00
1139 0.000000000000e+00
1140 0.000000000000e+00
1141 0.000000000000e+00
1142 0.000000000000e+00
1143 0.000000000000e+00
1144 0.000000000000e+00
1145 0.000000000000e+00
1146 0.000000000000e+00
1147 0.000000000000e+00
1148 0.000000000000e+00
1149 0.000000000000e+00
1150 0.000000000000e+00
1151 1.274185680924e+01
1152 0.000000000000e+00
1153 3.068633619478e+00
1154 0.000000000000e+00
1155 5.362970498984e+00
1156 1.474745197807e+00
1157 1.036263093285e+01
1158 1.399010886276e+01
1159 1.390450656251e+01
1160 0.000000000000e+00
1161 0.000000000000e+00
1162 0.000000000000e+00
1163 0.000000000000e+00
1164 0.000000000000e+00
1165 4.820374823201e+00
1166 0.000000000000e+00
1167 0.000000000000e+00
1168 0.000000000000e+00
1169 3.446950775182e+00
1170 0.000000000000e+00
1171 0.000000000000e+00
1172 0.000000000000e+00
1173 0.000000000000e+00
1174 0.000000000000e+00
1175 5.266768524926e+00
1176 0.000000000000e+00
1177 0.000000000000e+00
1178 0.000000000000e+00
1179 3.354709809716e+00
1180 0.000000000000e+00
1181 0.000000000000e+00
1182 0.000000000000e+00
1183 4.346533211955e+00
1184 0.000000000000e+00
1185 0.000000000000e+00
1186 1.255694154044e+01
1187 5.951437768112e-01
1188 1.684013438185e+01
1189 4.569820025622e+00
1190 0.000000000000e+00
1191 8.017836859037e+00
1192 9.958008184478e+00
1193 1.027954466926e+01
1194 5.953680714693e+00
1195 1.167833318489e+01
1196 0.000000000000e+00
1197 0.000000000000e+00
1198 0.000000000000e+00
1199 0.000000000000e+00
1200 1.566707974229e+01
1201 2.212011021734e+00
1202 2.177902550212e+01
1203 0.000000000000e+00
1204 0.000000000000e+00
1205 5.297006067225e+00
1206 6.760932427399e+00
1207 0.000000000000e+00
1208 5.731321959695e+00
1209 4.065242589588e+00
1210 0.000000000000e+00
1211 0.000000000000e+00
1212 0.000000000000e+00
1213 8.105877856597e+00
1214 8.591090478791e+00
1215 4.118030844989e+00
1216 0.000000000000e+00
1217 0.000000000000e+00
1218 1.283407271245e+01
1219 0.000000000000e+00
1220 7.631583583538e-01
1221 5.103738870325e+00
1222 6.395983091591e+00
1223 6.207301167948e+00
1224 1.065254288146e+01
1225 6.134881852062e+00
1226 0.000000000000e+00
1227 0.000000000000e+00
1228 9.796507022777e+00
1229 0.000000000000e+00
1230 4.658877643452e+00
1231 1.071558848721e+01
1232 1.441600390884e+00
1233 1.143566127892e+01
1234 1.083239784021e+01
1235 6.928417049141e+00
1236 0.000000000000e+00
1237 0.000000000000e+00
1238 3.961650460393e+00
1239 0.000000000000e+00
1240 0.000000000000e+00
1241 0.000000000000e+00
1242 0.000000000000e+00
1243 0.000000000000e+00
1244 5.538336397266e+00
1245 5.589851373391e+00
1246 0.000000000000e+00
1247 0.000000000000e+00
1248 4.753406018212e+00
1249 0.000000000000e+00
1250 0.000000000000e+00
1251 6.061118733499e+00
1252 0.000000000000e+00
1253 0.000000000000e+00
1254 0.000000000000e+00
1255 0.000000000000e+00
1256 0.000000000000e+00
1257 0.000000000000e+00
1258 0.000000000000e+00
1259 0.000000000000e+00
1260 0.000000000000e+00
1261 0.000000000000e+00
1262 0.000000000000e+00
1263 1.169069149131e+00
1264 0.000000000000e+00
1265 0.000000000000e+00
1266 6.271614562421e+00
1267 1.071489041328e+01
1268 1.127613043230e+01
1269 0.000000000000e+00
1270 7.569849387993e+00
1271 0.000000000000e+00
1272 0.000000000000e+00
1273 1.810590003505e+00
1274 0.000000000000e+00
1275 0.000000000000e+00
1276 0.000000000000e+00
1277 0.000000000000e+00
1278 1.566885073691e+01
1279 0.000000000000e+00
1280 0.000000000000e+00
1281 0.000000000000e+00
1282 0.000000000000e+00
1283 0.000000000000e+00
1284 0.000000000000e+00
1285 0.000000000000e+00
1286 0.000000000000e+00
1287 0.000000000000e+00
1288 0.000000000000e+00
1289 2.726313030722e+00
1290 6.448434461565e+00
1291 1.274770690693e+01
1292 0.000000000000e+00
1293 0.000000000000e+00
1294 0.000000000000e+00
1295 0.000000000000e+00
1296 0.000000000000e+00
1297 0.000000000000e+00
1298 0.000000000000e+00
1299 0.000000000000e+00
1300 0.000000000000e+00
1301 0.000000000000e+00
1302 0.000000000000e+00
1303 0.000000000000e+00
1304 0.000000000000e+00
1305 0.000000000000e+00
1306 0.000000000000e+00
1307 0.000000000000e+00
1308 0.000000000000e+00
1309 0.000000000000e+00
1310 0.000000000000e+00
1311 0.000000000000e+00
1312 0.000000000000e+00
1313 0.000000000000e+00
1314 0.000000000000e+00
1315 0.000000000000e+00
1316 0.000000000000e+00
1317 0.000000000000e+00
1318 0.000000000000e+00
1319 0.000000000000e+00
1320 0.000000000000e+00
1321 0.000000000000e+00
1322 0.000000000000e+00
1323 0.000000000000e+00
1324 0.000000000000e+00
1325 0.000000000000e+00
1326 0.000000000000e+00
1327 0.000000000000e+00
1328 0.000000000000e+00
1329 0.000000000000e+00
1330 0.000000000000e+00
1331 0.000000000000e+00
1332 0.000000000000e+00
1333 0.000000000000e+00
1334 0.000000000000e+00
1335 0.000000000000e+00
1336 0.000000000000e+00
1337 0.000000000000e+00
1338 0.000000000000e+00
1339 0.000000000000e+00
1340 0.000000000000e+00
1341 0.000000000000e+00
1342 0.000000000000e+00
1343 0.000000000000e+00
1344 0.000000000000e+00
1345 0.000000000000e+00
1346 0.000000000000e+00
1347 0.000000000000e+00
1348 0.000000000000e+00
1349 0.000000000000e+00
1350 0.000000000000e+00
1351 0.000000000000e+00
1352 0.000000000000e+00
1353 0.000000000000e+00
1354 0.000000000000e+00
1355 0.000000000000e+00
1356 0.000000000000e+00
1357 0.000000000000e+00
1358 0.000000000000e+00
1359 0.000000000000e+00
1360 0.000000000000e+00
1361 4.202265703323e+00
1362 0.000000000000e+00
1363 0.000000000000e+00
1364 0.000000000000e+00
1365 2.413037681265e+00
1366 0.000000000000e+00
1367 3.911285523425e-01
1368 0.000000000000e+00
1369 6.835449439034e+00
1370 0.000000000000e+00
1371 0.000000000000e+00
1372 0.000000000000e+00
1373 0.000000000000e+00
1374 0.000000000000e+00
1375 3.598018515637e+00
1376 0.000000000000e+00
1377 1.108408938858e+01
1378 0.000000000000e+00
1379 0.000000000000e+00
1380 0.000000000000e+00
1381 3.980442902715e+00
1382 0.000000000000e+00
1383 0.000000000000e+00
1384 0.000000000000e+00
1385 0.000000000000e+00
1386 0.000000000000e+00
1387 0.000000000000e+00
1388 0.000000000000e+00
1389 0.000000000000e+00
1390 1.290464202694e+00
1391 7.299444331906e-01
1392 1.356667958393e+00
1393 1.156742264236e+01
1394 6.804918510328e+00
1395 4.548511045226e+00
1396 0.000000000000e+00
1397 8.879105390314e+00
1398 9.114663109227e+00
1399 8.588633217300e+00
1400 0.000000000000e+00
1401 0.000000000000e+00
1402 0.000000000000e+00
1403 0.000000000000e+00
1404 9.951555005145e+00
1405 2.085561351346e+00
1406 1.288251834825e+00
1407 0.000000000000e+00
1408 1.172169330905e+01
1409 0.000000000000e+00
1410 5.993127574326e+00
1411 1.045607087567e+01
1412 1.316431446463e+01
1413 0.000000000000e+00
1414 0.000000000000e+00
1415 0.000000000000e+00
1416 7.185777257330e+00
1417 3.496247535785e+00
1418 0.000000000000e+00
1419 2.596468209905e+00
1420 0.000000000000e+00
1421 9.113880452222e+00
1422 0.000000000000e+00
1423 0.000000000000e+00
1424 2.144338465805e+00
1425 0.000000000000e+00
1426 5.683871160026e+00
1427 0.000000000000e+00
1428 0.000000000000e+00
1429 7.672024468879e+00
1430 0.000000000000e+00
1431 9.000432661838e+00
1432 0.000000000000e+00
1433 0.000000000000e+00
1434 1.094955916374e+01
1435 0.000000000000e+00
1436 7.103966968552e+00
1437 0.000000000000e+00
1438 0.000000000000e+00
1439 0.000000000000e+00
1440 0.000000000000e+00
1441 0.000000000000e+00
1442 0.000000000000e+00
1443 1.400477499862e+00
1444 1.440108963577e+00
1445 0.000000000000e+00
1446 1.814212219061e+00
1447 0.000000000000e+00
1448 0.000000000000e+00
1449 6.415779944063e+00
1450 7.655528783947e+00
1451 0.000000000000e+00
1452 1.068113613309e+01
1453 0.000000000000e+00
1454 3.476869621327e+00
1455 7.927199986059e+00
1456 0.000000000000e+00
1457 0.000000000000e+00
1458 0.000000000000e+00
1459 0.000000000000e+00
1460 0.000000000000e+00
1461 0.000000000000e+00
1462 0.000000000000e+00
1463 0.000000000000e+00
1464 0.000000000000e+00
1465 0.000000000000e+00
1466 0.000000000000e+00
1467 0.000000000000e+00
1468 0.000000000000e+00
1469 0.000000000000e+00
1470 0.000000000000e+00
1471 0.000000000000e+00
1472 0.000000000000e+00
1473 0.000000000000e+00
1474 0.000000000000e+00
1475 0.000000000000e+00
1476 0.000000000000e+00
1477 0.000000000000e+00
1478 0.000000000000e+00
1479 0.000000000000e+00
1480 0.000000000000e+00
1481 0.000000000000e+00
1482 0.000000000000e+00
1483 0.000000000000e+00
1484 0.000000000000e+00
1485 0.000000000000e+00
1486 1.428050726767e+01
1487 0.000000000000e+00
1488 0.000000000000e+00
1489 0.000000000000e+00
1490 0.000000000000e+00
1491 0.000000000000e+00
1492 0.000000000000e+00
1493 1.386224516979e+01
1494 0.000000000000e+00
1495 0.000000000000e+00
1496 0.000000000000e+00
1497 0.000000000000e+00
1498 0.000000000000e+00
1499 0.000000000000e+00
1500 0.000000000000e+00
1501 0.000000000000e+00
1502 0.000000000000e+00
1503 4.501867976941e+00
1504 2.932711469227e+01
1505 0.000000000000e+00
1506 0.000000000000e+00
1507 0.000000000000e+00
1508 0.000000000000e+00
1509 0.000000000000e+00
1510 5.667132382552e+00
1511 0.000000000000e+00
1512 1.734944481288e+00
1513 0.000000000000e+00
1514 4.451722815925e+00
1515 0.000000000000e+00
1516 0.000000000000e+00
1517 0.000000000000e+00
1518 0.000000000000e+00
1519 0.000000000000e+00
1520 0.000000000000e+00
1521 0.000000000000e+00
1522 0.000000000000e+00
1523 0.000000000000e+00
1524 0.000000000000e+00
1525 0.000000000000e+00
1526 6.860500073509e+00
1527 0.000000000000e+00
1528 0.000000000000e+00
1529 0.000000000000e+00
1530 0.000000000000e+00
1531 0.000000000000e+00
1532 5.585923657758e+00
1533 0.000000000000e+00
1534 0.000000000000e+00
1535 1.091927136188e+01
1536 5.602573932411e-01
1537 2.060655851068e+01
1538 2.950127953955e+00
1539 0.000000000000e+00
1540 0.000000000000e+00
1541 6.934759068885e+00
1542 1.079825943222e+00
1543 3.245299798099e+00
1544 1.264666783266e+01
1545 0.000000000000e+00
1546 0.000000000000e+00
1547 0.000000000000e+00
1548 0.000000000000e+00
1549 0.000000000000e+00
1550 1.500411858629e+00
1551 0.000000000000e+00
1552 0.000000000000e+00
1553 1.108177872362e+01
1554 0.000000000000e+00
1555 7.862872469516e+00
1556 5.697224469441e+00
1557 1.098887431014e+01
1558 0.000000000000e+00
1559 0.000000000000e+00
1560 0.000000000000e+00
1561 0.000000000000e+00
1562 0.000000000000e+00
1563 0.000000000000e+00
1564 0.000000000000e+00
1565 0.000000000000e+00
1566 0.000000000000e+00
1567 0.000000000000e+00
1568 0.000000000000e+00
1569 0.000000000000e+00
1570 2.796583195194e+00
1571 3.982097023396e+00
1572 0.000000000000e+00
1573 0.000000000000e+00
1574 0.000000000000e+00
1575 0.000000000000e+00
1576 0.000000000000e+00
1577 0.000000000000e+00
1578 0.000000000000e+00
1579 0.000000000000e+00
1580 0.000000000000e+00
1581 0.000000000000e+00
1582 0.000000000000e+00
1583 0.000000000000e+00
1584 0.000000000000e+00
1585 0.000000000000e+00
1586 0.000000000000e+00
1587 0.000000000000e+00
1588 0.000000000000e+00
1589 0.000000000000e+00
1590 0.000000000000e+00
1591 0.000000000000e+00
1592 0.000000000000e+00
1593 0.000000000000e+00
1594 0.000000000000e+00
1595 0.000000000000e+00
1596 0.000000000000e+00
1597 0.000000000000e+00
1598 0.000000000000e+00
1599 8.688500426839e+00
1600 0.000000000000e+00
1601 0.000000000000e+00
1602 2.289980778154e+00
1603 2.291183621535e+01
1604 1.571092257283e+01
1605 0.000000000000e+00
1606 1.436448916533e+00
1607 0.000000000000e+00
1608 9.101011507676e+00
1609 7.900631104197e+00
1610 0.000000000000e+00
1611 0.000000000000e+00
1612 0.000000000000e+00
1613 0.000000000000e+00
1614 0.000000000000e+00
1615 1.393986729366e+00
1616 2.208630757899e+00
1617 1.020582427156e+00
1618 1.484371893493e+01
1619 4.401492943637e+00
1620 0.000000000000e+00
1621 4.899978966423e+00
1622 9.461112441784e+00
1623 9.958638760606e+00
1624 5.522337774569e+00
1625 1.215827559160e+01
1626 0.000000000000e+00
1627 4.293422318478e+00
1628 0.000000000000e+00
1629 2.721547432191e+00
1630 1.736356292354e+01
1631 0.000000000000e+00
1632 0.000000000000e+00
1633 0.000000000000e+00
1634 0.000000000000e+00
1635 0.000000000000e+00
1636 0.000000000000e+00
1637 0.000000000000e+00
1638 0.000000000000e+00
1639 2.417616902856e+00
1640 8.247988511665e+00
1641 0.000000000000e+00
1642 0.000000000000e+00
1643 3.798114553397e+00
1644 0.000000000000e+00
1645 0.000000000000e+00
1646 0.000000000000e+00
1647 0.000000000000e+00
1648 0.000000000000e+00
1649 0.000000000000e+00
1650 0.000000000000e+00
1651 0.000000000000e+00
1652 2.266786177895e+01
1653 3.185590145916e+00
1654 0.000000000000e+00
1655 6.329963630890e+00
1656 0.000000000000e+00
1657 6.517242557781e-01
1658 1.135891649297e+01
1659 1.247644688392e+01
1660 0.000000000000e+00
1661 4.954329431841e+00
1662 0.000000000000e+00
1663 0.000000000000e+00
1664 1.188661456796e+01
1665 0.000000000000e+00
1666 0.000000000000e+00
1667 1.165013704286e+00
1668 1.403331223959e+01
1669 1.395977256685e+01
1670 0.000000000000e+00
1671 0.000000000000e+00
1672 4.114125847642e+00
1673 9.324478858755e+00
1674 6.493290882910e+00
1675 0.000000000000e+00
1676 4.658735478143e+00
1677 1.079292535272e+01
1678 2.341443050211e+00
1679 3.082514428055e+00
1680 0.000000000000e+00
1681 0.000000000000e+00
1682 0.000000000000e+00
1683 0.000000000000e+00
1684 0.000000000000e+00
1685 4.108546320622e+00
1686 8.686299500111e+00
1687 0.000000000000e+00
1688 0.000000000000e+00
1689 9.493164671590e-01
1690 0.000000000000e+00
1691 0.000000000000e+00
1692 5.880515268803e+00
1693 5.735099664921e+00
1694 0.000000000000e+00
1695 0.000000000000e+00
1696 0.000000000000e+00
1697 5.503150855942e+00
1698 9.708030889078e+00
1699 0.000000000000e+00
1700 0.000000000000e+00
1701 3.335225360056e+00
1702 1.267887295331e+00
1703 5.017991382080e-01
1704 3.003718115410e+00
1705 0.000000000000e+00
1706 0.000000000000e+00
1707 0.000000000000e+00
1708 3.115382690356e+00
1709 7.956973207132e+00
1710 2.897222493318e+00
1711 7.528029362333e+00
1712 7.888234040737e+00
1713 2.213513866642e+01
1714 0.000000000000e+00
1715 6.469418873633e+00
1716 0.000000000000e+00
1717 3.281551240298e+00
1718 0.000000000000e+00
1719 0.000000000000e+00
1720 5.074019562538e+00
1721 3.967843990634e+00
1722 0.000000000000e+00
1723 0.000000000000e+00
1724 0.000000000000e+00
1725 0.000000000000e+00
1726 0.000000000000e+00
1727 1.811162731654e+01
1728 4.667902716830e+00
1729 3.090764185295e+00
1730 3.906390530048e+00
1731 0.000000000000e+00
1732 2.526807311317e-01
1733 0.000000000000e+00
1734 3.228250132488e+00
1735 2.482082714303e+01
1736 3.266725545982e+00
1737 0.000000000000e+00
1738 0.000000000000e+00
1739 7.012061991171e+00
1740 7.080414041233e+00
1741 0.000000000000e+00
1742 0.000000000000e+00
1743 8.438950528090e-01
1744 0.000000000000e+00
1745 0.000000000000e+00
1746 0.000000000000e+00
1747 0.000000000000e+00
1748 0.000000000000e+00
1749 0.000000000000e+00
1750 0.000000000000e+00
1751 4.891276118405e+00
1752 0.000000000000e+00
1753 0.000000000000e+00
1754 9.982548956569e+00
1755 7.015586405515e-01
1756 6.813595864895e-01
1757 0.000000000000e+00
1758 1.727226925248e+00
1759 2.350780129980e+01
1760 0.000000000000e+00
1761 0.000000000000e+00
1762 1.019317527601e+01
1763 1.118852191776e+01
1764 9.831713128708e+00
1765 3.004193791622e+00
1766 0.000000000000e+00
1767 8.329070687479e+00
1768 0.000000000000e+00
1769 3.041086470217e+00
1770 0.000000000000e+00
1771 0.000000000000e+00
1772 0.000000000000e+00
1773 0.000000000000e+00
1774 0.000000000000e+00
1775 0.000000000000e+00
1776 0.000000000000e+00
1777 0.000000000000e+00
1778 0.000000000000e+00
1779 0.000000000000e+00
1780 0.000000000000e+00
1781 0.000000000000e+00
1782 0.000000000000e+00
1783 0.000000000000e+00
1784 0.000000000000e+00
1785 0.000000000000e+00
1786 7.487974668056e+00
1787 0.000000000000e+00
1788 9.148096127705e-01
1789 9.678177786395e-01
1790 0.000000000000e+00
1791 0.000000000000e+00
1792 8.505960275946e+00
1793 1.645105242258e+00
1794 0.000000000000e+00
1795 7.697928303801e+00
1796 0.000000000000e+00
1797 6.042294278992e+00
1798 1.233514236273e+01
1799 0.000000000000e+00
1800 0.000000000000e+00
1801 0.000000000000e+00
1802 0.000000000000e+00
1803 0.000000000000e+00
1804 0.000000000000e+00
1805 0.000000000000e+00
1806 0.000000000000e+00
1807 0.000000000000e+00
1808 2.132615118735e+00
1809 0.000000000000e+00
1810 0.000000000000e+00
1811 0.000000000000e+00
1812 0.000000000000e+00
1813 0.000000000000e+00
1814 0.000000000000e+00
1815 0.000000000000e+00
1816 0.000000000000e+00
1817 0.000000000000e+00
1818 6.950086128816e+00
1819 0.000000000000e+00
1820 0.000000000000e+00
1821 2.876219563311e+00
1822 0.000000000000e+00
1823 1.209385036329e+00
1824 0.000000000000e+00
1825 0.000000000000e+00
1826 4.821835625186e+00
1827 0.000000000000e+00
1828 1.948071160906e+01
1829 1.474935500958e+01
1830 0.000000000000e+00
1831 0.000000000000e+00
1832 0.000000000000e+00
1833 0.000000000000e+00
1834 0.000000000000e+00
1835 0.000000000000e+00
1836 0.000000000000e+00
1837 0.000000000000e+00
1838 0.000000000000e+00
1839 0.000000000000e+00
1840 0.000000000000e+00
1841 0.000000000000e+00
1842 1.545109355415e+01
1843 0.000000000000e+00
1844 1.759039787700e+00
1845 4.665238421296e+00
1846 4.883230136912e+00
1847 1.030733716341e+01
1848 0.000000000000e+00
1849 5.363465847735e+00
1850 8.717916940937e+00
1851 9.872596336407e-01
1852 6.203950295721e+00
1853 1.164848378595e+01
1854 0.000000000000e+00
1855 0.000000000000e+00
1856 0.000000000000e+00
1857 1.165655746466e+01
1858 0.000000000000e+00
1859 8.313437415452e-01
1860 3.128345171394e+00
1861 0.000000000000e+00
1862 6.039424080586e+00
1863 4.810114368459e+00
1864 9.618064468478e+00
1865 1.229825269997e+01
1866 3.245313223321e+00
1867 1.999700215091e+01
1868 1.493885629618e+01
1869 0.000000000000e+00
1870 0.000000000000e+00
1871 0.000000000000e+00
1872 0.000000000000e+00
1873 0.000000000000e+00
1874 0.000000000000e+00
1875 0.000000000000e+00
1876 0.000000000000e+00
1877 0.000000000000e+00
1878 0.000000000000e+00
1879 0.000000000000e+00
1880 0.000000000000e+00
1881 0.000000000000e+00
1882 0.000000000000e+00
1883 0.000000000000e+00
1884 0.000000000000e+00
1885 0.000000000000e+00
1886 0.000000000000e+00
1887 6.922512279370e+00
1888 3.594970605626e+00
1889 0.000000000000e+00
1890 0.000000000000e+00
1891 0.000000000000e+00
1892 0.000000000000e+00
1893 1.153845355539e+01
1894 7.271866506374e-01
1895 8.014423146470e-01
1896 1.210889990911e-01
1897 8.836511728855e+00
1898 4.926719541361e+00
1899 2.452803246413e+01
1900 2.682520450701e+01
1901 0.000000000000e+00
1902 0.000000000000e+00
1903 7.622554711548e+00
1904 8.699876726716e+00
1905 2.118094690807e+00
1906 1.062693856057e+01
1907 0.000000000000e+00
1908 7.535317235363e+00
1909 0.000000000000e+00
1910 0.000000000000e+00
1911 0.000000000000e+00
1912 0.000000000000e+00
1913 0.000000000000e+00
1914 0.000000000000e+00
1915 0.000000000000e+00
1916 0.000000000000e+00
1917 0.000000000000e+00
1918 5.660882856518e+00
1919 8.177439398511e+00
1920 0.000000000000e+00
1921 3.722023849357e+00
1922 7.541592365152e+00
1923 6.794264224305e+00
1924 0.000000000000e+00
1925 2.779056667169e+00
1926 0.000000000000e+00
1927 0.000000000000e+00
1928 0.000000000000e+00
1929 0.000000000000e+00
1930 0.000000000000e+00
1931 2.959957859774e+00
1932 0.000000000000e+00
1933 0.000000000000e+00
1934 0.000000000000e+00
1935 6.083758807915e+00
1936 1.246517215917e+01
1937 2.387100154996e+00
1938 7.772387205332e+00
1939 1.144806126373e+01
1940 9.534992158802e+00
1941 0.000000000000e+00
1942 2.957744033113e+00
1943 0.000000000000e+00
1944 0.000000000000e+00
1945 0.000000000000e+00
1946 0.000000000000e+00
1947 0.000000000000e+00
1948 5.972602240837e+00
1949 1.917220171835e+01
1950 0.000000000000e+00
1951 8.328443681499e+00
1952 9.351630302367e+00
1953 3.612068291148e+00
1954 0.000000000000e+00
1955 0.000000000000e+00
1956 6.573878997774e-01
1957 0.000000000000e+00
1958 3.027344034139e+00
1959 3.234462202111e-01
1960 6.806014888474e+00
1961 7.223525399719e+00
1962 1.813967910171e+01
1963 0.000000000000e+00
1964 3.443697241689e+00
1965 0.000000000000e+00
1966 3.902313639047e+00
1967 0.000000000000e+00
1968 0.000000000000e+00
1969 0.000000000000e+00
1970 0.000000000000e+00
1971 0.000000000000e+00
1972 0.000000000000e+00
1973 0.000000000000e+00
1974 0.000000000000e+00
1975 0.000000000000e+00
1976 0.000000000000e+00
1977 0.000000000000e+00
1978 0.000000000000e+00
1979 0.000000000000e+00
1980 0.000000000000e+00
1981 0.000000000000e+00
1982 0.000000000000e+00
1983 0.000000000000e+00
1984 0.000000000000e+00
1985 0.000000000000e+00
1986 0.000000000000e+00
1987 0.000000000000e+00
1988 0.000000000000e+00
1989 0.000000000000e+00
1990 0.000000000000e+00
1991 0.000000000000e+00
1992 5.366074716950e+00
1993 0.000000000000e+00
1994 1.634390130936e+00
1995 0.000000000000e+00
1996 0.000000000000e+00
1997 0.000000000000e+00
1998 0.000000000000e+00
1999 0.000000000000e+00
2000 0.000000000000e+00
2001 7.752096693621e+00
2002 0.000000000000e+00
2003 0.000000000000e+00
2004 0.000000000000e+00
2005 1.865724680183e+00
2006 7.745366456706e+00
2007 3.896829592278e-01
2008 0.000000000000e+00
2009 3.419251653296e+00
2010 1.825452595950e+01
2011 2.318506584343e+01
2012 0.000000000000e+00
2013 0.000000000000e+00
2014 4.014957499320e+00
2015 1.019950796354e+01
2016 7.249582677828e+00
2017 0.000000000000e+00
2018 0.000000000000e+00
2019 0.000000000000e+00
2020 2.108482585166e+00
2021 0.000000000000e+00
2022 0.000000000000e+00
2023 0.000000000000e+00
2024 0.000000000000e+00
2025 1.236419668466e+01
2026 1.401954626659e+00
2027 0.000000000000e+00
2028 6.569782920784e+00
2029 0.000000000000e+00
2030 0.000000000000e+00
2031 1.157639287947e+01
2032 5.146661224711e+00
2033 0.000000000000e+00
2034 0.000000000000e+00
2035 0.000000000000e+00
2036 0.000000000000e+00
2037 0.000000000000e+00
2038 0.000000000000e+00
2039 0.000000000000e+00
2040 0.000000000000e+00
2041 0.000000000000e+00
2042 0.000000000000e+00
2043 0.000000000000e+00
2044 0.000000000000e+00
2045 0.000000000000e+00
2046 0.000000000000e+00
2047 0.000000000000e+00
2048 0.000000000000e+00
2049 0.000000000000e+00
2050 0.000000000000e+00
2051 0.000000000000e+00
2052 0.000000000000e+00
2053 0.000000000000e+00
2054 0.000000000000e+00
2055 0.000000000000e+00
2056 3.782156642049e+00
2057 0.000000000000e+00
2058 0.000000000000e+00
2059 0.000000000000e+00
2060 3.312241793920e+00
2061 2.386376175879e+01
2062 0.000000000000e+00
2063 0.000000000000e+00
2064 0.000000000000e+00
2065 1.878091351691e+00
2066 9.210010559548e+00
2067 0.000000000000e+00
2068 0.000000000000e+00
2069 1.160059490135e+01
2070 5.109660559685e+00
2071 0.000000000000e+00
2072 0.000000000000e+00
2073 0.000000000000e+00
2074 0.000000000000e+00
2075 0.000000000000e+00
2076 0.000000000000e+00
2077 0.000000000000e+00
2078 9.965689708746e+00
2079 1.237425291178e+00
2080 2.608574296323e-01
2081 9.550025000985e-01
2082 1.231810160175e+01
2083 2.475135036835e+01
2084 0.000000000000e+00
2085 6.417423715340e+00
2086 1.066331963712e+01
2087 4.675334429606e+00
2088 1.212728832668e+01
2089 2.199036048358e+00
2090 6.614898808381e+00
2091 1.151300681798e+01
2092 3.394653741879e+00
2093 3.213379725620e+00
2094 0.000000000000e+00
2095 0.000000000000e+00
2096 0.000000000000e+00
2097 0.000000000000e+00
2098 0.000000000000e+00
2099 0.000000000000e+00
2100 4.638079462944e+00
2101 0.000000000000e+00
2102 0.000000000000e+00
2103 9.124299440546e-01
2104 9.863111688796e+00
2105 2.290033527021e+01
2106 0.000000000000e+00
2107 6.388109135281e+00
2108 0.000000000000e+00
2109 0.000000000000e+00
2110 0.000000000000e+00
2111 0.000000000000e+00
2112 0.000000000000e+00
2113 0.000000000000e+00
2114 0.000000000000e+00
2115 2.724845797595e+00
2116 0.000000000000e+00
2117 0.000000000000e+00
2118 0.000000000000e+00
2119 0.000000000000e+00
2120 0.000000000000e+00
2121 0.000000000000e+00
2122 0.000000000000e+00
2123 0.000000000000e+00
2124 0.000000000000e+00
2125 0.000000000000e+00
2126 0.000000000000e+00
2127 0.000000000000e+00
2128 0.000000000000e+00
2129 0.000000000000e+00
2130 0.000000000000e+00
2131 0.000000000000e+00
2132 0.000000000000e+00
2133 1.824184333973e+00
2134 6.694668951517e+00
2135 4.550516359704e+00
2136 0.000000000000e+00
2137 9.487830521899e+00
2138 1.115546480711e+01
2139 9.453966080075e+00
2140 1.137595535268e+01
2141 0.000000000000e+00
2142 0.000000000000e+00
2143 0.000000000000e+00
2144 1.353388727467e+01
2145 0.000000000000e+00
2146 0.000000000000e+00
2147 0.000000000000e+00
2148 0.000000000000e+00
2149 0.000000000000e+00
2150 0.000000000000e+00
2151 0.000000000000e+00
2152 0.000000000000e+00
2153 0.000000000000e+00
2154 0.000000000000e+00
2155 0.000000000000e+00
2156 0.000000000000e+00
2157 0.000000000000e+00
2158 0.000000000000e+00
2159 0.000000000000e+00
2160 0.000000000000e+00
2161 0.000000000000e+00
2162 0.000000000000e+00
2163 0.000000000000e+00
2164 0.000000000000e+00
2165 0.000000000000e+00
2166 0.000000000000e+00
2167 5.819282185412e+00
2168 0.000000000000e+00
2169 0.000000000000e+00
2170 0.000000000000e+00
2171 5.526134383166e+00
2172 0.000000000000e+00
2173 0.000000000000e+00
2174 3.659591990845e+00
2175 3.747034304405e-01
2176 0.000000000000e+00
2177 1.222054996425e+01
2178 2.210300295890e+00
2179 1.920142450460e+00
2180 3.042132368311e+00
2181 1.438087022615e+01
2182 1.246510795619e+01
2183 0.000000000000e+00
2184 5.115206930034e+00
2185 8.585726434694e+00
2186 1.106918128811e+01
2187 1.158863209123e+01
2188 8.550643875881e+00
2189 0.000000000000e+00
2190 0.000000000000e+00
2191 1.678290001827e+00
2192 8.051154971164e+00
2193 9.271230133247e-01
2194 0.000000000000e+00
2195 3.108116798504e+00
2196 0.000000000000e+00
2197 0.000000000000e+00
2198 0.000000000000e+00
2199 0.000000000000e+00
2200 8.394190250599e+00
2201 0.000000000000e+00
2202 8.501104450638e+00
2203 7.004669805602e+00
2204 8.208630156748e+00
2205 7.202879388152e+00
2206 0.000000000000e+00
2207 8.113813040466e+00
2208 0.000000000000e+00
2209 0.000000000000e+00
2210 0.000000000000e+00
2211 0.000000000000e+00
2212 0.000000000000e+00
2213 1.194520818392e+01
2214 0.000000000000e+00
2215 0.000000000000e+00
2216 0.000000000000e+00
2217 0.000000000000e+00
2218 0.000000000000e+00
2219 0.000000000000e+00
2220 0.000000000000e+00
2221 0.000000000000e+00
2222 0.000000000000e+00
2223 0.000000000000e+00
2224 0.000000000000e+00
2225 0.000000000000e+00
2226 0.000000000000e+00
2227 0.000000000000e+00
2228 0.000000000000e+00
2229 0.000000000000e+00
2230 0.000000000000e+00
2231 0.000000000000e+00
2232 0.000000000000e+00
2233 0.000000000000e+00
2234 2.806081542114e+00
2235 0.000000000000e+00
2236 0.000000000000e+00
2237 0.000000000000e+00
2238 0.000000000000e+00
2239 0.000000000000e+00
2240 0.000000000000e+00
2241 1.199541311010e+01
2242 7.712559144073e-01
2243 0.000000000000e+00
2244 5.819961676949e+00
2245 2.166785734469e+01
2246 8.372191990377e+00
2247 0.000000000000e+00
2248 0.000000000000e+00
2249 5.690604174161e+00
2250 6.378039888192e+00
2251 0.000000000000e+00
2252 0.000000000000e+00
2253 0.000000000000e+00
2254 0.000000000000e+00
2255 0.000000000000e+00
2256 0.000000000000e+00
2257 7.262103355379e-01
2258 0.000000000000e+00
2259 0.000000000000e+00
2260 3.266679216140e+00
2261 0.000000000000e+00
2262 7.952689365503e+00
2263 0.000000000000e+00
2264 0.000000000000e+00
2265 0.000000000000e+00
2266 0.000000000000e+00
2267 0.000000000000e+00
2268 0.000000000000e+00
2269 0.000000000000e+00
2270 0.000000000000e+00
2271 0.000000000000e+00
2272 0.000000000000e+00
2273 2.986842104431e+00
2274 0.000000000000e+00
2275 0.000000000000e+00
2276 0.000000000000e+00
2277 0.000000000000e+00
2278 0.000000000000e+00
2279 4.050760455573e+00
2280 3.237907356608e+00
2281 7.664836910421e+00
2282 8.120925582981e+00
2283 0.000000000000e+00
2284 0.000000000000e+00
2285 5.249449775437e+00
2286 0.000000000000e+00
2287 0.000000000000e+00
2288 0.000000000000e+00
2289 0.000000000000e+00
2290 0.000000000000e+00
2291 0.000000000000e+00
2292 7.206435392524e+00
2293 0.000000000000e+00
2294 0.000000000000e+00
2295 0.000000000000e+00
2296 0.000000000000e+00
2297 0.000000000000e+00
2298 0.000000000000e+00
2299 0.000000000000e+00
2300 0.000000000000e+00
2301 0.000000000000e+00
2302 0.000000000000e+00
2303 0.000000000000e+00
2304 0.000000000000e+00
2305 0.000000000000e+00
2306 0.000000000000e+00
2307 0.000000000000e+00
2308 0.000000000000e+00
2309 0.000000000000e+00
2310 0.000000000000e+00
2311 0.000000000000e+00
2312 0.000000000000e+00
2313 0.000000000000e+00
2314 0.000000000000e+00
2315 0.000000000000e+00
2316 0.000000000000e+00
2317 0.000000000000e+00
2318 0.000000000000e+00
2319 0.000000000000e+00
2320 0.000000000000e+00
2321 0.000000000000e+00
2322 0.000000000000e+00
2323 0.000000000000e+00
2324 0.000000000000e+00
2325 0.000000000000e+00
2326 0.000000000000e+00
2327 0.000000000000e+00
2328 0.000000000000e+00
2329 0.000000000000e+00
2330 0.000000000000e+00
2331 0.000000000000e+00
2332 0.000000000000e+00
2333 6.629225238140e+00
2334 0.000000000000e+00
2335 0.000000000000e+00
2336 0.000000000000e+00
2337 0.000000000000e+00
2338 5.738726436286e+00
2339 0.000000000000e+00
2340 4.459002873851e+00
2341 0.000000000000e+00
2342 0.000000000000e+00
2343 0.000000000000e+00
2344 0.000000000000e+00
2345 4.295828342208e+00
2346 0.000000000000e+00
2347 0.000000000000e+00
2348 1.127471669107e+01
2349 0.000000000000e+00
2350 2.060057120688e+00
2351 0.000000000000e+00
2352 0.000000000000e+00
2353 0.000000000000e+00
2354 0.000000000000e+00
2355 0.000000000000e+00
2356 0.000000000000e+00
2357 4.280664949472e+00
2358 6.968105863201e+00
2359 0.000000000000e+00
2360 0.000000000000e+00
2361 0.000000000000e+00
2362 0.000000000000e+00
2363 0.000000000000e+00
2364 0.000000000000e+00
2365 0.000000000000e+00
2366 0.000000000000e+00
2367 0.000000000000e+00
2368 0.000000000000e+00
2369 5.743950287068e+00
2370 0.000000000000e+00
2371 0.000000000000e+00
2372 0.000000000000e+00
2373 0.000000000000e+00
2374 0.000000000000e+00
2375 0.000000000000e+00
2376 0.000000000000e+00
2377 0.000000000000e+00
2378 0.000000000000e+00
2379 0.000000000000e+00
2380 0.000000000000e+00
2381 0.000000000000e+00
2382 0.000000000000e+00
2383 0.000000000000e+00
2384 0.000000000000e+00
2385 0.000000000000e+00
2386 0.000000000000e+00
2387 0.000000000000e+00
2388 0.000000000000e+00
2389 0.000000000000e+00
2390 0.000000000000e+00
2391 0.000000000000e+00
2392 0.000000000000e+00
2393 0.000000000000e+00
2394 0.000000000000e+00
2395 1.274597655293e+01
2396 0.000000000000e+00
2397 0.000000000000e+00
2398 0.000000000000e+00
2399 0.000000000000e+00
2400 3.203168993185e+00
2401 6.563945888819e+00
2402 4.699058240967e+00
2403 0.000000000000e+00
2404 0.000000000000e+00
2405 0.000000000000e+00
2406 0.000000000000e+00
2407 0.000000000000e+00
2408 0.000000000000e+00
2409 5.634563124035e+00
2410 0.000000000000e+00
2411 0.000000000000e+00
2412 0.000000000000e+00
2413 0.000000000000e+00
2414 0.000000000000e+00
2415 0.000000000000e+00
2416 4.738095691196e+00
2417 0.000000000000e+00
2418 0.000000000000e+00
2419 0.000000000000e+00
2420 0.000000000000e+00
2421 9.449584834827e+00
2422 5.745504903636e+00
2423 1.694582842303e+00
2424 4.779804856643e+00
2425 0.000000000000e+00
2426 1.734223083209e+00
2427 0.000000000000e+00
2428 3.158498681964e+00
2429 9.180956109151e+00
2430 0.000000000000e+00
2431 0.000000000000e+00
2432 0.000000000000e+00
2433 3.326002125591e+00
2434 9.023111719497e+00
2435 2.543281839302e+00
2436 1.278080965842e+01
2437 0.000000000000e+00
2438 0.000000000000e+00
2439 0.000000000000e+00
2440 4.468972727156e+00
2441 0.000000000000e+00
2442 0.000000000000e+00
2443 0.000000000000e+00
2444 0.000000000000e+00
2445 5.650098517005e+00
2446 0.000000000000e+00
2447 0.000000000000e+00
2448 0.000000000000e+00
2449 0.000000000000e+00
2450 0.000000000000e+00
2451 0.000000000000e+00
2452 0.000000000000e+00
2453 6.468416127384e+00
2454 0.000000000000e+00
2455 0.000000000000e+00
2456 0.000000000000e+00
2457 4.539989980734e-01
2458 0.000000000000e+00
2459 4.869040627445e+00
2460 1.992901176064e+01
2461 1.690833595357e+01
2462 0.000000000000e+00
2463 2.219303631889e+00
2464 5.025799941260e+00
2465 3.011061472904e+00
2466 0.000000000000e+00
2467 8.864190904995e+00
2468 3.972224578608e+00
2469 0.000000000000e+00
2470 1.039500246418e+00
2471 1.385648678242e+01
2472 1.753468731722e+00
2473 0.000000000000e+00
2474 0.000000000000e+00
2475 1.007468444640e+01
2476 0.000000000000e+00
2477 5.532067566896e+00
2478 0.000000000000e+00
2479 5.165690415883e+00
2480 0.000000000000e+00
2481 0.000000000000e+00
2482 1.026554564228e+01
2483 3.504570954125e+00
2484 0.000000000000e+00
2485 9.667535591631e+00
2486 0.000000000000e+00
2487 1.436473468609e+01
2488 0.000000000000e+00
2489 0.000000000000e+00
2490 0.000000000000e+00
2491 0.000000000000e+00
2492 0.000000000000e+00
2493 1.082505281054e+00
2494 2.869661864173e+00
2495 3.443181258268e+00
2496 0.000000000000e+00
2497 8.881812065443e+00
2498 3.959738359755e+00
2499 9.804750459629e+00
2500 1.271997303104e+01
2501 8.909407896396e+00
2502 1.034713925392e+01
2503 0.000000000000e+00
2504 0.000000000000e+00
2505 0.000000000000e+00
2506 0.000000000000e+00
2507 0.000000000000e+00
2508 0.000000000000e+00
2509 0.000000000000e+00
2510 0.000000000000e+00
2511 0.000000000000e+00
2512 0.000000000000e+00
2513 0.000000000000e+00
2514 0.000000000000e+00
2515 0.000000000000e+00
2516 0.000000000000e+00
2517 0.000000000000e+00
2518 0.000000000000e+00
2519 0.000000000000e+00
2520 0.000000000000e+00
2521 0.000000000000e+00
2522 0.000000000000e+00
2523 0.000000000000e+00
2524 0.000000000000e+00
2525 0.000000000000e+00
2526 0.000000000000e+00
2527 0.000000000000e+00
2528 3.724251302811e+00
2529 0.000000000000e+00
2530 0.000000000000e+00
2531 1.718044885834e+00
2532 0.000000000000e+00
2533 0.000000000000e+00
2534 1.379051591158e+01
2535 5.625357636162e+00
2536 7.339944841604e+00
2537 1.327210160720e+01
2538 0.000000000000e+00
2539 0.000000000000e+00
2540 0.000000000000e+00
2541 0.000000000000e+00
2542 0.000000000000e+00
2543 0.000000000000e+00
2544 0.000000000000e+00
2545 0.000000000000e+00
2546 0.000000000000e+00
2547 0.000000000000e+00
2548 0.000000000000e+00
2549 0.000000000000e+00
2550 0.000000000000e+00
2551 0.000000000000e+00
2552 0.000000000000e+00
2553 0.000000000000e+00
2554 0.000000000000e+00
2555 0.000000000000e+00
2556 0.000000000000e+00
2557 0.000000000000e+00
2558 0.000000000000e+00
2559 0.000000000000e+00
2560 0.000000000000e+00
2561 0.000000000000e+00
2562 0.000000000000e+00
2563 5.338716072607e+00
2564 1.433724989868e+01
2565 7.049598309340e+00
2566 0.000000000000e+00
2567 0.000000000000e+00
2568 3.069474548841e+00
2569 0.000000000000e+00
2570 0.000000000000e+00
2571 1.413033333611e+00
2572 0.000000000000e+00
2573 0.000000000000e+00
2574 0.000000000000e+00
2575 0.000000000000e+00
2576 0.000000000000e+00
2577 0.000000000000e+00
2578 0.000000000000e+00
2579 0.000000000000e+00
2580 0.000000000000e+00
2581 0.000000000000e+00
2582 0.000000000000e+00
2583 0.000000000000e+00
2584 0.000000000000e+00
2585 0.000000000000e+00
2586 0.000000000000e+00
2587 0.000000000000e+00
2588 0.000000000000e+00
2589 0.000000000000e+00
2590 0.000000000000e+00
2591 0.000000000000e+00
2592 0.000000000000e+00
2593 0.000000000000e+00
2594 0.000000000000e+00
2595 0.000000000000e+00
2596 0.000000000000e+00
2597 0.000000000000e+00
2598 0.000000000000e+00
2599 0.000000000000e+00
2600 0.000000000000e+00
2601 0.000000000000e+00
2602 7.821060778811e-01
2603 4.347925649455e+00
2604 3.193239789491e+00
2605 1.917744121218e+01
2606 2.242623932113e+01
2607 0.000000000000e+00
2608 0.000000000000e+00
2609 0.000000000000e+00
2610 9.696005172632e+00
2611 5.907891270036e+00
2612 0.000000000000e+00
2613 0.000000000000e+00
2614 8.561460412151e+00
2615 0.000000000000e+00
2616 0.000000000000e+00
2617 0.000000000000e+00
2618 0.000000000000e+00
2619 0.000000000000e+00
2620 0.000000000000e+00
2621 0.000000000000e+00
2622 0.000000000000e+00
2623 0.000000000000e+00
2624 0.000000000000e+00
2625 1.180183347111e+00
2626 4.352570271431e+00
2627 2.002384314429e+01
2628 1.685646745821e+01
2629 0.000000000000e+00
2630 8.887570135857e+00
2631 0.000000000000e+00
2632 0.000000000000e+00
2633 4.509050333012e+00
2634 4.950545494273e+00
2635 0.000000000000e+00
2636 0.000000000000e+00
2637 0.000000000000e+00
2638 0.000000000000e+00
2639 0.000000000000e+00
2640 0.000000000000e+00
2641 0.000000000000e+00
2642 0.000000000000e+00
2643 0.000000000000e+00
2644 1.034691684152e+00
2645 0.000000000000e+00
2646 2.244811132815e+00
2647 0.000000000000e+00
2648 0.000000000000e+00
2649 0.000000000000e+00
2650 0.000000000000e+00
2651 6.331253052260e+00
2652 0.000000000000e+00
2653 5.845753228938e+00
2654 0.000000000000e+00
2655 9.701091258327e+00
2656 0.000000000000e+00
2657 0.000000000000e+00
2658 0.000000000000e+00
2659 0.000000000000e+00
2660 4.277102687226e+00
2661 1.021796505852e+00
2662 2.259188319545e+00
2663 4.058617530965e+00
2664 1.337989132990e+01
2665 1.724420614196e+01
2666 0.000000000000e+00
2667 0.000000000000e+00
2668 9.319133116678e+00
2669 1.090989096246e+01
2670 1.115868550356e+01
2671 1.090572633473e+01
2672 1.824251831015e+00
2673 0.000000000000e+00
2674 0.000000000000e+00
2675 2.793405987966e+00
2676 0.000000000000e+00
2677 1.197806406512e+00
2678 3.725968802574e+00
2679 0.000000000000e+00
2680 2.403969983536e+00
2681 0.000000000000e+00
2682 7.490484826659e+00
2683 6.173808040629e+00
2684 8.259983418461e+00
2685 5.874284235328e+00
2686 2.575862398144e+01
2687 0.000000000000e+00
2688 0.000000000000e+00
2689 0.000000000000e+00
2690 0.000000000000e+00
2691 0.000000000000e+00
2692 0.000000000000e+00
2693 0.000000000000e+00
2694 0.000000000000e+00
2695 0.000000000000e+00
2696 0.000000000000e+00
2697 0.000000000000e+00
2698 0.000000000000e+00
2699 0.000000000000e+00
2700 0.000000000000e+00
2701 0.000000000000e+00
2702 1.078550562220e+00
2703 4.265209847278e+00
2704 0.000000000000e+00
2705 0.000000000000e+00
2706 0.000000000000e+00
2707 1.209574602163e+01
2708 1.179374267770e+01
2709 0.000000000000e+00
2710 0.000000000000e+00
2711 0.000000000000e+00
2712 2.795002115014e+00
2713 7.103848433363e+00
2714 0.000000000000e+00
2715 3.552960419363e+00
2716 1.043092064919e+01
2717 3.377468839080e+00
2718 2.803678827324e+00
2719 0.000000000000e+00
2720 0.000000000000e+00
2721 0.000000000000e+00
2722 0.000000000000e+00
2723 0.000000000000e+00
2724 1.354369778952e+00
2725 9.561794589544e+00
2726 0.000000000000e+00
2727 1.796102920923e+00
2728 6.517006841467e+00
2729 1.982547591271e+01
2730 1.917481454692e+01
2731 0.000000000000e+00
2732 8.635846178027e+00
2733 0.000000000000e+00
2734 1.034960400920e+01
2735 1.154149137814e+01
2736 0.000000000000e+00
2737 0.000000000000e+00
2738 0.000000000000e+00
2739 0.000000000000e+00
2740 0.000000000000e+00
2741 1.427022001368e+00
2742 6.422487944281e+00
2743 0.000000000000e+00
2744 0.000000000000e+00
2745 3.833355947559e-01
2746 4.228479882570e+00
2747 0.000000000000e+00
2748 6.447783659358e+00
2749 0.000000000000e+00
2750 1.466330110838e+00
2751 2.175441666285e+00
2752 4.205530120715e+00
2753 3.133089815710e+00
2754 1.354080202540e+01
2755 1.038533565432e+01
2756 6.182461581835e+00
2757 1.247241979951e+01
2758 0.000000000000e+00
2759 0.000000000000e+00
2760 0.000000000000e+00
2761 6.501417762149e+00
2762 0.000000000000e+00
2763 0.000000000000e+00
2764 0.000000000000e+00
2765 0.000000000000e+00
2766 5.125129548275e+00
2767 0.000000000000e+00
2768 0.000000000000e+00
2769 0.000000000000e+00
2770 0.000000000000e+00
2771 0.000000000000e+00
2772 0.000000000000e+00
2773 0.000000000000e+00
2774 2.473712072075e+00
2775 1.749734382880e+00
2776 7.021692597530e-01
2777 2.675109605432e+00
2778 4.364632546374e+00
2779 9.416160716762e+00
2780 2.029557375941e+01
2781 0.000000000000e+00
2782 8.590840508674e+00
2783 5.637621427523e+00
2784 9.371945097260e+00
2785 1.064295158703e+01
2786 9.659578182391e+00
2787 0.000000000000e+00
2788 0.000000000000e+00
2789 3.014762720933e+00
2790 0.000000000000e+00
2791 7.432926998800e-01
2792 6.491874042499e+00
2793 0.000000000000e+00
2794 0.000000000000e+00
2795 1.238732720120e+01
2796 9.847792996574e+00
2797 1.987733810201e+01
2798 2.320719563930e+01
2799 0.000000000000e+00
2800 0.000000000000e+00
2801 4.366004739298e+00
2802 2.150358141376e+00
2803 0.000000000000e+00
2804 0.000000000000e+00
2805 0.000000000000e+00
2806 7.095206431166e+00
2807 2.185128570982e+00
2808 0.000000000000e+00
2809 0.000000000000e+00
2810 0.000000000000e+00
2811 0.000000000000e+00
2812 0.000000000000e+00
2813 0.000000000000e+00
2814 0.000000000000e+00
2815 0.000000000000e+00
2816 0.000000000000e+00
2817 0.000000000000e+00
2818 0.000000000000e+00
2819 0.000000000000e+00
2820 0.000000000000e+00
2821 0.000000000000e+00
2822 0.000000000000e+00
2823 2.325239319654e+00
2824 4.584163129652e+00
2825 6.553703106840e+00
2826 1.721317625037e+01
2827 0.000000000000e+00
2828 0.000000000000e+00
2829 0.000000000000e+00
2830 3.838599475530e+00
2831 1.201382166045e+01
2832 8.600781050324e+00
2833 2.012938524982e+00
2834 4.181215958760e-01
2835 0.000000000000e+00
2836 3.112804287285e+00
2837 3.376502419148e+00
2838 6.779816559627e+00
2839 0.000000000000e+00
2840 7.619684027746e+00
2841 4.309724075609e+00
2842 1.004077160874e+01
2843 0.000000000000e+00
2844 0.000000000000e+00
2845 0.000000000000e+00
2846 0.000000000000e+00
2847 0.000000000000e+00
2848 0.000000000000e+00
2849 0.000000000000e+00
2850 0.000000000000e+00
2851 0.000000000000e+00
2852 0.000000000000e+00
2853 0.000000000000e+00
2854 0.000000000000e+00
2855 0.000000000000e+00
2856 0.000000000000e+00
2857 0.000000000000e+00
2858 0.000000000000e+00
2859 0.000000000000e+00
2860 0.000000000000e+00
2861 0.000000000000e+00
2862 0.000000000000e+00
2863 0.000000000000e+00
2864 0.000000000000e+00
2865 0.000000000000e+00
2866 0.000000000000e+00
2867 4.751261669907e+00
2868 0.000000000000e+00
2869 0.000000000000e+00
2870 0.000000000000e+00
2871 0.000000000000e+00
2872 5.332428332522e+00
2873 0.000000000000e+00
2874 0.000000000000e+00
2875 0.000000000000e+00
2876 0.000000000000e+00
2877 3.839231118021e+00
2878 6.759900074835e+00
2879 0.000000000000e+00
2880 0.000000000000e+00
2881 0.000000000000e+00
2882 0.000000000000e+00
2883 0.000000000000e+00
2884 1.600030756628e+00
2885 2.998203824922e+00
2886 8.584625502007e+00
2887 2.391111760544e+01
2888 0.000000000000e+00
2889 3.471670675073e+00
2890 1.046209125213e+01
2891 3.903840799083e+00
2892 1.014139476731e+01
2893 1.251253939394e+01
2894 0.000000000000e+00
2895 0.000000000000e+00
2896 0.000000000000e+00
2897 0.000000000000e+00
2898 0.000000000000e+00
2899 0.000000000000e+00
2900 0.000000000000e+00
2901 0.000000000000e+00
2902 0.000000000000e+00
2903 0.000000000000e+00
2904 0.000000000000e+00
2905 0.000000000000e+00
2906 0.000000000000e+00
2907 0.000000000000e+00
2908 0.000000000000e+00
2909 0.000000000000e+00
2910 0.000000000000e+00
2911 0.000000000000e+00
2912 0.000000000000e+00
2913 0.000000000000e+00
2914 0.000000000000e+00
2915 0.000000000000e+00
2916 0.000000000000e+00
2917 0.000000000000e+00
2918 0.000000000000e+00
2919 0.000000000000e+00
2920 0.000000000000e+00
2921 0.000000000000e+00
2922 0.000000000000e+00
2923 0.000000000000e+00
2924 0.000000000000e+00
2925 0.000000000000e+00
2926 0.000000000000e+00
2927 0.000000000000e+00
2928 0.000000000000e+00
2929 0.000000000000e+00
2930 0.000000000000e+00
2931 0.000000000000e+00
2932 0.000000000000e+00
2933 0.000000000000e+00
2934 1.812838676825e+00
2935 6.055706766738e+00
2936 4.096760586965e-01
2937 0.000000000000e+00
2938 2.694644568245e+00
2939 8.766498106737e+00
2940 8.176499761431e+00
2941 2.379980071269e+01
2942 2.877013555929e+01
2943 0.000000000000e+00
2944 0.000000000000e+00
2945 4.958733786595e+00
2946 9.316909818503e+00
2947 0.000000000000e+00
2948 0.000000000000e+00
2949 6.770074213302e+00
2950 9.802492409233e+00
2951 0.000000000000e+00
2952 0.000000000000e+00
2953 0.000000000000e+00
2954 0.000000000000e+00
2955 0.000000000000e+00
2956 2.615208458687e+00
2957 4.226529351563e-01
2958 0.000000000000e+00
2959 4.441306508827e+00
2960 8.027220313949e-01
2961 0.000000000000e+00
2962 6.087579340344e+00
2963 4.227599940307e+00
2964 0.000000000000e+00
2965 1.030380700178e+01
2966 0.000000000000e+00
2967 0.000000000000e+00
2968 0.000000000000e+00
2969 0.000000000000e+00
2970 0.000000000000e+00
2971 0.000000000000e+00
2972 0.000000000000e+00
2973 0.000000000000e+00
2974 0.000000000000e+00
2975 0.000000000000e+00
2976 0.000000000000e+00
2977 0.000000000000e+00
2978 0.000000000000e+00
2979 8.288295396141e+00
2980 0.000000000000e+00
2981 9.555896216134e-01
2982 3.661258373028e-02
2983 1.194118051102e+01
2984 8.858455615084e+00
2985 0.000000000000e+00
2986 0.000000000000e+00
2987 0.000000000000e+00
2988 0.000000000000e+00
2989 1.240410720356e+01
2990 5.989386168200e+00
2991 1.340778888913e+01
2992 1.594508551518e+00
2993 2.782669457028e+00
2994 2.124343346966e+00
2995 0.000000000000e+00
2996 0.000000000000e+00
2997 0.000000000000e+00
2998 0.000000000000e+00
2999 0.000000000000e+00
3000 3.499317443634e+00
3001 1.664788651805e+01
3002 4.151409577599e+00
3003 0.000000000000e+00
3004 9.261478477103e+00
3005 1.130380607424e+01
3006 6.328264739830e+00
3007 1.106506113639e+01
3008 0.000000000000e+00
3009 0.000000000000e+00
3010 2.989494587803e+00
3011 1.494069844579e+01
3012 0.000000000000e+00
3013 3.341838383407e+00
3014 3.959900524907e+00
3015 1.575641618500e+01
3016 2.144103975162e+01
3017 0.000000000000e+00
3018 5.547834996642e+00
3019 0.000000000000e+00
3020 3.174117197542e+00
3021 3.581917741595e+00
3022 8.088043500662e+00
3023 0.000000000000e+00
3024 3.803127072027e+00
3025 5.923865629580e+00
3026 1.730212494421e+01
3027 0.000000000000e+00
3028 9.505188821898e+00
3029 6.398484328431e+00
3030 3.920727205646e+00
3031 1.005881866877e+00
3032 0.000000000000e+00
3033 5.066752356375e+00
3034 0.000000000000e+00
3035 0.000000000000e+00
3036 6.509265949143e+00
3037 5.213179403426e+00
3038 0.000000000000e+00
3039 0.000000000000e+00
3040 3.705585361664e+00
3041 0.000000000000e+00
3042 0.000000000000e+00
3043 0.000000000000e+00
3044 3.824934356885e-01
3045 4.202252398432e+00
3046 1.790467760725e+01
3047 1.433214695398e+01
3048 0.000000000000e+00
3049 8.146519421662e+00
3050 1.337739204823e+01
3051 1.620945966087e+00
3052 2.017003886590e+00
3053 0.000000000000e+00
3054 0.000000000000e+00
3055 5.675243896486e+00
3056 0.000000000000e+00
3057 0.000000000000e+00
3058 0.000000000000e+00
3059 0.000000000000e+00
3060 0.000000000000e+00
3061 0.000000000000e+00
3062 0.000000000000e+00
3063 0.000000000000e+00
3064 0.000000000000e+00
3065 0.000000000000e+00
3066 0.000000000000e+00
3067 0.000000000000e+00
3068 0.000000000000e+00
3069 0.000000000000e+00
3070 0.000000000000e+00
3071 0.000000000000e+00
3072 0.000000000000e+00
3073 0.000000000000e+00
3074 0.000000000000e+00
3075 0.000000000000e+00
3076 2.039142774333e+01
3077 1.601762652764e+00
3078 0.000000000000e+00
3079 4.902084545487e+00
3080 0.000000000000e+00
3081 0.000000000000e+00
3082 1.196423298349e+01
3083 1.301679468959e+01
3084 0.000000000000e+00
3085 4.989076251727e+00
3086 0.000000000000e+00
3087 0.000000000000e+00
3088 1.551365885973e+01
3089 0.000000000000e+00
3090 0.000000000000e+00
3091 0.000000000000e+00
3092 0.000000000000e+00
3093 0.000000000000e+00
3094 0.000000000000e+00
3095 9.598379692137e+00
3096 0.000000000000e+00
3097 0.000000000000e+00
3098 0.000000000000e+00
3099 2.622300640564e+00
3100 0.000000000000e+00
3101 0.000000000000e+00
3102 0.000000000000e+00
3103 3.389544274153e+00
3104 0.000000000000e+00
3105 0.000000000000e+00
3106 0.000000000000e+00
3107 0.000000000000e+00
3108 0.000000000000e+00
3109 0.000000000000e+00
3110 2.407672975874e+00
3111 3.366118077747e+00
3112 0.000000000000e+00
3113 4.029003625123e+00
3114 0.000000000000e+00
3115 0.000000000000e+00
3116 7.855108209841e+00
3117 8.162446022938e+00
3118 1.069111929150e+01
3119 2.797026378815e+00
3120 6.799313030893e+00
3121 8.872449726919e+00
3122 9.692685285300e+00
3123 6.842836809392e+00
3124 0.000000000000e+00
3125 8.482566438911e-01
3126 1.767115642019e+01
3127 3.786026092273e-01
3128 0.000000000000e+00
3129 4.212172087285e+00
3130 0.000000000000e+00
3131 0.000000000000e+00
3132 0.000000000000e+00
3133 8.200722093642e+00
3134 6.823169777799e+00
3135 3.905488097864e+00
3136 1.058590201668e+01
3137 8.519445912992e+00
3138 6.486606429789e+00
3139 0.000000000000e+00
3140 0.000000000000e+00
3141 0.000000000000e+00
3142 0.000000000000e+00
3143 0.000000000000e+00
3144 4.226778735950e+00
3145 1.121791772180e+01
3146 5.563381369452e+00
3147 6.769228394742e+00
3148 1.716332230469e+01
3149 0.000000000000e+00
3150 7.099729258900e+00
3151 7.775547874658e+00
3152 6.090827847114e+00
3153 0.000000000000e+00
