104.246 53.675 69.234
104.174 53.751 67.746
102.994 52.933 67.225
102.232 53.394 66.377
105.48 53.237 67.136
104.045 54.711 67.49
106.238 53.799 67.465
105.622 52.288 67.412
105.43 53.292 66.145
105.202 53.609 69.504
103.837 54.498 69.617
103.899 52.782 69.581
102.852 51.721 67.754
101.781 50.806 67.37
102.031 50.23 65.982
101.391 50.62 65.005
100.424 51.517 67.404
100.07 52.104 68.762
98.668 52.684 68.8
97.841 52.299 69.634
98.391 53.614 67.889
103.53 51.446 68.451
101.776 50.042 68.024
100.436 52.262 66.736
99.711 50.859 67.153
100.134 51.382 69.45
100.722 52.831 68.977
97.489 53.647 68.303
98.605 54.208 67.107
102.973 49.298 65.912
103.33 48.639 64.665
102.254 47.68 64.158
101.75 46.841 64.905
104.632 47.822 64.827
104.81 46.881 63.643
105.824 48.76 64.946
103.444 49.057 66.771
103.463 49.355 63.956
104.533 47.257 65.637
104.057 46.233 63.589
104.847 47.418 62.793
105.678 46.374 63.749
105.909 49.316 64.123
105.697 49.358 65.74
106.662 48.219 65.07
101.915 47.817 62.88
100.95 46.943 62.227
101.778 46.185 61.191
102.25 46.778 60.221
99.848 47.747 61.5
99.014 48.534 62.516
98.964 46.803 60.69
97.954 49.424 61.877
102.358 48.563 62.367
100.671 46.283 62.897
100.293 48.397 60.897
98.564 47.888 63.126
99.63 49.109 63.05
98.519 46.156 61.304
98.279 47.342 60.205
99.524 46.306 60.032
97.315 48.846 61.373
97.471 49.923 62.591
98.386 50.064 61.256
101.979 44.885 61.4
102.778 44.113 60.457
102.301 42.677 60.245
103.102 41.782 59.982
104.259 44.135 60.884
104.532 43.291 62.121
105.634 42.794 62.314
103.513 43.121 62.96
101.575 44.47 62.202
102.71 44.581 59.553
104.805 43.781 60.13
104.512 45.078 61.08
102.625 43.537 62.753
103.632 42.582 63.791
100.994 42.468 60.356
100.4 41.153 60.139
99.707 41.169 58.77
99.378 42.237 58.249
99.353 40.811 61.228
98.349 41.829 61.266
100.017 40.705 62.6
100.42 43.255 60.598
101.124 40.473 60.113
98.906 39.928 60.982
100.694 39.975 62.623
100.47 41.578 62.824
99.301 40.517 63.302
97.571 41.511 60.74
99.489 39.99 58.189
98.837 39.891 56.882
97.485 40.603 56.815
97.233 41.375 55.892
98.661 38.425 56.486
99.935 37.762 56.029
100.597 38.212 54.887
100.472 36.689 56.736
101.78 37.608 54.451
101.655 36.073 56.315
102.314 36.536 55.164
99.787 39.171 58.676
99.444 40.358 56.216
98.33 37.934 57.277
98.014 38.387 55.74
100.226 38.978 54.369
100.009 36.354 57.555
102.236 37.951 53.626
102.031 35.298 56.838
103.155 36.102 54.862
96.621 40.355 57.791
95.307 40.987 57.793
95.314 42.429 58.269
94.469 43.223 57.856
94.328 40.169 58.633
93.922 38.883 57.947
93.272 38.965 56.88
94.266 37.797 58.462
96.895 39.73 58.514
94.979 40.993 56.828
94.771 39.948 59.493
93.519 40.721 58.786
96.259 42.767 59.139
96.338 44.129 59.621
96.731 45.05 58.481
96.093 46.075 58.251
96.893 42.067 59.439
95.448 44.413 59.986
97.023 44.192 60.351
97.784 44.673 57.759
98.282 45.461 56.638
97.319 45.404 55.456
97.112 46.405 54.77
99.674 44.961 56.199
100.184 45.767 55.019
100.639 45.073 57.361
98.232 43.811 58.018
98.351 46.421 56.935
99.572 44.02 55.89
99.574 45.673 54.236
100.243 46.738 55.276
101.107 45.436 54.764
100.736 46.021 57.651
100.3 44.525 58.133
101.544 44.718 57.077
96.727 44.233 55.232
95.775 44.05 54.147
94.578 44.978 54.356
94.175 45.697 53.439
95.319 42.591 54.093
96.963 43.474 55.844
96.216 44.29 53.28
96.111 42.003 53.941
94.884 42.349 54.959
94.668 42.473 53.349
94.012 44.961 55.564
92.874 45.822 55.88
93.273 47.277 55.706
92.567 48.059 55.066
92.401 45.619 57.326
91.701 44.29 57.54
91.297 43.65 56.543
91.54 43.891 58.715
94.392 44.34 56.245
92.159 45.627 55.205
93.2 45.659 57.917
91.769 46.354 57.547
94.409 47.637 56.291
94.909 49.003 56.211
95.083 49.415 54.748
94.664 50.501 54.35
96.234 49.106 56.974
96.659 50.513 57.333
97.146 51.391 56.362
96.584 50.965 58.65
97.549 52.684 56.697
96.98 52.255 58.993
97.46 53.108 58.014
97.833 54.392 58.348
94.915 46.933 56.793
94.232 49.615 56.627
96.147 48.58 57.822
96.952 48.699 56.407
97.208 51.09 55.411
96.239 50.354 59.36
97.898 53.299 55.99
96.918 52.562 59.942
98.794 54.398 58.622
95.687 48.537 53.948
95.9 48.811 52.528
94.606 49.12 51.789
94.559 50.023 50.958
96.584 47.62 51.849
98.096 47.537 52.04
98.641 46.226 51.485
98.734 48.734 51.358
95.993 47.676 54.355
96.514 49.613 52.447
96.189 46.789 52.224
96.408 47.683 50.875
98.306 47.595 53.017
98.21 45.46 51.963
98.436 46.167 50.509
99.63 46.191 51.622
98.513 48.722 50.381
98.385 49.579 51.765
99.732 48.693 51.476
93.555 48.372 52.1
92.265 48.559 51.441
91.442 49.724 51.971
90.627 50.295 51.26
91.442 47.28 51.557
92.116 46.08 50.941
91.123 45.162 50.288
93.674 47.671 52.804
92.447 48.734 50.451
91.281 47.09 52.526
90.564 47.421 51.096
92.767 46.394 50.252
92.598 45.578 51.657
90.234 44.621 50.947
91.256 44.986 48.973
90.465 44.387 49.042
91.694 45.132 48.08
91.659 50.074 53.228
90.914 51.151 53.84
91.552 52.518 53.623
90.851 53.515 53.509
90.778 50.894 55.344
90.182 49.606 55.543
89.931 51.956 56.003
92.355 49.568 53.738
89.981 51.173 53.435
91.706 50.882 55.764
90.335 52.866 55.918
89.01 51.975 55.582
89.83 51.728 57.006
90.866 48.919 55.339
92.879 52.566 53.552
93.556 53.844 53.388
94.426 53.936 52.147
95.093 54.942 51.923
94.376 54.137 54.646
93.547 53.997 55.902
92.519 54.902 56.196
93.741 52.917 56.763
91.699 54.722 57.325
92.932 52.725 57.882
91.914 53.621 58.161
91.106 53.381 59.255
93.383 51.715 53.614
92.843 54.573 53.328
95.122 53.491 54.69
94.707 55.067 54.593
92.362 55.686 55.602
94.475 52.265 56.574
90.973 55.372 57.524
93.089 51.939 58.482
90.148 53.477 58.986
94.415 52.88 51.343
95.185 52.845 50.103
96.652 53.222 50.239
97.208 53.919 49.391
94.515 53.732 49.049
93.251 53.15 48.491
92.78 51.904 48.851
92.354 53.651 47.608
91.647 51.664 48.213
91.366 52.708 47.453
93.853 52.095 51.618
95.136 51.893 49.728
94.298 54.622 49.461
95.157 53.878 48.29
93.227 51.284 49.494
92.401 54.537 47.155
91.099 50.837 48.291
97.273 52.744 51.31
98.69 52.977 51.572
99.103 52.082 52.734
98.251 51.603 53.486
98.958 54.445 51.92
98.203 54.969 53.133
98.645 56.391 53.456
97.681 57.091 54.395
97.457 56.338 55.658
96.72 52.2 51.956
99.217 52.723 50.767
99.94 54.549 52.092
98.704 55.003 51.126
97.228 54.972 52.935
98.395 54.386 53.915
99.544 56.356 53.888
98.698 56.911 52.606
98.047 58.004 54.617
96.798 57.213 53.924
97.094 55.432 55.422
98.32 56.237 56.142
96.805 56.823 56.226
100.402 51.839 52.866
100.902 51.003 53.953
100.874 51.763 55.267
100.748 52.99 55.284
102.347 50.583 53.69
102.626 49.535 52.622
104.124 49.471 52.353
102.081 48.186 53.084
101.023 52.244 52.201
100.306 50.197 54.036
102.863 51.413 53.436
102.725 50.234 54.558
102.151 49.786 51.784
104.452 50.355 52.026
104.605 49.231 53.199
104.308 48.769 51.657
102.528 47.932 53.944
101.096 48.257 53.228
102.27 47.494 52.391
100.964 51.034 56.391
100.974 51.646 57.722
102.289 52.418 57.833
103.207 52.193 57.043
100.934 50.436 58.652
100.139 49.449 57.862
100.73 49.582 56.489
100.199 52.243 57.849
101.852 50.095 58.83
100.478 50.66 59.507
100.265 48.53 58.219
99.176 49.693 57.863
101.588 49.083 56.408
100.093 49.282 55.783
102.386 53.304 58.817
103.576 54.13 59.015
104.862 53.402 59.397
105.944 53.991 59.353
103.283 55.204 60.068
102.269 56.236 59.59
101.752 56.993 60.443
101.995 56.303 58.367
101.597 53.392 59.437
103.759 54.605 58.121
102.92 54.753 60.875
104.134 55.669 60.279
104.764 52.129 59.762
105.948 51.38 60.162
106.705 50.744 58.991
107.547 49.861 59.189
105.553 50.318 61.196
104.4 49.445 60.726
103.236 49.708 61.04
104.72 48.391 59.987
103.864 51.707 59.754
106.588 52.039 60.598
106.342 49.736 61.366
105.279 50.782 62.033
105.681 48.205 59.772
104.006 47.782 59.643
106.416 51.21 57.777
107.069 50.692 56.57
107.935 51.717 55.84
107.558 52.88 55.702
106.022 50.156 55.587
105.468 48.804 55.962
106.179 47.641 55.673
104.257 48.688 56.648
105.706 46.39 56.057
103.77 47.432 57.043
104.507 46.289 56.74
104.049 45.049 57.111
105.728 51.936 57.712
107.668 49.916 56.847
105.268 50.807 55.552
106.449 50.082 54.689
107.048 47.704 55.178
103.73 49.503 56.862
106.234 45.567 55.84
102.909 47.362 57.533
104.693 44.348 56.803
109.099 51.269 55.376
110.02 52.114 54.625
110.621 51.276 53.498
110.87 50.079 53.669
111.165 52.665 55.519
112.037 51.52 56.034
110.579 53.431 56.692
113.211 51.982 56.876
109.327 50.306 55.565
109.468 52.818 54.191
111.728 53.257 54.955
111.468 50.909 56.58
112.388 51.015 55.247
110.023 52.819 57.251
111.325 53.807 57.24
110.008 54.18 56.349
112.864 52.454 57.685
113.752 51.191 57.154
113.778 52.605 56.344
110.85 51.906 52.351
111.41 51.224 51.186
112.876 50.819 51.405
113.521 51.292 52.341
111.313 52.132 49.954
112.225 53.226 50.1
109.9 52.702 49.821
110.622 52.884 52.308
110.876 50.383 51.018
111.585 51.6 49.128
109.224 51.984 49.69
109.667 53.223 50.654
109.871 53.335 49.02
111.777 53.928 50.638
113.398 49.942 50.546
114.787 49.486 50.656
115.744 50.669 50.56
116.754 50.733 51.26
115.121 48.491 49.539
114.26 47.234 49.531
114.493 46.43 48.269
113.549 45.244 48.179
113.636 44.58 46.84
112.805 49.601 49.816
114.911 49.04 51.547
115.003 48.957 48.662
116.077 48.216 49.644
114.496 46.675 50.323
113.299 47.498 49.578
114.341 47.017 47.478
115.429 46.09 48.268
113.789 44.579 48.888
112.61 45.559 48.325
113.396 45.249 46.136
114.566 44.255 46.696
113.005 43.817 46.804
115.413 51.6 49.676
116.219 52.791 49.462
116.235 53.701 50.693
117.278 54.233 51.066
115.682 53.555 48.248
116.212 54.863 48.194
114.568 51.452 49.147
117.171 52.501 49.284
115.94 53.063 47.422
114.689 53.607 48.318
117.203 54.8 48.14
115.078 53.879 51.323
114.983 54.725 52.509
115.718 54.086 53.682
116.368 54.773 54.471
113.52 54.95 52.881
112.7 55.585 51.771
111.237 55.743 52.144
110.607 54.737 52.544
110.717 56.874 52.033
114.273 53.414 50.957
115.382 55.627 52.314
113.123 54.073 53.081
113.495 55.556 53.654
113.06 56.482 51.595
112.743 55.003 50.981
115.611 52.765 53.794
116.275 52.041 54.867
117.778 52.23 54.717
118.497 52.423 55.696
115.924 50.568 54.795
115.057 52.286 53.114
115.99 52.423 55.744
114.935 50.451 54.887
116.22 50.194 53.914
116.389 50.077 55.539
118.24 52.191 53.475
119.654 52.344 53.177
120.163 53.718 53.604
121.2 53.829 54.256
119.886 52.136 51.682
121.22 51.499 51.365
121.151 50.596 50.146
121.969 50.713 49.225
120.171 49.7 50.126
117.572 52.05 52.738
120.163 51.652 53.705
119.162 51.545 51.325
119.845 53.026 51.225
121.89 52.218 51.187
121.513 50.952 52.148
120.539 49.42 49.249
119.359 49.234 50.499
119.42 54.756 53.238
119.775 56.127 53.573
119.877 56.32 55.086
120.471 57.295 55.556
118.74 57.088 52.989
118.585 54.558 52.709
120.671 56.342 53.164
118.716 56.987 51.996
117.84 56.875 53.369
118.987 58.026 53.222
119.29 55.397 55.843
119.327 55.468 57.298
120.459 54.603 57.848
120.667 54.53 59.058
117.991 55.005 57.891
116.728 55.822 57.598
115.54 55.148 58.265
116.884 57.255 58.114
118.819 54.648 55.376
119.496 56.42 57.57
117.82 54.068 57.56
118.097 54.973 58.892
116.585 55.855 56.616
115.413 54.227 57.903
115.697 55.095 59.255
114.708 55.692 58.091
117.057 57.212 59.102
117.652 57.689 57.656
116.054 57.766 57.941
121.183 53.941 56.955
122.288 53.102 57.383
122.023 51.607 57.367
122.765 50.839 57.98
120.945 54.038 55.995
123.107 53.3 56.793
122.57 53.379 58.332
120.971 51.177 56.675
120.661 49.751 56.617
121.601 49.026 55.67
121.813 49.445 54.532
119.212 49.52 56.17
118.833 48.06 56.053
118.958 47.101 57.018
118.259 47.405 54.911
118.5 45.893 56.551
118.065 46.049 55.262
117.888 47.833 53.626
117.514 45.113 54.373
117.34 46.905 52.741
117.158 45.558 53.121
120.411 51.848 56.206
120.802 49.371 57.539
118.599 49.926 56.836
119.08 49.927 55.275
119.329 47.254 57.933
118.486 45.037 57.068
118.01 48.78 53.345
117.392 44.16 54.656
117.076 47.2 51.832
116.762 44.925 52.46
122.18 47.945 56.169
123.077 47.108 55.394
122.484 45.723 55.568
122.708 45.061 56.579
124.511 47.14 55.954
125.391 46.132 55.206
125.088 48.542 55.815
121.971 47.717 57.132
123.002 47.358 54.45
124.476 46.842 56.9
125.042 45.209 55.325
125.399 46.364 54.23
126.328 46.181 55.563
125.127 48.807 54.856
124.509 49.19 56.317
126.016 48.56 56.203
121.698 45.313 54.581
121.014 44.031 54.59
121.824 42.866 55.157
121.309 42.087 55.971
120.537 43.701 53.174
121.587 45.945 53.796
120.157 44.122 55.146
119.907 44.407 52.859
121.327 43.66 52.561
120.073 42.818 53.177
123.079 42.746 54.72
123.969 41.673 55.17
124.352 41.782 56.65
124.965 40.874 57.211
125.235 41.633 54.301
125.887 42.89 54.266
123.401 43.43 54.057
123.483 40.791 55.043
125.859 40.952 54.679
124.975 41.375 53.373
126.868 42.734 54.27
123.983 42.894 57.275
124.259 43.115 58.693
123.021 42.761 59.513
123.114 42.537 60.719
124.595 44.582 58.954
125.879 45.079 58.344
127.058 44.804 59.247
128.057 45.947 59.167
127.427 47.224 59.618
123.501 43.59 56.735
125.013 42.52 58.975
123.836 45.14 58.599
124.643 44.714 59.952
126.028 44.618 57.466
125.812 46.067 58.189
126.742 44.727 60.183
127.508 43.972 58.954
128.836 45.741 59.755
128.362 46.049 58.223
126.646 47.43 59.03
127.12 47.124 60.563
128.092 47.963 59.56
121.865 42.726 58.855
120.624 42.423 59.547
120.39 43.473 60.615
119.834 43.182 61.677
121.881 42.914 57.877
119.865 42.432 58.897
120.687 41.521 59.973
120.798 44.703 60.313
120.703 45.821 61.248
119.522 46.784 61.08
119.544 47.884 61.636
121.996 46.632 61.168
122.07 47.48 59.91
121.186 44.842 59.392
120.616 45.414 62.191
122.041 47.234 61.959
122.765 46.001 61.17
121.471 47.145 58.888
122.815 48.579 59.976
123.295 48.803 60.827
122.898 49.179 59.183
118.496 46.393 60.334
117.357 47.286 60.123
116.751 47.846 61.407
116.45 49.039 61.487
116.262 46.581 59.317
115.036 47.445 58.998
115.456 48.659 58.175
114.006 46.624 58.247
118.524 45.489 59.929
117.669 48.07 59.551
116.654 46.294 58.454
115.948 45.803 59.842
114.624 47.75 59.852
116.111 49.206 58.693
115.879 48.352 57.322
114.65 49.215 57.966
114.419 46.282 57.397
113.716 45.851 58.808
113.215 47.198 58.028
116.567 46.989 62.407
115.976 47.414 63.672
116.866 48.394 64.434
116.376 49.225 65.199
115.671 46.202 64.536
116.847 46.041 62.263
115.091 47.869 63.48
115.028 45.602 64.059
116.518 45.7 64.72
115.267 46.503 65.403
118.171 48.301 64.209
119.129 49.175 64.874
119.118 50.584 64.296
119.232 51.561 65.033
120.537 48.589 64.759
120.663 47.23 65.429
121.444 46.392 64.927
119.993 47.002 66.461
118.48 47.602 63.56
118.844 49.25 65.841
120.751 48.489 63.795
121.17 49.218 65.194
118.978 50.695 62.979
118.968 52.004 62.342
117.572 52.587 62.125
117.433 53.761 61.772
119.693 51.962 60.984
121.129 51.514 61.181
118.96 51.027 60.03
118.881 49.86 62.447
119.482 52.65 62.941
119.721 52.889 60.629
121.629 52.15 61.761
121.141 50.601 61.607
121.587 51.459 60.275
118.944 50.102 60.4
118.021 51.353 59.904
119.43 51.022 59.143
116.54 51.772 62.322
115.167 52.236 62.14
114.207 51.37 62.94
113.406 50.619 62.372
114.792 52.211 60.66
116.733 50.833 62.598
115.1 53.183 62.47
115.414 52.807 60.153
114.869 51.277 60.314
113.856 52.532 60.548
114.266 51.478 64.276
113.413 50.712 65.192
111.934 50.723 64.806
111.381 51.765 64.438
113.657 51.393 66.54
115.06 51.902 66.414
115.076 52.463 65.018
113.751 49.755 65.275
113.016 52.144 66.679
113.58 50.738 67.287
115.237 52.611 67.086
115.711 51.159 66.508
114.653 53.363 64.98
116.001 52.504 64.65
111.307 49.552 64.891
109.896 49.435 64.575
109.546 49.5 63.101
108.37 49.479 62.744
111.843 48.76 65.179
109.538 48.552 64.963
109.379 50.173 65.072
110.551 49.577 62.236
110.288 49.643 60.799
110.494 48.296 60.122
111.168 47.419 60.654
111.204 50.673 60.13
111.111 52.072 60.708
109.733 52.678 60.515
109.698 54.111 61.042
108.38 54.767 60.833
111.478 49.589 62.591
109.33 49.934 60.658
112.148 50.354 60.223
110.964 50.715 59.159
111.313 52.035 61.69
111.789 52.659 60.258
109.518 52.694 59.548
109.068 52.143 61.018
109.909 54.097 62.026
110.412 54.644 60.573
108.183 54.768 59.848
107.675 54.257 61.315
108.413 55.7 61.169
109.896 48.147 58.946
110.018 46.941 58.13
110.142 47.425 56.688
109.655 48.51 56.349
108.764 46.064 58.235
108.517 45.613 59.553
109.332 48.923 58.62
110.859 46.485 58.373
107.975 46.597 57.92
108.881 45.268 57.636
109.229 45.972 60.146
110.798 46.636 55.847
110.932 46.988 54.443
109.561 46.81 53.794
108.905 45.786 54.001
111.937 46.067 53.722
113.341 46.275 54.298
111.928 46.36 52.226
113.898 47.674 54.087
111.195 45.796 56.21
111.135 47.959 54.412
111.669 45.128 53.894
113.313 46.084 55.278
113.958 45.619 53.864
112.21 47.304 52.069
112.559 45.735 51.771
111.007 46.223 51.865
113.301 48.327 54.553
114.817 47.724 54.468
113.925 47.88 53.118
109.129 47.806 53.025
107.841 47.722 52.362
107.566 48.901 51.449
108.078 49.999 51.673
109.716 48.603 52.923
107.797 46.863 51.82
107.105 47.663 53.062
106.776 48.673 50.404
106.435 49.753 49.493
107.136 49.735 48.153
106.814 50.526 47.268
106.432 47.751 50.27
105.417 49.748 49.338
106.625 50.652 49.958
108.096 48.836 47.988
108.819 48.763 46.731
108.012 48.052 45.664
107.197 47.177 45.961
110.152 48.04 46.92
111.177 48.885 47.654
111.613 49.913 47.095
111.543 48.518 48.787
108.301 48.224 48.742
108.963 49.712 46.413
109.983 47.215 47.447
110.51 47.813 46.022
108.251 48.447 44.42
107.595 47.859 43.265
107.94 46.375 43.172
109.098 45.983 43.365
108.061 48.567 41.968
107.477 49.979 41.932
107.662 47.759 40.736
108.073 50.861 40.866
108.924 49.193 44.301
106.61 47.911 43.439
109.046 48.639 42.001
106.49 49.908 41.784
107.632 50.403 42.826
106.666 47.68 40.708
107.991 48.23 39.922
108.067 46.853 40.786
107.886 50.462 39.967
107.667 51.773 40.917
109.063 50.927 41.002
106.929 45.558 42.887
107.111 44.114 42.737
106.979 43.829 41.255
105.922 44.028 40.672
106.038 43.348 43.505
106.138 41.852 43.36
107.251 41.167 43.834
105.117 41.129 42.751
107.344 39.781 43.702
105.2 39.747 42.614
106.313 39.07 43.09
106.02 45.971 42.776
108.046 43.914 42.99
106.134 43.567 44.464
105.156 43.628 43.158
107.992 41.663 44.274
104.309 41.611 42.407
108.157 39.303 44.049
104.446 39.243 42.165
106.381 38.079 42.999
108.055 43.366 40.641
108.034 43.109 39.216
107.399 41.805 38.755
107.346 41.547 37.556
109.437 43.25 38.651
109.818 44.604 38.745
108.872 43.202 41.187
107.514 43.88 38.765
110.057 42.699 39.184
109.431 42.978 37.702
109.188 45.148 38.201
106.941 40.984 39.7
106.243 39.747 39.362
106.991 39.06 38.216
106.443 38.855 37.134
104.821 40.15 38.952
103.875 38.985 38.844
107.093 41.245 40.653
106.306 39.143 40.153
104.471 40.79 39.637
104.873 40.609 38.064
104.037 37.964 39.515
102.847 39.147 38.013
102.74 39.998 37.502
102.177 38.41 37.9
108.248 38.709 38.476
109.137 38.114 37.479
108.841 36.69 37.003
109.311 36.284 35.941
110.581 38.206 37.987
111.019 39.641 38.304
112.25 39.695 39.205
112.404 41.016 39.807
112.901 42.08 39.181
113.317 41.989 37.927
112.938 43.255 39.797
108.581 38.873 39.418
109.144 38.732 36.646
110.655 37.674 38.819
111.183 37.853 37.285
111.237 40.114 37.451
110.273 40.116 38.769
112.137 39.016 39.92
113.046 39.49 38.648
112.113 41.132 40.767
113.248 41.131 37.424
113.709 42.797 37.471
112.572 43.338 40.727
113.326 44.052 39.339
108.084 35.928 37.781
107.745 34.566 37.389
106.351 34.598 36.778
105.859 33.589 36.28
107.74 33.638 38.608
109.098 33.372 39.236
109.911 32.35 38.468
109.348 31.702 37.57
111.108 32.18 38.767
107.756 36.315 38.639
108.397 34.233 36.718
107.168 34.057 39.299
107.368 32.767 38.319
109.606 34.214 39.241
108.956 33.019 40.143
105.721 35.77 36.845
104.385 35.945 36.308
103.326 35.2 37.099
102.252 34.906 36.581
106.207 36.528 37.283
104.155 36.935 36.294
104.365 35.626 35.343
103.61 34.909 38.364
102.656 34.174 39.192
101.431 34.974 39.606
100.368 34.398 39.822
103.361 33.603 40.427
104.436 32.574 40.072
105.142 32.04 41.307
106.31 31.14 40.943
107.248 30.976 42.093
104.487 35.205 38.728
102.345 33.35 38.672
103.795 34.35 40.913
102.682 33.159 40.997
104.004 31.811 39.588
105.111 33.006 39.472
105.487 32.809 41.838
104.492 31.514 41.848
105.959 30.241 40.676
106.806 31.543 40.172
107.595 31.877 42.356
106.761 30.566 42.859
108.005 30.391 41.826
101.57 36.292 39.733
100.429 37.123 40.098
99.763 37.575 38.805
100.426 37.715 37.773
100.859 38.353 40.91
101.417 38.151 42.321
101.478 39.49 43.028
100.535 37.197 43.103
102.467 36.685 39.573
99.782 36.573 40.612
101.567 38.835 40.377
100.058 38.958 40.991
102.331 37.765 42.254
102.08 40.117 42.537
100.557 39.888 43.076
101.831 39.356 43.966
99.606 37.58 43.148
100.506 36.312 42.645
100.898 37.087 44.029
98.441 37.797 38.838
97.729 38.231 37.634
98.167 39.604 37.137
98.097 40.599 37.868
96.266 38.206 38.074
96.35 38.546 39.524
97.52 37.694 39.981
97.824 37.538 36.896
95.735 38.887 37.576
95.871 37.301 37.939
96.546 39.508 39.653
95.521 38.285 39.999
97.934 38.065 40.804
97.242 36.75 40.128
98.622 39.643 35.888
99.052 40.888 35.285
97.927 41.521 34.488
96.974 40.846 34.09
98.656 38.781 35.382
99.351 41.528 36.005
99.836 40.716 34.675
98.034 42.826 34.26
97.027 43.563 33.507
97.571 44.934 33.125
98.361 45.524 33.863
95.764 43.726 34.351
94.661 44.525 33.684
93.399 44.528 34.533
92.233 45.148 33.779
90.954 45.023 34.535
98.842 43.294 34.629
96.81 43.057 32.669
95.41 42.814 34.561
96.017 44.187 35.203
94.968 45.468 33.559
94.451 44.119 32.796
93.165 43.591 34.765
93.564 45.06 35.355
92.427 46.12 33.621
92.136 44.688 32.892
90.769 44.05 34.69
91.04 45.492 35.409
90.214 45.424 34.009
97.152 45.438 31.97
97.6 46.75 31.512
97.275 47.819 32.552
96.147 47.9 33.034
96.918 47.106 30.186
97.308 46.22 29.147
96.521 44.891 31.424
98.598 46.719 31.403
95.931 47.048 30.308
97.176 48.035 29.933
97.16 45.289 29.459
98.27 48.627 32.907
98.05 49.687 33.877
98.184 49.296 35.335
98.215 50.165 36.21
99.161 48.481 32.49
98.702 50.46 33.678
97.113 50.088 33.724
98.265 47.997 35.609
98.389 47.521 36.982
99.834 47.315 37.418
100.611 46.641 36.742
97.63 46.2 37.153
97.937 45.454 38.455
97.301 44.058 38.465
95.841 44.118 38.528
95.033 43.151 38.096
95.537 42.043 37.564
93.716 43.295 38.193
98.238 47.358 34.843
97.96 48.203 37.602
96.653 46.396 37.137
97.87 45.6 36.395
98.92 45.345 38.55
97.568 45.965 39.223
97.578 43.592 37.63
97.648 43.573 39.262
95.42 44.942 38.922
96.522 41.908 37.498
94.915 41.328 37.224
93.338 44.125 38.61
93.106 42.583 37.855
100.198 47.898 38.553
101.54 47.709 39.063
101.46 47.084 40.452
100.572 47.384 41.248
102.352 49.03 39.086
101.647 50.033 39.809
102.59 49.526 37.669
99.531 48.456 39.029
102.03 47.076 38.463
103.242 48.853 39.559
103.128 48.882 37.133
101.703 49.672 37.205
103.09 50.423 37.71
100.693 49.766 39.859
102.38 46.172 40.723
102.396 45.496 41.998
103.473 46.038 42.914
104.507 46.527 42.455
102.635 44.001 41.803
101.503 43.282 41.183
101.309 43.04 39.853
100.382 42.709 41.866
100.134 42.348 39.664
99.544 42.134 40.883
100.006 42.622 43.212
98.347 41.482 41.207
98.811 41.967 43.534
98 41.41 42.533
103.057 45.97 40.017
101.503 45.659 42.448
103.431 43.88 41.214
102.807 43.587 42.695
101.926 43.322 39.121
99.77 42.05 38.784
100.568 43.012 43.932
97.776 41.088 40.482
98.542 41.901 44.486
97.152 40.952 42.802
103.211 45.94 44.213
104.157 46.361 45.237
104.152 45.271 46.307
103.215 44.468 46.381
103.754 47.711 45.842
104.08 48.912 44.952
103.664 50.231 45.598
103.752 51.342 44.654
104.874 51.972 44.313
106.047 51.624 44.841
104.824 52.951 43.42
102.315 45.556 44.471
105.063 46.415 44.843
102.772 47.703 45.997
104.24 47.826 46.701
105.063 48.943 44.787
103.592 48.823 44.087
102.726 50.137 45.911
104.272 50.4 46.366
102.891 51.66 44.224
106.1 50.867 45.489
106.876 52.123 44.585
103.953 53.199 42.993
105.658 53.445 43.169
105.198 45.232 47.123
105.297 44.228 48.172
105.74 44.866 49.482
106.229 45.991 49.499
106.295 43.132 47.768
107.715 43.631 47.522
108.731 42.503 47.468
108.759 41.696 48.421
109.503 42.422 46.487
105.915 45.915 46.993
104.405 43.782 48.302
106.332 42.478 48.503
105.972 42.728 46.931
107.733 44.089 46.654
107.967 44.222 48.264
105.554 44.14 50.578
105.948 44.617 51.892
106.17 43.416 52.805
105.407 42.45 52.771
104.868 45.536 52.476
105.125 43.238 50.465
106.808 45.121 51.814
104.739 46.314 51.863
104.014 45.027 52.558
105.152 45.859 53.369
107.225 43.484 53.612
107.571 42.425 54.554
106.489 42.289 55.614
105.939 43.287 56.086
108.893 42.752 55.237
110.091 42.526 54.341
109.94 42.575 53.1
111.195 42.313 54.892
107.795 44.316 53.549
107.591 41.563 54.039
108.872 43.71 55.508
108.979 42.17 56.039
106.196 41.051 55.993
105.186 40.767 57.009
105.829 39.968 58.147
106.698 39.131 57.911
104.003 39.959 56.394
103.211 40.851 55.437
103.097 39.41 57.495
102.503 42.036 56.122
106.699 40.302 55.551
104.92 41.647 57.397
104.391 39.211 55.876
103.831 41.215 54.747
102.515 40.296 54.985
102.718 40.174 58.014
102.364 38.884 57.074
103.624 38.825 58.099
103.204 42.608 56.541
102.002 42.549 55.436
101.889 41.706 56.808
105.404 40.249 59.376
105.916 39.581 60.578
107.362 39.887 60.931
107.971 39.148 61.71
105.769 38.054 60.488
104.335 37.616 60.345
104.692 40.963 59.461
105.342 39.906 61.36
106.285 37.74 59.695
106.148 37.658 61.321
103.433 38.192 60.96
104.11 36.581 59.538
104.876 36.137 59.072
103.179 36.248 59.399
107.925 40.95 60.37
109.305 41.293 60.692
109.358 42.186 61.929
108.533 43.089 62.096
109.997 42.002 59.515
111.39 42.5 59.855
111.583 43.747 60.461
112.511 41.705 59.625
112.854 44.184 60.828
113.786 42.131 59.988
113.951 43.372 60.589
115.216 43.8 60.948
107.39 41.491 59.739
109.803 40.445 60.898
110.071 41.357 58.765
109.443 42.783 59.254
110.793 44.337 60.634
112.399 40.812 59.192
112.971 45.077 61.262
114.578 41.547 59.817
115.883 43.097 60.707
110.329 41.918 62.796
110.511 42.7 64.011
111.95 43.207 64.065
112.181 44.413 64.164
110.218 41.86 65.27
111.138 40.764 65.336
108.787 41.316 65.229
110.939 41.15 62.583
109.9 43.491 63.979
110.358 42.444 66.094
108.116 42.051 65.221
108.666 40.752 64.402
108.63 40.732 66.049
112.023 41.124 65.601
112.91 42.288 63.977
114.324 42.65 64.006
115.212 41.548 63.423
114.756 40.431 63.174
114.763 42.935 65.443
114.732 41.748 66.216
112.627 41.332 63.89
114.448 43.476 63.438
115.69 43.291 65.431
114.141 43.599 65.842
114.926 41.985 67.161
116.485 41.875 63.214
117.419 40.907 62.669
117.368 40.834 61.153
117.107 41.831 60.483
116.77 42.801 63.443
118.362 41.148 62.959
117.216 39.989 63.053
117.626 39.651 60.609
117.596 39.45 59.165
116.156 39.293 58.685
115.294 38.813 59.424
118.412 38.215 58.797
119.872 38.334 59.14
120.72 39.118 58.367
120.399 37.668 60.247
122.074 39.239 58.686
121.749 37.782 60.574
122.589 38.569 59.792
117.844 38.894 61.228
117.951 40.288 58.744
118.044 37.446 59.296
118.339 38.081 57.821
120.364 39.604 57.574
119.8 37.103 60.813
122.669 39.81 58.112
122.112 37.29 61.379
123.556 38.655 60.02
115.899 39.696 57.445
114.553 39.604 56.89
114.054 38.168 56.743
114.828 37.251 56.444
114.489 40.345 55.552
114.704 41.85 55.718
114.071 42.651 54.59
114.61 42.247 53.307
113.876 41.956 52.242
112.553 42.029 52.289
114.475 41.557 51.14
116.654 40.063 56.908
113.914 40.104 57.503
115.203 39.997 54.967
113.595 40.206 55.159
114.296 42.147 56.58
115.684 42.043 55.726
113.092 42.486 54.609
114.268 43.611 54.749
115.615 42.181 53.215
112.087 42.324 53.121
112.011 41.786 51.478
115.474 41.491 51.094
113.932 41.314 50.329
112.758 37.976 56.968
112.157 36.646 56.878
111.666 36.324 55.467
112.059 36.971 54.496
110.994 36.515 57.871
109.842 37.46 57.556
112.204 38.774 57.202
112.882 35.977 57.097
110.655 35.58 57.836
111.335 36.724 58.783
109.595 37.794 56.394
109.118 37.88 58.591
109.352 37.574 59.516
108.347 38.496 58.447
110.786 35.336 55.357
110.271 34.928 54.054
108.801 35.241 53.816
108.191 34.643 52.925
110.47 33.43 53.879
109.697 32.738 54.839
110.488 34.881 56.193
110.813 35.419 53.338
110.172 33.168 52.972
111.427 33.213 54.016
108.909 32.341 54.382
108.236 36.153 54.608
106.831 36.526 54.485
106.669 37.864 53.776
107.354 38.832 54.107
106.177 36.627 55.861
106.247 35.331 56.638
106.322 34.26 56.003
106.212 35.39 57.885
108.821 36.581 55.304
106.387 35.829 53.906
106.65 37.335 56.375
105.223 36.872 55.731
105.737 37.923 52.825
105.505 39.15 52.067
104.037 39.339 51.736
103.308 38.377 51.529
106.291 39.131 50.743
107.777 38.82 50.866
108.587 40.021 51.322
110.014 39.711 51.358
110.643 39.142 52.384
109.978 38.819 53.486
111.939 38.877 52.297
105.203 37.1 52.648
105.817 39.936 52.622
105.877 38.439 50.15
106.197 40.031 50.317
107.907 38.084 51.532
108.128 38.527 49.976
108.428 40.764 50.683
108.282 40.272 52.233
110.566 39.946 50.544
108.996 38.978 53.557
110.47 38.407 54.261
112.435 39.088 51.452
112.422 38.467 53.069
103.615 40.597 51.687
102.249 40.936 51.33
102.416 41.623 49.962
103.341 42.416 49.766
101.612 41.888 52.4
100.092 41.96 52.223
102.227 43.279 52.315
99.653 42.5 50.905
104.283 41.315 51.909
101.784 40.095 51.155
101.806 41.5 53.292
99.722 41.036 52.347
99.726 42.539 52.957
102.046 43.66 51.409
101.818 43.856 53.017
103.209 43.219 52.462
99.983 41.901 50.17
98.653 42.545 50.866
100.036 43.428 50.779
101.562 41.273 49.006
101.634 41.854 47.67
100.324 42.564 47.355
99.24 41.984 47.501
101.871 40.77 46.616
103.021 39.769 46.741
104.357 40.486 46.75
102.832 38.94 47.997
100.864 40.593 49.234
102.373 42.528 47.652
101.012 40.223 46.546
101.986 41.24 45.719
102.986 39.137 45.966
104.468 41 45.898
104.395 41.119 47.525
105.098 39.812 46.833
102.818 39.548 48.795
101.967 38.442 47.946
103.59 38.289 48.086
100.421 43.816 46.919
99.228 44.583 46.59
99.403 45.355 45.291
100.464 45.926 45.021
98.86 45.54 47.728
99.954 46.509 48.104
101.058 46.087 48.845
99.896 47.848 47.704
102.082 46.974 49.185
100.918 48.747 48.037
102.004 48.3 48.777
103.013 49.166 49.108
101.331 44.209 46.826
98.46 43.939 46.471
98.059 46.065 47.446
98.636 44.993 48.534
101.121 45.134 49.141
99.118 48.17 47.174
102.865 46.655 49.717
100.862 49.696 47.744
103.015 49.939 48.472
98.346 45.352 44.488
98.34 46.017 43.194
97.707 47.409 43.283
97.116 47.778 44.297
97.558 45.164 42.198
96.207 45.067 42.61
97.526 44.86 44.813
99.295 46.135 42.895
97.596 45.594 41.307
97.955 44.257 42.171
95.633 45.453 41.897
97.826 48.173 42.206
97.278 49.522 42.171
95.756 49.529 42.238
95.156 50.519 42.664
97.773 50.255 40.923
98.018 49.351 39.862
98.306 47.792 41.416
97.625 50.022 42.979
97.078 50.91 40.639
98.619 50.731 41.146
97.561 48.493 40.069
95.133 48.427 41.829
93.683 48.33 41.884
93.259 47.47 43.067
92.198 46.846 43.065
93.101 47.807 40.562
93.771 46.545 40.072
94.86 46.195 40.571
93.203 45.906 39.161
95.69 47.677 41.486
93.326 49.254 42.05
92.133 47.624 40.709
93.214 48.521 39.878
94.132 47.455 44.073
93.946 46.778 45.354
93.643 45.287 45.477
92.823 44.867 46.296
92.95 47.596 46.177
93.321 49.034 46.092
92.758 49.975 45.276
94.486 49.648 46.661
93.507 51.127 45.287
94.574 50.955 46.128
95.47 49.218 47.562
95.608 51.837 46.466
96.499 50.093 47.898
96.559 51.389 47.349
95.006 47.974 43.905
94.826 46.952 45.914
92.06 47.492 45.794
93.01 47.324 47.111
91.92 49.846 44.745
93.307 51.956 44.767
95.439 48.306 47.959
95.637 52.757 46.068
97.2 49.795 48.535
97.314 51.986 47.616
94.308 44.48 44.665
94.16 43.042 44.783
95.255 42.74 45.809
96.365 43.273 45.697
94.464 42.354 43.45
93.345 42.32 42.402
92.602 43.633 42.383
93.942 42.008 41.04
94.903 44.887 43.981
93.303 42.837 45.182
95.244 42.825 43.034
94.715 41.406 43.645
92.715 41.577 42.63
92.193 43.809 43.28
93.234 44.379 42.16
91.872 43.594 41.685
94.613 42.716 40.806
94.395 41.118 41.067
93.215 41.994 40.351
94.95 41.923 46.814
95.933 41.599 47.847
96.252 40.104 47.9
95.353 39.264 47.987
95.438 42.018 49.253
94.845 43.434 49.23
96.582 41.908 50.252
95.85 44.556 49.166
94.031 41.539 46.841
96.787 42.065 47.58
94.718 41.387 49.523
94.228 43.5 48.438
94.286 43.547 50.059
97.318 42.527 49.99
96.242 42.147 51.16
96.925 40.968 50.263
96.379 44.456 48.319
95.376 45.432 49.164
96.46 44.504 49.95
97.541 39.789 47.858
98.031 38.415 47.913
99.105 38.314 48.991
99.605 39.328 49.483
98.675 38.005 46.585
97.719 37.648 45.474
97.486 36.313 45.136
97.094 38.64 44.722
96.66 35.972 44.067
96.263 38.314 43.652
96.052 36.979 43.329
95.237 36.656 42.274
98.196 40.558 47.784
97.272 37.819 48.172
99.251 38.767 46.271
99.264 37.209 46.759
97.92 35.586 45.67
97.242 39.599 44.952
96.507 35.014 43.836
95.823 39.035 43.121
94.293 36.906 42.491
99.475 37.086 49.334
100.507 36.871 50.333
101.345 35.661 49.984
100.912 34.786 49.229
99.891 36.648 51.712
99.174 35.315 51.865
98.894 35.016 53.326
98.188 33.673 53.5
97.837 33.397 54.918
99.021 36.32 48.884
101.104 37.683 50.366
100.621 36.69 52.392
99.232 37.38 51.882
98.308 35.352 51.369
99.748 34.591 51.489
99.756 34.984 53.822
98.308 35.728 53.698
97.349 33.676 52.945
98.793 32.945 53.16
98.683 33.401 55.459
97.222 34.105 55.252
97.399 32.508 54.988
102.558 35.634 50.522
103.461 34.511 50.344
104.202 34.332 51.657
104.571 35.314 52.304
104.495 34.729 49.215
105.306 33.551 49.097
105.398 35.937 49.508
102.835 36.434 51.068
102.927 33.693 50.169
103.998 34.863 48.339
104.862 36.774 49.571
105.882 35.788 50.377
106.077 36.032 48.765
104.819 32.902 48.529
104.391 33.08 52.061
105.108 32.782 53.293
106.278 31.863 52.979
106.977 31.4 53.88
104.203 32.089 54.326
103.633 30.907 53.749
103.092 33.028 54.779
104.023 32.348 51.489
105.468 33.636 53.669
104.77 31.81 55.127
103.453 33.84 55.229
102.544 33.316 53.98
102.481 32.529 55.433
102.653 30.939 53.894
106.492 31.608 51.693
107.58 30.74 51.275
108.527 31.418 50.295
109.004 30.796 49.343
107.028 29.454 50.661
106.165 29.711 49.449
106.333 30.766 48.805
105.327 28.843 49.13
105.882 32.031 51.027
108.122 30.517 52.103
107.8 28.887 50.393
106.484 28.993 51.353
108.799 32.695 50.543
109.699 33.493 49.714
109.33 33.526 48.227
110.169 33.259 47.362
111.145 33.003 49.874
112.176 34.08 49.684
108.349 33.11 51.348
109.685 34.452 50.06
111.259 32.617 50.795
111.319 32.278 49.199
113.422 33.834 49.146
112.154 35.402 49.984
114.121 34.955 49.12
113.375 35.922 49.623
111.396 35.904 50.391
115.052 35.054 48.781
113.744 32.942 48.825
108.073 33.856 47.939
107.576 33.978 46.566
107.404 32.695 45.746
107.212 32.771 44.542
108.452 34.946 45.754
108.88 36.202 46.485
110.132 36.276 47.102
108.044 37.324 46.55
110.546 37.432 47.764
108.45 38.488 47.213
109.702 38.53 47.814
110.126 39.662 48.461
107.454 34.024 48.718
106.654 34.445 46.608
109.277 34.453 45.47
107.937 35.22 44.939
110.745 35.485 47.07
107.149 37.295 46.118
111.446 37.466 48.197
107.845 39.277 47.252
109.464 40.399 48.317
107.48 31.525 46.371
107.28 30.281 45.626
105.801 30.13 45.255
105.461 29.806 44.114
107.724 29.08 46.458
109.211 28.844 46.443
109.626 27.73 47.381
109.902 26.605 46.95
109.684 28.039 48.671
107.674 31.519 47.342
107.803 30.341 44.775
107.435 29.226 47.407
107.269 28.259 46.101
109.494 28.598 45.516
109.678 29.683 46.722
109.967 27.097 48.813
109.595 28.656 49.462
104.925 30.363 46.226
103.49 30.267 45.992
102.827 31.485 46.624
103.383 32.098 47.542
102.884 28.978 46.615
103.064 28.997 48.035
103.557 27.719 46.032
105.284 30.607 47.127
103.323 30.291 45.011
101.884 28.964 46.417
103.41 27.661 45.051
104.544 27.755 46.22
103.169 26.9 46.475
104.029 28.87 48.222
101.649 31.838 46.122
100.914 32.986 46.631
99.485 32.585 46.95
98.951 31.648 46.364
100.89 34.107 45.586
102.254 34.611 45.195
102.777 35.765 45.773
103.015 33.934 44.239
104.031 36.242 45.406
104.277 34.404 43.863
104.785 35.562 44.448
101.281 31.282 45.374
101.344 33.249 47.499
100.451 33.753 44.774
100.382 34.865 45.968
102.25 36.257 46.459
102.654 33.104 43.819
104.39 37.079 45.833
104.811 33.902 43.17
105.682 35.907 44.187
98.874 33.299 47.887
97.488 33.058 48.266
96.772 34.399 48.229
97.23 35.372 48.824
97.375 32.467 49.68
97.936 31.15 49.688
95.92 32.39 50.113
99.408 34.024 48.335
97.072 32.459 47.593
97.913 33.046 50.324
95.496 33.291 50.157
95.4 31.819 49.461
95.872 31.954 51.042
98.922 31.238 49.742
95.66 34.453 47.509
94.887 35.683 47.403
94.15 35.823 48.718
93.595 34.849 49.219
93.901 35.573 46.237
92.979 36.777 46.006
92.211 36.599 44.681
91.107 37.623 44.476
91.636 39.004 44.322
95.368 33.62 47.039
95.505 36.447 47.294
94.429 35.423 45.393
93.32 34.765 46.393
92.325 36.832 46.746
93.525 37.6 45.948
92.867 36.676 43.928
91.806 35.683 44.674
90.584 37.376 43.652
90.486 37.594 45.267
92.156 39.238 45.148
92.234 39.044 43.527
90.882 39.641 44.21
94.151 37.02 49.294
93.454 37.205 50.557
92.425 38.324 50.521
91.66 38.516 51.471
94.45 37.412 51.718
95.389 38.59 51.431
95.262 36.141 51.911
96.347 38.895 52.586
94.628 37.759 48.848
92.941 36.346 50.727
93.926 37.628 52.536
95.925 38.38 50.621
94.836 39.399 51.26
95.792 35.945 51.09
95.877 36.264 52.691
94.641 35.374 52.097
96.927 38.098 52.735
96.904 39.684 52.346
95.83 39.089 53.404
92.397 39.058 49.416
91.416 40.12 49.245
91.105 40.227 47.761
92.04 40.034 46.951
91.958 41.458 49.767
92.252 41.489 51.272
90.993 41.347 52.134
91.301 41.563 53.548
91.937 40.686 54.32
92.194 40.967 55.597
92.295 39.511 53.824
89.936 40.513 47.424
93.07 38.859 48.707
90.583 39.876 49.731
92.808 41.66 49.287
91.283 42.165 49.575
92.87 40.737 51.503
92.687 42.359 51.505
90.338 42.025 51.83
90.64 40.43 52.008
91.012 42.433 53.964
91.895 41.83 55.996
92.692 40.302 56.16
92.068 39.279 52.875
92.789 38.854 54.392
132.048 40.148 48.645
131.57 38.741 48.493
131.798 38.254 47.062
131.577 38.988 46.096
130.082 38.65 48.849
129.667 37.32 49.474
129.632 36.193 48.461
129.58 34.831 49.15
130.876 34.472 49.808
132.092 38.165 49.123
129.871 39.378 49.498
129.553 38.781 48.012
130.321 37.087 50.2
128.755 37.424 49.879
128.821 36.289 47.895
130.453 36.23 47.903
128.854 34.847 49.844
129.356 34.13 48.466
131.589 34.467 49.102
131.09 35.151 50.501
130.806 33.579 50.22
131.284 40.763 48.479
132.393 40.27 49.571
132.667 40.418 47.882
132.242 37.01 46.934
132.517 36.425 45.63
131.633 35.207 45.367
131.423 34.387 46.257
133.997 36.023 45.557
134.407 35.251 44.307
134.384 36.122 43.066
134.918 35.375 41.846
136.339 34.937 41.999
132.384 36.481 47.775
132.334 37.114 44.915
134.548 36.86 45.603
134.203 35.455 46.358
135.335 34.894 44.438
133.776 34.483 44.179
133.446 36.397 42.879
134.955 36.922 43.218
134.341 34.564 41.685
134.846 35.977 41.04
136.894 35.758 42.164
136.411 34.319 42.772
136.642 34.488 41.176
131.119 35.098 44.143
130.277 33.972 43.75
130.735 33.379 42.41
130.908 34.103 41.428
128.836 34.414 43.655
131.334 35.829 43.488
130.343 33.254 44.453
128.524 34.757 44.542
128.749 35.144 42.973
128.263 33.63 43.38
130.927 32.062 42.373
131.36 31.39 41.149
130.349 30.363 40.64
129.785 29.58 41.413
132.714 30.656 41.341
133.101 29.929 40.047
133.807 31.652 41.737
130.765 31.546 43.212
131.474 32.095 40.429
132.583 29.961 42.034
132.418 29.247 39.813
133.174 30.599 39.304
133.989 29.48 40.172
133.917 32.332 41.018
133.545 32.103 42.59
134.668 31.166 41.87
130.121 30.376 39.332
129.21 29.426 38.705
129.966 28.725 37.593
130.505 29.381 36.705
127.966 30.117 38.068
127.07 30.711 39.154
127.176 29.108 37.218
125.919 31.53 38.609
130.599 31.066 38.785
129.006 28.738 39.393
128.297 30.857 37.495
126.704 29.965 39.706
127.631 31.296 39.737
126.86 28.37 37.808
126.403 29.579 36.807
127.758 28.742 36.51
125.332 30.94 38.056
125.393 31.912 39.367
126.275 32.271 38.043
130.048 27.401 37.661
130.705 26.652 36.593
129.551 26.212 35.704
128.852 25.237 35.998
131.469 25.44 37.136
132.667 25.838 37.985
129.656 26.944 38.447
131.242 27.289 36.076
130.848 24.902 37.697
131.793 24.901 36.365
132.67 25.649 39.207
133.686 26.401 37.345
133.633 26.547 36.355
134.503 26.679 37.847
129.345 26.972 34.633
128.266 26.705 33.701
128.14 25.294 33.166
127.029 24.781 33.061
129.97 27.745 34.492
127.369 26.973 34.146
128.35 27.358 32.9
129.256 24.661 32.822
129.197 23.314 32.272
128.655 22.291 33.268
128.331 21.168 32.892
130.578 22.878 31.751
131.548 22.32 32.789
131.989 23.35 33.812
131.786 24.563 33.574
132.555 22.942 34.85
130.121 25.131 32.95
128.613 23.311 31.441
130.429 22.17 31.072
131.006 23.673 31.341
131.093 21.594 33.273
132.353 22.003 32.319
128.539 22.68 34.533
128.02 21.772 35.548
126.537 21.995 35.817
125.9 21.192 36.494
128.828 21.912 36.845
130.18 21.21 36.776
131.166 21.708 37.813
128.817 23.608 34.764
128.132 20.826 35.206
128.988 22.879 37.02
128.307 21.509 37.592
130.036 20.228 36.916
130.57 21.359 35.865
130.935 21.601 39.018
132.28 22.257 37.344
132.534 22.386 38.297
132.904 22.566 36.617
125.984 23.078 35.279
124.565 23.365 35.474
123.744 22.486 34.538
123.801 22.65 33.321
124.232 24.846 35.174
125.107 25.77 36.025
122.763 25.113 35.462
124.925 25.593 37.516
126.563 23.683 34.743
124.345 23.076 36.404
124.44 25.016 34.218
126.064 25.6 35.792
124.886 26.716 35.785
122.574 24.947 36.428
122.555 26.063 35.233
122.198 24.505 34.902
125.182 24.658 37.764
125.507 26.241 38.003
123.971 25.752 37.757
122.983 21.557 35.106
122.172 20.651 34.298
120.7 21.057 34.298
119.93 20.599 33.454
122.296 19.215 34.82
123.722 18.763 35.133
124.539 18.388 33.893
124.054 17.17 33.246
124.785 16.396 32.447
126.049 16.702 32.191
124.247 15.315 31.897
122.984 21.498 36.101
122.51 20.673 33.347
121.76 19.141 35.659
121.925 18.598 34.128
124.208 19.502 35.609
123.69 17.959 35.734
124.484 19.149 33.25
125.486 18.256 34.181
123.098 16.897 33.417
126.479 17.5 32.605
126.586 16.119 31.569
123.295 15.076 32.103
124.784 14.741 31.283
120.314 21.914 35.241
118.927 22.365 35.338
118.8 23.732 36.005
119.723 24.2 36.671
118.119 21.367 36.152
118.547 21.394 37.501
121.006 22.24 35.883
118.559 22.444 34.398
117.16 21.616 36.112
118.264 20.457 35.785
117.828 21.005 38.066
117.639 24.358 35.834
117.379 25.658 36.436
117.445 25.47 37.95
117.792 26.388 38.694
115.982 26.194 36.031
115.78 27.609 36.586
114.888 25.264 36.552
116.843 28.602 36.144
116.946 23.902 35.274
118.142 26.241 36.191
115.952 26.243 35.041
114.886 27.94 36.29
115.788 27.557 37.584
114.931 25.232 37.548
114.002 25.614 36.258
115.024 24.35 36.183
116.811 28.681 35.148
116.66 29.489 36.561
117.738 28.279 36.424
117.113 24.261 38.39
117.15 23.906 39.8
118.602 23.922 40.277
118.897 24.39 41.381
116.556 22.51 40.003
116.903 21.992 41.276
116.828 23.585 37.699
116.652 24.603 40.314
115.565 22.57 39.936
116.913 21.905 39.298
117.889 21.878 41.309
119.499 23.394 39.443
120.927 23.365 39.758
121.413 24.794 39.943
122.164 25.1 40.868
121.732 22.733 38.61
121.891 21.232 38.749
122.506 20.615 37.85
121.41 20.663 39.75
119.157 23.012 38.581
121.026 22.902 40.637
121.253 22.929 37.76
122.633 23.153 38.604
120.973 25.664 39.043
121.373 27.06 39.065
120.978 27.786 40.347
121.793 28.483 40.932
120.8 27.776 37.836
121.216 29.226 37.566
122.728 29.408 37.747
120.79 29.589 36.144
120.346 25.319 38.337
122.385 27.108 38.974
121.058 27.239 37.024
119.797 27.766 37.918
120.735 29.828 38.204
122.971 29.162 38.685
123.209 28.814 37.108
122.973 30.353 37.575
121.241 28.976 35.496
119.799 29.494 36.06
121.053 30.533 35.948
119.741 27.618 40.793
119.296 28.291 42.009
119.999 27.772 43.266
120.291 28.542 44.189
117.78 28.16 42.17
116.996 29.124 41.335
116.207 28.722 40.276
116.876 30.472 41.405
115.635 29.782 39.732
116.025 30.856 40.397
119.131 27.026 40.279
119.502 29.279 41.921
117.504 27.225 41.917
117.54 28.311 43.136
117.321 31.073 42.062
115.017 29.774 38.951
115.743 31.796 40.199
120.266 26.471 43.304
120.937 25.877 44.454
122.407 26.27 44.484
123 26.415 45.554
120.76 24.355 44.435
119.314 23.958 44.738
119.074 22.463 44.726
119.973 21.689 44.387
117.864 22.044 45.097
119.993 25.916 42.523
120.504 26.239 45.287
120.991 24.015 43.535
121.342 23.954 45.129
119.072 24.315 45.645
118.719 24.386 44.052
118.206 21.13 44.935
116.917 22.177 45.41
122.994 26.461 43.309
124.383 26.887 43.239
124.445 28.325 43.746
125.35 28.693 44.495
124.918 26.837 41.801
124.851 25.492 41.318
126.362 27.292 41.755
122.458 26.304 42.487
124.926 26.317 43.845
124.326 27.418 41.208
126.469 28.238 42.052
126.928 26.702 42.352
126.708 27.206 40.787
123.902 25.284 41.124
123.466 29.134 43.349
123.43 30.523 43.773
123.197 30.605 45.274
123.795 31.436 45.955
122.332 31.285 43.024
122.526 31.542 41.523
121.226 32.059 40.93
123.646 32.543 41.295
122.763 28.755 42.753
124.316 30.947 43.566
121.477 30.768 43.126
122.225 32.179 43.465
122.779 30.689 41.081
120.501 31.383 41.047
120.962 32.91 41.391
121.357 32.241 39.948
123.41 33.398 41.769
124.499 32.183 41.664
123.746 32.718 40.318
122.329 29.737 45.784
122.026 29.701 47.211
123.319 29.589 48
123.546 30.335 48.95
121.13 28.503 47.534
120.7 28.412 48.991
119.725 27.261 49.214
119.157 27.287 50.635
118.091 26.259 50.851
121.884 29.101 45.149
121.562 30.552 47.466
120.308 28.567 46.968
121.63 27.669 47.301
121.508 28.264 49.562
120.255 29.267 49.255
118.972 27.347 48.574
120.203 26.402 49.083
119.907 27.124 51.285
118.773 28.199 50.813
117.357 26.435 50.189
118.473 25.355 50.701
117.738 26.33 51.769
124.164 28.649 47.588
125.447 28.417 48.235
126.444 29.553 48.016
127.011 30.093 48.961
126.082 27.123 47.713
127.439 26.826 48.342
127.29 26.607 49.844
128.636 26.541 50.552
129.295 27.873 50.683
123.88 28.092 46.798
125.296 28.312 49.235
125.469 26.369 47.921
126.204 27.211 46.731
127.814 26.001 47.932
128.046 27.598 48.187
126.766 27.364 50.228
126.808 25.748 49.997
128.5 26.15 51.472
129.245 25.924 50.037
129.418 28.247 49.758
128.714 28.477 51.216
130.173 27.771 51.123
126.662 29.889 46.75
127.611 30.923 46.373
127.311 32.321 46.908
128.231 33.117 47.094
127.723 30.969 44.85
128.314 29.709 44.242
129.748 29.471 44.678
130.576 30.404 44.552
130.05 28.35 45.135
126.138 29.393 46.047
128.553 30.646 46.679
126.816 31.079 44.486
128.313 31.719 44.615
127.781 28.941 44.543
128.314 29.806 43.265
126.038 32.623 47.157
125.658 33.946 47.652
125.261 33.951 49.13
124.874 34.991 49.675
124.5 34.508 46.816
124.719 34.702 45.311
123.474 35.328 44.688
125.925 35.592 45.078
125.352 31.918 46.995
126.45 34.571 47.535
123.718 33.886 46.923
124.256 35.403 47.198
124.889 33.816 44.891
122.689 34.727 44.825
123.296 36.213 45.12
123.624 35.461 43.707
125.766 36.479 45.522
126.739 35.167 45.47
126.056 35.728 44.094
125.35 32.792 49.775
124.995 32.681 51.181
123.55 33.125 51.381
123.235 33.895 52.29
125.931 33.531 52.022
125.67 31.998 49.259
125.077 31.723 51.464
126.873 33.219 51.898
125.86 34.489 51.739
125.677 33.45 52.989
122.668 32.628 50.524
121.262 32.984 50.611
120.6 32.319 51.812
121.059 31.286 52.294
120.541 32.586 49.319
121.137 33.222 48.059
120.29 32.873 46.842
121.214 34.74 48.243
123.002 32.005 49.821
121.187 33.983 50.722
120.611 31.608 49.219
119.605 32.883 49.388
122.064 32.876 47.929
120.266 31.881 46.724
119.359 33.215 46.974
120.688 33.297 46.026
120.29 35.09 48.408
121.797 34.949 49.024
121.588 35.158 47.423
119.511 32.914 52.315
118.801 32.349 53.466
118.349 30.919 53.182
118.125 30.552 52.028
117.619 33.3 53.643
117.367 33.781 52.237
118.767 34.049 51.745
119.375 32.384 54.292
116.824 32.819 53.998
117.857 34.06 54.238
116.929 33.073 51.702
116.826 34.609 52.247
118.812 34.036 50.752
119.117 34.912 52.096
118.215 30.12 54.236
117.785 28.739 54.089
116.408 28.645 53.443
116.086 27.65 52.798
117.76 28.041 55.454
117.782 28.981 56.668
116.538 29.861 56.802
115.414 29.312 56.839
116.689 31.101 56.888
118.422 30.504 55.136
118.454 28.232 53.525
116.928 27.513 55.508
118.56 27.466 55.514
117.841 28.427 57.481
118.559 29.581 56.577
115.598 29.685 53.615
114.258 29.693 53.052
114.212 30.122 51.574
113.14 30.129 50.965
113.347 30.605 53.891
113.764 32.067 53.922
114.22 32.657 55.101
113.703 32.862 52.77
114.61 34.006 55.139
114.087 34.211 52.794
114.543 34.775 53.984
114.954 36.091 54.014
115.942 30.459 54.144
113.879 28.751 53.108
112.423 30.553 53.514
113.346 30.264 54.83
114.273 32.115 55.94
113.382 32.463 51.916
114.934 34.405 55.995
114.033 34.76 51.965
115.174 36.391 53.086
115.368 30.461 51.001
115.446 30.91 49.603
114.395 30.249 48.706
114.349 29.023 48.578
116.853 30.665 49.041
117.037 31.127 47.609
116.626 32.401 47.208
117.603 30.284 46.647
116.765 32.828 45.887
117.75 30.7 45.325
117.327 31.976 44.952
117.473 32.403 43.649
116.197 30.4 51.562
115.287 31.91 49.586
117.506 31.155 49.613
117.036 29.686 49.077
116.222 33.023 47.882
117.906 29.373 46.912
116.461 33.742 45.622
118.155 30.09 44.648
116.583 32.679 43.288
113.556 31.082 48.091
112.484 30.596 47.234
112.872 29.92 45.931
112.03 29.301 45.285
113.691 32.064 48.241
111.892 29.944 47.782
111.847 31.387 47.021
114.133 30.042 45.533
114.611 29.422 44.297
113.757 29.791 43.087
113.303 28.924 42.335
114.664 27.899 44.459
115.771 27.435 45.401
115.727 25.943 45.674
114.725 25.471 46.24
116.693 25.24 45.325
114.753 30.576 46.109
115.57 29.703 44.128
113.81 27.609 44.84
114.841 27.51 43.578
116.636 27.636 44.979
115.658 27.899 46.26
113.544 31.089 42.915
112.767 31.614 41.801
113.282 33.015 41.5
114.09 33.56 42.256
111.276 31.643 42.151
110.967 32.546 43.326
113.946 31.714 43.596
112.969 31.051 41.006
110.774 31.971 41.355
110.99 30.715 42.377
110.969 33.772 43.199
110.704 31.944 44.485
110.725 30.945 44.541
110.488 32.487 45.294
112.816 33.598 40.404
113.273 34.921 40.01
112.934 36.018 41.014
113.742 36.917 41.228
112.721 35.276 38.628
113.045 34.255 37.531
112.525 34.761 36.194
114.542 34.017 37.462
112.144 33.1 39.86
114.286 34.893 39.902
111.736 35.333 38.697
113.113 36.14 38.354
112.605 33.391 37.754
111.535 34.883 36.236
112.958 35.639 35.977
112.749 34.094 35.475
114.999 34.892 37.269
114.867 33.659 38.334
114.745 33.365 36.732
111.751 35.945 41.629
111.332 36.947 42.611
112.158 36.861 43.898
112.503 37.89 44.49
109.838 36.8 42.941
108.928 37.219 41.781
109.129 38.32 41.222
107.998 36.453 41.437
111.156 35.177 41.394
111.512 37.853 42.207
109.661 35.847 43.15
109.637 37.376 43.722
112.475 35.635 44.321
113.276 35.412 45.528
114.721 35.84 45.291
115.401 36.298 46.205
113.232 33.934 45.931
112.142 34.861 43.779
112.895 35.965 46.274
112.283 33.674 46.106
113.601 33.38 45.188
113.772 33.796 46.751
115.191 35.677 44.06
116.554 36.059 43.714
116.698 37.579 43.77
117.668 38.103 44.321
116.907 35.557 42.316
118.297 35.959 41.827
119.357 35.57 42.875
118.571 35.272 40.495
114.578 35.282 43.377
117.182 35.658 44.384
116.871 34.567 42.328
116.248 35.931 41.68
118.326 36.944 41.688
119.159 36.043 43.73
119.326 34.583 43.018
120.257 35.831 42.551
118.524 34.279 40.621
117.886 35.556 39.826
119.483 35.525 40.17
115.729 38.281 43.187
115.728 39.738 43.196
115.691 40.23 44.641
116.419 41.153 45.019
114.51 40.265 42.429
114.189 41.717 42.679
113.282 42.209 43.572
114.795 42.858 42.049
113.285 43.586 43.539
114.205 44.01 42.615
115.783 43.017 41.06
114.567 45.313 42.229
116.147 44.317 40.671
115.537 45.445 41.259
114.995 37.769 42.738
116.588 40.049 42.794
114.676 40.167 41.452
113.708 39.738 42.695
112.699 41.656 44.164
112.709 44.181 44.098
116.222 42.232 40.639
114.125 46.105 42.654
116.84 44.434 39.975
115.821 46.353 40.959
114.849 39.595 45.447
114.707 39.97 46.843
116.007 39.731 47.604
116.352 40.496 48.509
113.571 39.178 47.494
113.31 39.604 48.929
112.965 40.787 49.153
113.444 38.757 49.836
114.312 38.845 45.057
114.528 40.96 46.873
112.747 39.329 46.962
113.821 38.218 47.487
116.727 38.674 47.238
117.99 38.359 47.899
119.085 39.326 47.469
119.898 39.759 48.281
118.412 36.929 47.582
116.376 38.105 46.499
117.863 38.439 48.895
117.705 36.298 47.901
118.528 36.827 46.594
119.274 36.725 48.042
119.1 39.669 46.187
120.113 40.572 45.658
119.92 42.023 46.083
120.831 42.83 45.956
120.13 40.507 44.13
120.466 39.177 43.441
120.494 39.399 41.925
121.807 38.642 43.924
118.392 39.286 45.595
121.024 40.263 45.99
119.217 40.785 43.802
120.8 41.185 43.802
119.767 38.511 43.662
119.602 39.709 41.61
121.185 40.09 41.706
120.728 38.541 41.468
122.511 39.332 43.722
121.769 38.482 44.905
122.021 37.795 43.449
118.742 42.354 46.589
118.453 43.727 46.97
118.104 43.932 48.436
117.889 45.06 48.865
117.289 44.281 46.134
116.129 43.459 46.335
117.653 44.296 44.66
118.061 41.633 46.7
119.278 44.298 46.758
117.069 45.222 46.456
118.431 44.89 44.472
117.881 43.359 44.354
116.843 44.629 44.12
116.293 42.589 45.891
118.036 42.85 49.201
117.704 42.982 50.604
118.263 41.856 51.442
117.656 41.459 52.433
118.216 41.969 48.786
118.06 43.868 50.952
116.693 43.009 50.71
119.415 41.326 51.045
120.033 40.244 51.8
121.519 40.075 51.523
122.33 40.146 52.444
119.315 38.92 51.529
119.972 37.753 52.202
121.126 37.122 51.82
119.543 37.108 53.409
121.44 36.126 52.716
120.487 36.096 53.701
118.453 37.288 54.273
120.373 35.266 54.822
118.339 36.46 55.391
119.295 35.462 55.652
119.838 41.689 50.221
119.93 40.462 52.789
118.39 38.979 51.875
119.323 38.743 50.555
121.662 37.35 51.01
122.233 35.522 52.659
117.77 37.99 54.101
121.061 34.558 54.999
117.57 36.582 56.006
119.179 34.888 56.462
121.869 39.856 50.259
123.258 39.647 49.87
124.193 40.77 50.314
123.778 41.919 50.486
123.392 39.463 48.323
123.127 40.776 47.601
124.775 38.96 47.977
121.136 39.839 49.574
123.581 38.786 50.306
122.687 38.822 48.043
122.202 41.096 47.788
123.786 41.467 47.912
123.237 40.638 46.609
125.468 39.617 48.269
124.939 38.082 48.436
124.841 38.829 46.977
125.462 40.415 50.502
126.496 41.359 50.911
127.107 42.024 49.687
127.149 41.432 48.614
127.604 40.628 51.68
128.886 41.436 51.841
130.043 40.627 52.416
131.145 41.202 52.572
129.86 39.424 52.709
125.691 39.443 50.348
126.098 42.059 51.51
127.261 40.43 52.581
127.827 39.812 51.179
129.163 41.756 50.952
128.709 42.178 52.462
127.58 43.252 49.857
128.221 43.989 48.774
129.599 44.463 49.244
129.856 44.554 50.442
127.407 45.22 48.378
125.95 44.983 48.065
125.552 44.098 47.061
124.965 45.703 48.734
124.204 43.944 46.731
123.627 45.563 48.414
123.25 44.688 47.415
121.913 44.591 47.11
127.481 43.664 50.767
128.354 43.37 48.002
127.46 45.885 49.133
127.837 45.63 47.564
126.239 43.566 46.569
125.233 46.335 49.463
123.931 43.308 46.015
122.934 46.094 48.904
121.734 43.711 46.67
130.509 44.746 48.302
130.242 44.615 46.867
130.187 43.137 46.517
130.74 42.304 47.238
131.425 45.337 46.228
132.526 45.097 47.207
131.842 45.326 48.539
129.394 45.076 46.618
131.644 44.942 45.339
131.237 46.31 46.131
132.864 44.165 47.14
133.266 45.747 47.075
132.31 44.846 49.272
131.773 46.296 48.748
129.507 42.809 45.427
129.381 41.42 45.013
129.957 41.206 43.623
129.814 42.049 42.738
127.907 40.997 45.039
127.525 39.68 44.345
128.278 38.509 44.954
126.027 39.466 44.465
129.085 43.545 44.901
129.893 40.843 45.662
127.63 40.914 45.999
127.373 41.725 44.605
127.749 39.753 43.373
129.263 38.658 44.851
128.054 38.435 45.926
128.017 37.663 44.485
125.777 39.43 45.436
125.543 40.222 44.026
125.775 38.603 44.022
130.616 40.071 43.441
131.203 39.736 42.155
130.72 38.366 41.722
130.982 37.366 42.39
132.739 39.716 42.219
133.31 39.222 40.89
133.257 41.105 42.538
130.696 39.45 44.222
130.886 40.406 41.48
133.007 39.056 42.91
133.008 38.295 40.699
133.004 39.831 40.152
134.317 39.24 40.934
132.991 41.751 41.827
132.881 41.408 43.418
134.265 41.078 42.602
130.007 38.328 40.603
129.497 37.075 40.069
130.35 36.676 38.868
130.417 37.41 37.878
128.044 37.246 39.615
127.164 36.001 39.414
126.164 36.294 38.304
127.995 34.787 39.049
129.831 39.196 40.136
129.584 36.367 40.766
127.577 37.827 40.297
128.054 37.742 38.737
126.681 35.81 40.256
125.577 37.059 38.554
126.659 36.518 37.459
125.594 35.476 38.145
128.504 35 38.205
128.638 34.585 39.781
127.398 34.005 38.894
131.02 35.53 38.963
131.83 35.04 37.855
131.084 33.86 37.246
131.014 32.789 37.843
133.206 34.582 38.331
134.109 34.156 37.174
135.426 33.568 37.628
136.209 33.137 36.753
135.681 33.536 38.852
130.949 35.02 39.816
131.942 35.752 37.175
133.638 35.335 38.778
133.084 33.805 38.91
133.634 33.467 36.656
134.307 34.954 36.632
130.522 34.057 36.061
129.754 33.001 35.411
130.53 32.365 34.261
130.536 32.886 33.149
128.433 33.571 34.885
127.361 32.547 34.623
127.529 31.286 34.114
125.948 32.728 34.78
126.31 30.677 33.942
125.322 31.538 34.343
125.148 33.781 35.245
123.936 31.372 34.357
123.766 33.615 35.258
123.176 32.418 34.816
130.64 34.948 35.629
129.582 32.28 36.095
128.068 34.212 35.556
128.605 34.042 34.023
128.411 30.87 33.899
126.165 29.756 33.583
125.553 34.633 35.562
123.526 30.513 34.039
123.192 34.357 35.585
122.18 32.338 34.841
131.172 31.232 34.535
131.941 30.524 33.519
131.048 29.628 32.663
130.013 29.138 33.126
133.015 29.674 34.186
133.945 30.465 35.075
134.77 29.536 35.933
135.74 30.264 36.74
136.49 29.706 37.684
136.377 28.407 37.938
137.353 30.445 38.372
131.109 30.88 35.47
132.387 31.2 32.917
132.565 28.982 34.742
133.558 29.241 33.473
134.563 31.006 34.515
133.414 31.054 35.674
134.153 29.034 36.534
135.252 28.902 35.333
135.849 31.25 36.573
135.753 27.831 37.42
136.936 27.995 38.67
137.447 31.421 38.159
137.904 30.034 39.093
131.452 29.421 31.413
130.694 28.571 30.504
129.211 28.923 30.549
128.36 28.046 30.711
130.882 27.102 30.894
132.33 26.653 30.947
133.017 26.766 29.605
134.075 27.388 29.487
132.42 26.168 28.579
132.294 29.869 31.118
131.022 28.744 29.569
130.476 26.957 31.799
130.401 26.529 30.225
132.819 27.224 31.606
132.36 25.699 31.243
133.178 26.5 28.032
131.689 25.629 28.143
128.91 30.212 30.421
127.531 30.69 30.448
126.7 30.057 29.336
125.561 29.65 29.565
127.5 32.216 30.311
126.121 32.791 30.236
125.298 32.806 31.355
125.636 33.304 29.038
124.006 33.323 31.288
124.346 33.823 28.957
123.529 33.831 30.088
129.672 30.854 30.304
127.13 30.383 31.32
127.952 32.597 31.104
127.98 32.452 29.478
125.631 32.444 32.222
126.218 33.302 28.226
123.429 33.323 32.11
124.007 34.19 28.08
122.604 34.202 30.034
127.265 29.983 28.134
126.555 29.393 27.002
126.113 27.968 27.312
124.945 27.626 27.143
127.436 29.38 25.748
127.868 30.752 25.248
126.703 31.714 25.08
125.621 31.272 24.629
126.877 32.916 25.389
128.189 30.344 28.03
125.748 29.954 26.78
128.255 28.87 25.963
126.921 28.948 25.025
128.481 31.142 25.909
128.29 30.642 24.367
127.045 27.137 27.769
126.723 25.751 28.094
125.617 25.605 29.132
124.826 24.665 29.067
127.972 25.01 28.568
128.915 24.629 27.44
130.028 23.71 27.9
127.97 27.491 27.882
126.406 25.298 27.24
128.471 25.596 29.207
127.691 24.171 29.036
128.391 24.163 26.727
129.322 25.462 27.066
130.904 24.11 28.668
129.996 22.464 27.436
130.819 22.318 27.971
129.614 21.709 26.892
125.556 26.525 30.09
124.515 26.462 31.112
123.201 26.952 30.515
122.121 26.567 30.958
124.886 27.324 32.324
124.877 28.704 32.006
126.235 27.249 30.088
124.396 25.506 31.378
124.225 27.153 33.052
125.8 27.067 32.63
125.193 28.812 31.07
123.307 27.8 29.499
122.137 28.35 28.828
121.365 27.224 28.148
120.162 27.332 27.916
122.569 29.384 27.785
121.432 30.211 27.204
121.934 31.13 26.099
120.821 32.015 25.549
120.358 33.033 26.535
124.233 28.054 29.205
121.542 28.782 29.508
123.222 30.007 28.216
123.02 28.899 27.035
120.742 29.597 26.824
121.028 30.767 27.928
122.65 31.715 26.467
122.292 30.575 25.355
121.158 32.484 24.725
120.043 31.433 25.288
120.03 32.549 27.351
121.118 33.626 26.778
119.623 33.568 26.144
122.065 26.139 27.842
121.452 24.995 27.184
120.555 24.193 28.117
119.334 24.172 27.965
122.532 24.068 26.626
123.516 24.736 25.684
124.479 23.743 25.061
124.57 23.633 23.837
125.206 23.015 25.903
123.039 26.134 28.081
120.875 25.343 26.427
123.05 23.68 27.395
122.084 23.317 26.129
123.007 25.186 24.953
124.043 25.413 26.195
125.603 22.603 25.093
125.507 22.715 26.815
121.175 23.537 29.089
120.465 22.69 30.036
119.503 23.397 30.995
119.128 22.832 32.027
121.486 21.871 30.83
122.528 21.152 29.964
123.451 20.322 30.84
121.825 20.266 28.945
122.175 23.646 29.151
119.923 21.996 29.504
121.974 22.487 31.429
120.997 21.181 31.339
123.061 21.834 29.469
123.926 20.915 31.489
122.914 19.643 31.344
124.125 19.851 30.262
121.258 19.598 29.434
121.246 20.826 28.357
122.504 19.788 28.392
119.098 24.62 30.663
118.171 25.362 31.517
117.183 26.157 30.679
116.29 26.816 31.218
118.905 26.361 32.436
119.527 27.376 31.637
119.96 25.65 33.273
119.445 25.014 29.817
117.657 24.702 32.076
118.221 26.809 33.045
119.555 24.966 33.874
120.626 25.195 32.665
120.455 26.342 33.842
120.429 27.054 31.383
117.351 26.084 29.361
116.505 26.81 28.418
116.867 28.284 28.511
118.043 28.65 28.509
115.02 26.625 28.752
114.463 25.234 28.481
115.161 24.146 29.275
116.327 23.827 28.955
114.543 23.613 30.224
118.1 25.497 29.027
116.669 26.481 27.494
114.906 26.809 29.716
114.507 27.264 28.2
113.513 25.228 28.738
114.588 25.032 27.526
115.847 29.128 28.594
116.05 30.563 28.711
116.216 30.913 30.194
116.337 32.085 30.56
114.846 31.304 28.117
114.704 31.088 26.614
114.922 28.739 28.573
116.914 30.783 28.265
114.02 30.972 28.562
114.961 32.278 28.286
113.669 31.41 26.025
115.751 30.552 25.985
116.569 30.311 26.51
115.718 30.393 25.003
116.228 29.882 31.037
116.371 30.078 32.468
117.614 30.857 32.844
117.549 31.822 33.6
116.134 28.966 30.646
115.551 30.565 32.824
116.392 29.171 32.931
118.757 30.436 32.319
120.008 31.116 32.609
119.869 32.598 32.259
120.277 33.467 33.02
121.144 30.481 31.811
118.729 29.638 31.72
120.205 31.038 33.587
121.227 29.517 32.061
120.945 30.556 30.834
121.999 30.953 32.015
119.265 32.875 31.111
119.076 34.247 30.657
118.168 35.037 31.596
118.41 36.213 31.857
118.495 34.249 29.239
118.515 35.603 28.554
119.921 36.153 28.412
120.84 35.369 28.096
120.106 37.369 28.605
118.94 32.103 30.56
119.973 34.71 30.592
119.036 33.629 28.695
117.556 33.958 29.301
118.145 35.499 27.652
118.003 36.236 29.101
117.122 34.396 32.103
116.209 35.073 33.013
116.906 35.361 34.348
116.675 36.403 34.97
114.947 34.226 33.238
115.261 32.982 33.842
116.983 33.446 31.843
115.954 35.954 32.607
114.328 34.73 33.833
114.515 34.059 32.356
116.196 32.746 33.603
117.761 34.445 34.789
118.48 34.657 36.039
119.472 35.793 35.866
119.599 36.656 36.738
119.227 33.388 36.484
120.239 33.718 37.575
118.226 32.374 37.008
117.892 33.625 34.248
117.817 34.926 36.74
119.743 33.049 35.703
120.919 34.363 37.239
119.761 34.12 38.362
120.7 32.87 37.868
117.741 32.733 37.8
117.564 32.155 36.285
118.716 31.53 37.273
120.17 35.793 34.735
121.148 36.834 34.45
120.486 38.202 34.431
121.055 39.185 34.904
121.819 36.585 33.1
122.665 37.753 32.581
123.812 38.044 33.553
123.194 37.412 31.192
120.001 35.053 34.085
121.845 36.827 35.175
122.42 35.804 33.195
121.111 36.413 32.432
122.089 38.562 32.501
123.436 38.284 34.446
124.386 37.231 33.638
124.358 38.802 33.206
123.75 36.58 31.251
122.428 37.258 30.572
123.754 38.165 30.853
119.277 38.259 33.883
118.544 39.511 33.802
118.194 40.068 35.182
118.105 41.284 35.349
117.275 39.328 32.958
116.529 40.63 32.651
115.652 41.108 33.802
115.483 40.41 34.807
115.098 42.307 33.663
118.889 37.409 33.527
119.134 40.191 33.34
117.527 38.905 32.086
116.646 38.722 33.45
117.202 41.342 32.448
115.95 40.482 31.849
114.701 42.148 34.557
114.905 43.166 33.176
117.985 39.2 36.172
117.669 39.699 37.509
118.918 40.365 38.105
118.82 41.381 38.796
117.167 38.574 38.455
116.855 39.15 39.82
115.904 37.926 37.885
118.048 38.237 35.978
116.961 40.398 37.425
117.912 37.929 38.567
117.667 39.546 40.239
116.15 39.865 39.732
116.499 38.41 40.42
115.184 38.609 37.8
116.11 37.541 36.985
115.6 37.197 38.495
120.088 39.793 37.822
121.359 40.341 38.299
121.607 41.705 37.656
122.007 42.655 38.322
122.513 39.398 37.944
122.738 38.31 38.956
123.531 38.542 40.076
122.141 37.058 38.802
123.726 37.545 41.03
122.329 36.062 39.747
123.123 36.304 40.863
120.07 38.96 37.262
121.259 40.499 39.282
122.299 38.972 37.078
123.338 39.939 37.887
123.965 39.428 40.203
121.571 36.882 38
124.302 37.73 41.831
121.888 35.159 39.621
123.261 35.588 41.546
121.37 41.793 36.352
121.556 43.053 35.646
120.534 44.068 36.136
120.833 45.251 36.248
121.418 42.846 34.133
122.538 42.001 33.541
123.121 42.674 32.316
122.336 42.428 31.117
122.213 43.289 30.116
122.818 44.468 30.17
121.496 42.961 29.052
121.063 40.974 35.876
122.475 43.403 35.84
120.558 42.385 33.96
121.437 43.734 33.695
123.26 41.892 34.214
122.176 41.117 33.27
123.159 43.658 32.491
124.049 42.324 32.182
121.853 41.546 31.041
123.388 44.72 30.947
122.701 45.122 29.412
121.065 42.057 28.998
121.383 43.611 28.301
119.327 43.596 36.434
118.262 44.463 36.925
118.622 44.971 38.32
118.33 46.114 38.669
116.952 43.702 36.966
119.172 42.613 36.308
118.174 45.25 36.312
116.716 43.384 36.047
117.04 42.911 37.575
116.225 44.307 37.308
119.256 44.116 39.117
119.663 44.51 40.462
120.748 45.574 40.332
120.737 46.574 41.042
120.187 43.306 41.234
119.443 43.203 38.768
118.882 44.906 40.935
119.467 42.614 41.296
120.977 42.922 40.756
120.457 43.59 42.152
121.681 45.361 39.411
122.744 46.329 39.196
122.133 47.678 38.821
122.53 48.715 39.346
123.69 45.861 38.082
124.587 46.976 37.548
126.055 46.798 37.911
126.788 45.985 36.855
126.193 44.628 36.706
121.628 44.522 38.878
123.266 46.439 40.043
124.27 45.142 38.447
123.139 45.516 37.331
124.503 47.006 36.544
124.266 47.856 37.918
126.481 47.693 37.975
126.116 46.319 38.779
126.734 46.466 35.979
127.749 45.895 37.122
126.249 44.152 37.585
125.238 44.714 36.431
126.697 44.116 36.016
121.163 47.658 37.914
120.504 48.886 37.477
119.806 49.59 38.637
119.674 50.812 38.644
119.494 48.574 36.376
120.897 46.771 37.537
121.2 49.509 37.096
119.967 48.159 35.6
118.807 47.938 36.727
119.049 49.417 36.083
119.363 48.809 39.614
118.668 49.341 40.782
119.651 50.045 41.716
119.249 50.788 42.608
117.973 48.197 41.531
116.956 48.612 42.594
115.707 49.24 42.003
115.382 48.936 40.831
115.043 50.025 42.715
119.524 47.82 39.523
117.961 49.993 40.489
117.492 47.648 40.86
118.675 47.665 41.985
116.682 47.806 43.085
117.378 49.28 43.178
120.942 49.799 41.509
121.953 50.42 42.343
122.821 49.446 43.126
123.823 49.848 43.72
121.185 49.18 40.769
122.558 51.006 41.759
121.5 51.061 43.001
122.449 48.169 43.143
123.239 47.177 43.867
124.645 47.101 43.271
124.807 47.09 42.051
122.561 45.818 43.798
121.624 47.915 42.652
123.314 47.458 44.826
121.651 45.876 44.209
122.475 45.535 42.842
123.11 45.145 44.297
125.661 47.061 44.132
127.047 46.994 43.667
127.407 45.56 43.292
128.012 44.824 44.08
127.994 47.514 44.751
129.436 47.598 44.282
130.249 48.237 44.98
129.77 47.026 43.225
125.446 47.079 45.106
127.105 47.542 42.828
127.691 48.423 45.014
127.946 46.894 45.525
127.026 45.179 42.075
127.266 43.842 41.552
128.075 43.905 40.268
127.741 44.66 39.353
125.935 43.127 41.223
125.085 42.997 42.484
126.21 41.753 40.597
123.668 42.514 42.21
126.55 45.87 41.511
127.838 43.372 42.231
125.442 43.69 40.572
125.528 42.355 43.103
125.035 43.89 42.925
126.712 41.194 41.252
125.339 41.326 40.374
126.747 41.864 39.773
123.71 41.603 41.805
123.16 42.481 43.068
123.219 43.138 41.58
129.134 43.107 40.204
129.981 43.038 39.025
129.76 41.665 38.4
129.985 40.642 39.047
131.473 43.195 39.385
131.689 44.487 39.972
132.344 43.059 38.137
129.333 42.543 41.013
129.688 43.729 38.376
131.72 42.487 40.075
132.251 42.16 37.721
132.078 43.761 37.462
133.321 43.206 38.396
130.901 44.701 40.533
129.314 41.648 37.146
129.048 40.393 36.45
130.105 40.06 35.405
130.344 40.839 34.487
127.664 40.439 35.77
126.588 40.701 36.824
127.382 39.123 35.047
125.251 41.073 36.261
129.166 42.528 36.695
129.096 39.666 37.151
127.663 41.196 35.132
126.493 39.876 37.385
126.911 41.443 37.417
127.377 38.379 35.712
126.495 39.188 34.597
128.089 38.958 34.368
124.906 40.317 35.7
124.606 41.254 37.004
125.345 41.897 35.691
130.737 38.899 35.555
131.758 38.434 34.619
131.174 37.247 33.854
130.941 36.194 34.442
133.013 37.892 35.338
133.458 38.829 36.471
134.122 37.665 34.311
134.114 40.096 36.016
130.484 38.339 36.352
131.885 39.162 33.957
132.778 37.012 35.742
132.649 39.052 37.023
134.097 38.319 37.055
134.365 38.53 33.882
134.916 37.278 34.777
133.803 37.026 33.614
133.461 40.621 35.463
134.39 40.641 36.807
134.921 39.875 35.461
130.937 37.41 32.556
130.396 36.327 31.735
131.534 35.748 30.91
131.857 36.259 29.841
129.298 36.859 30.817
128.107 37.49 31.544
127.223 38.207 30.538
127.323 36.417 32.292
131.141 38.303 32.155
130.044 35.617 32.336
129.694 37.557 30.237
128.952 36.103 30.281
128.446 38.142 32.215
127.737 38.931 30.081
126.895 37.552 29.853
126.433 38.61 31.016
127.006 35.733 31.629
127.914 35.981 32.965
126.54 36.83 32.747
132.135 34.676 31.412
133.274 34.056 30.744
133.055 32.608 30.328
133.829 31.75 30.794
134.499 34.135 31.66
134.244 33.487 32.9
132.134 32.341 29.537
131.779 34.304 32.271
133.47 34.595 29.899
135.264 33.686 31.213
134.709 35.091 31.833
133.262 33.39 33.003
