0 2.406729707968e+01
1 5.737166247204e+00
2 8.498010887529e-01
3 1.644483863882e+01
4 3.684178911681e+00
5 2.313176269193e+00
6 1.240309526819e+01
7 7.681854019558e+00
8 1.389928946546e+01
9 0.000000000000e+00
10 0.000000000000e+00
11 0.000000000000e+00
12 6.930285933410e+00
13 0.000000000000e+00
14 1.791268882756e+00
15 1.266330698123e+01
16 0.000000000000e+00
17 9.517629915173e-01
18 6.741287384140e+00
19 1.692595183111e+01
20 2.493323237202e+01
21 0.000000000000e+00
22 8.841116368276e+00
23 4.030599862587e+00
24 1.343473693736e+01
25 1.161481379497e+01
26 7.371889543525e+00
27 0.000000000000e+00
28 0.000000000000e+00
29 5.827382171650e+00
30 0.000000000000e+00
31 0.000000000000e+00
32 1.712974364898e+01
33 0.000000000000e+00
34 1.399414713239e+00
35 7.438654409273e-01
36 0.000000000000e+00
37 0.000000000000e+00
38 1.020060945447e+01
39 8.351922584740e-01
40 0.000000000000e+00
41 1.194714498464e+01
42 3.232498429631e+00
43 6.578410999940e+00
44 6.932031121711e+00
45 0.000000000000e+00
46 0.000000000000e+00
47 0.000000000000e+00
48 0.000000000000e+00
49 0.000000000000e+00
50 7.758522340792e-01
51 0.000000000000e+00
52 2.419327715599e+00
53 0.000000000000e+00
54 6.662669823540e+00
55 0.000000000000e+00
56 1.174225079345e+01
57 1.533920953686e+00
58 7.363760629409e+00
59 0.000000000000e+00
60 0.000000000000e+00
61 7.252288552670e+00
62 1.380258400755e+01
63 3.964011088870e+00
64 0.000000000000e+00
65 0.000000000000e+00
66 0.000000000000e+00
67 0.000000000000e+00
68 0.000000000000e+00
69 0.000000000000e+00
70 7.119439260745e+00
71 1.696487285790e+01
72 0.000000000000e+00
73 0.000000000000e+00
74 0.000000000000e+00
75 0.000000000000e+00
76 0.000000000000e+00
77 0.000000000000e+00
78 0.000000000000e+00
79 0.000000000000e+00
80 0.000000000000e+00
81 0.000000000000e+00
82 4.849925798997e-01
83 1.185799098192e+01
84 3.780415659996e+00
85 0.000000000000e+00
86 0.000000000000e+00
87 1.001588507868e+01
88 1.002256468881e+01
89 7.508492468369e+00
90 1.160893648929e+01
91 0.000000000000e+00
92 3.029853258291e+00
93 0.000000000000e+00
94 0.000000000000e+00
95 0.000000000000e+00
96 7.756976888825e-01
97 0.000000000000e+00
98 0.000000000000e+00
99 0.000000000000e+00
100 0.000000000000e+00
101 0.000000000000e+00
102 0.000000000000e+00
103 0.000000000000e+00
104 0.000000000000e+00
105 9.697484038645e+00
106 4.767443263228e+00
107 0.000000000000e+00
108 1.343148365758e+01
109 0.000000000000e+00
110 9.507175609600e+00
111 0.000000000000e+00
112 2.770555444911e+00
113 0.000000000000e+00
114 2.302112076438e+00
115 0.000000000000e+00
116 1.537174494409e+00
117 6.543002798118e+00
118 1.014287915473e+01
119 2.028188685888e+01
120 0.000000000000e+00
121 0.000000000000e+00
122 1.023952829883e+01
123 8.039438191522e+00
124 2.525899378350e+00
125 4.424527375091e+00
126 0.000000000000e+00
127 4.555747390012e+00
128 0.000000000000e+00
129 8.387077231970e+00
130 2.599603988547e+00
131 0.000000000000e+00
132 0.000000000000e+00
133 0.000000000000e+00
134 0.000000000000e+00
135 0.000000000000e+00
136 0.000000000000e+00
137 0.000000000000e+00
138 0.000000000000e+00
139 0.000000000000e+00
140 0.000000000000e+00
141 0.000000000000e+00
142 0.000000000000e+00
143 0.000000000000e+00
144 0.000000000000e+00
145 0.000000000000e+00
146 0.000000000000e+00
147 0.000000000000e+00
148 0.000000000000e+00
149 0.000000000000e+00
150 0.000000000000e+00
151 0.000000000000e+00
152 0.000000000000e+00
153 0.000000000000e+00
154 0.000000000000e+00
155 0.000000000000e+00
156 0.000000000000e+00
157 0.000000000000e+00
158 0.000000000000e+00
159 0.000000000000e+00
160 0.000000000000e+00
161 1.042877683990e+00
162 4.465526833409e+00
163 1.023008406248e+01
164 1.870382900518e+01
165 0.000000000000e+00
166 5.218698092229e+00
167 5.092275324571e+00
168 1.176817607463e+01
169 2.226190026658e+00
170 3.492711766706e-01
171 0.000000000000e+00
172 0.000000000000e+00
173 0.000000000000e+00
174 0.000000000000e+00
175 0.000000000000e+00
176 0.000000000000e+00
177 0.000000000000e+00
178 3.426840944893e+00
179 0.000000000000e+00
180 1.708847281352e+01
181 0.000000000000e+00
182 4.595663212152e+00
183 3.701115611556e+00
184 0.000000000000e+00
185 0.000000000000e+00
186 7.642023949031e+00
187 0.000000000000e+00
188 1.239371242143e+01
189 0.000000000000e+00
190 0.000000000000e+00
191 0.000000000000e+00
192 0.000000000000e+00
193 0.000000000000e+00
194 0.000000000000e+00
195 0.000000000000e+00
196 0.000000000000e+00
197 0.000000000000e+00
198 0.000000000000e+00
199 0.000000000000e+00
200 0.000000000000e+00
201 0.000000000000e+00
202 0.000000000000e+00
203 0.000000000000e+00
204 0.000000000000e+00
205 0.000000000000e+00
206 0.000000000000e+00
207 0.000000000000e+00
208 0.000000000000e+00
209 0.000000000000e+00
210 0.000000000000e+00
211 2.112438561858e+00
212 1.074193572525e+01
213 2.324968999044e-01
214 0.000000000000e+00
215 1.847795768850e+00
216 0.000000000000e+00
217 0.000000000000e+00
218 5.954213974061e+00
219 1.080386412042e+01
220 0.000000000000e+00
221 0.000000000000e+00
222 1.466263918161e+01
223 1.332181371909e+01
224 0.000000000000e+00
225 0.000000000000e+00
226 0.000000000000e+00
227 0.000000000000e+00
228 0.000000000000e+00
229 1.571481362728e+01
230 0.000000000000e+00
231 1.928541671982e+01
232 2.900386814373e+00
233 0.000000000000e+00
234 6.966748537814e+00
235 0.000000000000e+00
236 2.169811313309e+00
237 1.166143606641e+01
238 9.689245906674e+00
239 0.000000000000e+00
240 0.000000000000e+00
241 0.000000000000e+00
242 2.627281819619e+00
243 1.005023965781e+01
244 0.000000000000e+00
245 1.706107411326e+00
246 5.985681223157e+00
247 1.059178689666e+00
248 5.299438687102e+00
249 4.995006006361e+00
250 3.375894263374e+00
251 2.173752398471e+01
252 0.000000000000e+00
253 5.371645088813e+00
254 0.000000000000e+00
255 4.255100518844e+00
256 9.618937569362e+00
257 0.000000000000e+00
258 1.260198360352e+01
259 9.896144030624e+00
260 0.000000000000e+00
261 0.000000000000e+00
262 0.000000000000e+00
263 0.000000000000e+00
264 1.081791959163e+01
265 6.526949006381e-01
266 3.358477863050e+00
267 0.000000000000e+00
268 7.440495136103e+00
269 6.297610779219e+00
270 1.379806967976e+01
271 0.000000000000e+00
272 0.000000000000e+00
273 8.574686265052e+00
274 4.952845453218e+00
275 0.000000000000e+00
276 1.057714835465e+01
277 7.845820776079e+00
278 0.000000000000e+00
279 0.000000000000e+00
280 0.000000000000e+00
281 0.000000000000e+00
282 9.804862967068e-01
283 0.000000000000e+00
284 7.109194706205e-01
285 1.333998887707e+01
286 1.425161343347e+01
287 0.000000000000e+00
288 7.736157741506e+00
289 9.577765469056e+00
290 8.095635401072e+00
291 0.000000000000e+00
292 0.000000000000e+00
293 1.032521830226e+01
294 1.072471256896e+01
295 2.685210165707e+00
296 3.019109778874e+00
297 0.000000000000e+00
298 0.000000000000e+00
299 0.000000000000e+00
300 3.734853214125e+00
301 0.000000000000e+00
302 0.000000000000e+00
303 8.072600116715e+00
304 0.000000000000e+00
305 0.000000000000e+00
306 0.000000000000e+00
307 0.000000000000e+00
308 0.000000000000e+00
309 0.000000000000e+00
310 9.102650917892e+00
311 0.000000000000e+00
312 3.534279731081e+00
313 8.263675308948e+00
314 0.000000000000e+00
315 0.000000000000e+00
316 0.000000000000e+00
317 0.000000000000e+00
318 0.000000000000e+00
319 0.000000000000e+00
320 0.000000000000e+00
321 0.000000000000e+00
322 4.965700972447e+00
323 0.000000000000e+00
324 0.000000000000e+00
325 0.000000000000e+00
326 0.000000000000e+00
327 0.000000000000e+00
328 5.976261994794e+00
329 0.000000000000e+00
330 0.000000000000e+00
331 0.000000000000e+00
332 0.000000000000e+00
333 6.190052663847e+00
334 0.000000000000e+00
335 3.170483864539e+00
336 7.544890327944e+00
337 8.914040646887e-01
338 7.132579035664e+00
339 2.172582625651e+01
340 1.669481850624e+01
341 0.000000000000e+00
342 7.993470633459e+00
343 1.176053735782e+01
344 1.116294280397e+01
345 0.000000000000e+00
346 0.000000000000e+00
347 0.000000000000e+00
348 0.000000000000e+00
349 0.000000000000e+00
350 0.000000000000e+00
351 6.006046245045e+00
352 0.000000000000e+00
353 0.000000000000e+00
354 3.404866675991e+00
355 0.000000000000e+00
356 1.132282971495e+01
357 0.000000000000e+00
358 0.000000000000e+00
359 0.000000000000e+00
360 0.000000000000e+00
361 0.000000000000e+00
362 1.631036056558e+01
363 0.000000000000e+00
364 0.000000000000e+00
365 0.000000000000e+00
366 0.000000000000e+00
367 0.000000000000e+00
368 0.000000000000e+00
369 0.000000000000e+00
370 0.000000000000e+00
371 0.000000000000e+00
372 0.000000000000e+00
373 3.821551412145e+00
374 2.015343063927e+00
375 0.000000000000e+00
376 0.000000000000e+00
377 0.000000000000e+00
378 0.000000000000e+00
379 0.000000000000e+00
380 0.000000000000e+00
381 0.000000000000e+00
382 0.000000000000e+00
383 0.000000000000e+00
384 0.000000000000e+00
385 0.000000000000e+00
386 2.684841883264e+00
387 0.000000000000e+00
388 0.000000000000e+00
389 3.425296745119e+00
390 0.000000000000e+00
391 0.000000000000e+00
392 0.000000000000e+00
393 0.000000000000e+00
394 7.263849696896e+00
395 1.092113290534e+01
396 0.000000000000e+00
397 0.000000000000e+00
398 0.000000000000e+00
399 0.000000000000e+00
400 0.000000000000e+00
401 0.000000000000e+00
402 0.000000000000e+00
403 4.035993997075e-01
404 3.995058396104e+00
405 3.577890111719e+00
406 0.000000000000e+00
407 0.000000000000e+00
408 2.514712160285e+00
409 3.347098689892e-01
410 6.624055029169e+00
411 1.462966076196e+01
412 0.000000000000e+00
413 0.000000000000e+00
414 0.000000000000e+00
415 1.785531542652e+00
416 0.000000000000e+00
417 6.806513506738e-01
418 0.000000000000e+00
419 6.001896561175e-01
420 1.235010173809e+01
421 2.864497286584e+01
422 0.000000000000e+00
423 0.000000000000e+00
424 7.979873286675e+00
425 6.466900617377e+00
426 0.000000000000e+00
427 0.000000000000e+00
428 8.216205529862e+00
429 1.209687342325e+01
430 0.000000000000e+00
431 0.000000000000e+00
432 0.000000000000e+00
433 0.000000000000e+00
434 0.000000000000e+00
435 2.088816781507e+00
436 3.786249810771e-01
437 0.000000000000e+00
438 3.583673020819e+00
439 4.434970262248e+00
440 2.311885665615e+01
441 0.000000000000e+00
442 7.543939410136e+00
443 1.047436151291e+01
444 5.752668522741e+00
445 0.000000000000e+00
446 0.000000000000e+00
447 0.000000000000e+00
448 0.000000000000e+00
449 1.809504638713e+00
450 0.000000000000e+00
451 1.111079386664e+00
452 5.406695328386e+00
453 6.747104698926e+00
454 2.048202431644e+01
455 0.000000000000e+00
456 7.195004866814e+00
457 0.000000000000e+00
458 1.135397299988e+01
459 1.138591830139e+01
460 4.093719687834e+00
461 0.000000000000e+00
462 0.000000000000e+00
463 0.000000000000e+00
464 0.000000000000e+00
465 0.000000000000e+00
466 0.000000000000e+00
467 0.000000000000e+00
468 0.000000000000e+00
469 0.000000000000e+00
470 0.000000000000e+00
471 0.000000000000e+00
472 0.000000000000e+00
473 6.451546108544e-01
474 1.077414634136e+01
475 0.000000000000e+00
476 1.213813260366e+00
477 6.967420825154e+00
478 2.066801014555e+01
479 2.052715400004e+01
480 0.000000000000e+00
481 0.000000000000e+00
482 0.000000000000e+00
483 7.821381252419e+00
484 1.086550654436e+01
485 5.423041553165e+00
486 0.000000000000e+00
487 0.000000000000e+00
488 7.256885216049e-01
489 4.277892810707e-01
490 4.026794051659e-01
491 1.721231420320e+01
492 3.793427535153e+00
493 0.000000000000e+00
494 9.656418712015e+00
495 1.102482545242e+01
496 6.416627908982e+00
497 1.221297683593e+01
498 0.000000000000e+00
499 0.000000000000e+00
500 3.603839968490e+00
501 1.049182894824e+01
502 0.000000000000e+00
503 0.000000000000e+00
504 4.934504968767e-01
505 4.520023462470e+00
506 0.000000000000e+00
507 5.323572509366e+00
508 0.000000000000e+00
509 2.233063089559e+00
510 3.253092300334e+00
511 0.000000000000e+00
512 5.750736432383e+00
513 1.236784321519e+01
514 1.034495754101e+01
515 8.186279276167e+00
516 1.146769552397e+01
517 3.334890105128e+00
518 2.825858499580e+00
519 1.474329179045e+00
520 6.949614602552e+00
521 0.000000000000e+00
522 1.049659381112e+01
523 6.507076412013e+00
524 0.000000000000e+00
525 0.000000000000e+00
526 0.000000000000e+00
527 8.717831220992e+00
528 0.000000000000e+00
529 0.000000000000e+00
530 0.000000000000e+00
531 0.000000000000e+00
532 0.000000000000e+00
533 0.000000000000e+00
534 3.776350310550e+00
535 0.000000000000e+00
536 3.205492363926e+00
537 1.225828039011e+00
538 0.000000000000e+00
539 0.000000000000e+00
540 0.000000000000e+00
541 0.000000000000e+00
542 0.000000000000e+00
543 0.000000000000e+00
544 0.000000000000e+00
545 0.000000000000e+00
546 3.393567174690e+00
547 8.962758955083e+00
548 0.000000000000e+00
549 0.000000000000e+00
550 0.000000000000e+00
551 0.000000000000e+00
552 0.000000000000e+00
553 8.084392166163e-01
554 3.587782649647e+00
555 0.000000000000e+00
556 5.086973960592e+00
557 0.000000000000e+00
558 0.000000000000e+00
559 1.105419526399e+01
560 8.060025342763e+00
561 1.040846499372e+01
562 6.551282608229e+00
563 9.362642203127e+00
564 6.316433655001e+00
565 0.000000000000e+00
566 1.998063688761e+00
567 9.326865789898e+00
568 2.717087857150e+00
569 0.000000000000e+00
570 0.000000000000e+00
571 5.869980208024e+00
572 1.230599790796e+01
573 1.318104483390e+01
574 5.552022593998e+00
575 1.752859090437e-01
576 0.000000000000e+00
577 1.523978000390e+01
578 5.189911835830e+00
579 1.778715907128e+01
580 0.000000000000e+00
581 8.912889605187e+00
582 8.023230531201e+00
583 9.281240417400e+00
584 0.000000000000e+00
585 0.000000000000e+00
586 0.000000000000e+00
587 0.000000000000e+00
588 1.535024860144e+01
589 0.000000000000e+00
590 0.000000000000e+00
591 9.986081992965e-01
592 1.343109574012e+01
593 2.419693285372e+01
594 0.000000000000e+00
595 5.862232864533e+00
596 0.000000000000e+00
597 2.905544740864e+00
598 2.473233407930e+00
599 0.000000000000e+00
600 9.686422337965e+00
601 1.157656717599e+01
602 2.613324706236e+00
603 3.540495544960e+00
604 0.000000000000e+00
605 0.000000000000e+00
606 0.000000000000e+00
607 0.000000000000e+00
608 0.000000000000e+00
609 0.000000000000e+00
610 1.135663197254e+01
611 0.000000000000e+00
612 0.000000000000e+00
613 3.264560570568e+00
614 0.000000000000e+00
615 0.000000000000e+00
616 0.000000000000e+00
617 0.000000000000e+00
618 5.808087570524e-01
619 0.000000000000e+00
620 0.000000000000e+00
621 5.095232468514e+00
622 5.294879697005e+00
623 7.420229744830e+00
624 0.000000000000e+00
625 1.227191143492e+01
626 0.000000000000e+00
627 0.000000000000e+00
628 0.000000000000e+00
629 0.000000000000e+00
630 0.000000000000e+00
631 0.000000000000e+00
632 0.000000000000e+00
633 0.000000000000e+00
634 0.000000000000e+00
635 0.000000000000e+00
636 0.000000000000e+00
637 0.000000000000e+00
638 0.000000000000e+00
639 0.000000000000e+00
640 0.000000000000e+00
641 0.000000000000e+00
642 0.000000000000e+00
643 0.000000000000e+00
644 0.000000000000e+00
645 0.000000000000e+00
646 0.000000000000e+00
647 0.000000000000e+00
648 0.000000000000e+00
649 1.715127015572e+00
650 5.306102237600e+00
651 0.000000000000e+00
652 0.000000000000e+00
653 0.000000000000e+00
654 0.000000000000e+00
655 8.822487195672e+00
656 1.332044950976e+01
657 0.000000000000e+00
658 0.000000000000e+00
659 0.000000000000e+00
660 1.633428609527e+01
661 1.237880795870e+00
662 5.009780248704e+00
663 1.681538751476e+01
664 1.812586414341e+01
665 0.000000000000e+00
666 5.970418025682e+00
667 1.101111961160e+00
668 1.313470216615e+01
669 0.000000000000e+00
670 0.000000000000e+00
671 1.461205887707e+00
672 1.236041129769e+01
673 0.000000000000e+00
674 2.852543781497e+00
675 0.000000000000e+00
676 0.000000000000e+00
677 6.403027298483e+00
678 2.079517136182e+00
679 1.242597436207e+01
680 2.010895508867e+00
681 1.898326990144e+00
682 0.000000000000e+00
683 0.000000000000e+00
684 0.000000000000e+00
685 0.000000000000e+00
686 0.000000000000e+00
687 8.930282008848e-01
688 0.000000000000e+00
689 0.000000000000e+00
690 0.000000000000e+00
691 8.225032751328e+00
692 0.000000000000e+00
693 0.000000000000e+00
694 3.939664723636e+00
695 0.000000000000e+00
696 0.000000000000e+00
697 1.994472991450e+00
698 1.252548339065e+01
699 2.166504956056e+00
700 1.775987357857e+00
701 2.990265351212e+00
702 2.326027316455e+00
703 9.350563119753e+00
704 1.170321383267e+01
705 1.320222685664e+01
706 6.024990623217e+00
707 1.034897662690e+01
708 1.737691225820e+00
709 1.040205661364e+01
710 1.955242270147e+00
711 7.247782709950e+00
712 5.200836170606e+00
713 0.000000000000e+00
714 8.840725661356e+00
715 8.987558287335e+00
716 0.000000000000e+00
717 0.000000000000e+00
718 0.000000000000e+00
719 5.126451970681e+00
720 0.000000000000e+00
721 0.000000000000e+00
722 0.000000000000e+00
723 1.172187036187e+01
724 2.135404095731e+01
725 0.000000000000e+00
726 0.000000000000e+00
727 0.000000000000e+00
728 0.000000000000e+00
729 2.207890073993e+00
730 2.632509068396e+00
731 0.000000000000e+00
732 3.304939310287e+00
733 2.557772109053e+00
734 4.229368316651e+00
735 0.000000000000e+00
736 0.000000000000e+00
737 0.000000000000e+00
738 0.000000000000e+00
739 0.000000000000e+00
740 0.000000000000e+00
741 0.000000000000e+00
742 0.000000000000e+00
743 5.700220136831e+00
744 0.000000000000e+00
745 0.000000000000e+00
746 0.000000000000e+00
747 0.000000000000e+00
748 0.000000000000e+00
749 0.000000000000e+00
750 0.000000000000e+00
751 0.000000000000e+00
752 0.000000000000e+00
753 0.000000000000e+00
754 0.000000000000e+00
755 0.000000000000e+00
756 0.000000000000e+00
757 0.000000000000e+00
758 0.000000000000e+00
759 0.000000000000e+00
760 0.000000000000e+00
761 0.000000000000e+00
762 0.000000000000e+00
763 2.054888032471e+00
764 8.336664630686e+00
765 0.000000000000e+00
766 0.000000000000e+00
767 0.000000000000e+00
768 0.000000000000e+00
769 0.000000000000e+00
770 0.000000000000e+00
771 4.969061520865e+00
772 0.000000000000e+00
773 0.000000000000e+00
774 0.000000000000e+00
775 0.000000000000e+00
776 1.969526458391e+00
777 0.000000000000e+00
778 8.169988202652e+00
779 0.000000000000e+00
780 2.078129333931e+00
781 6.413464668719e+00
782 0.000000000000e+00
783 0.000000000000e+00
784 0.000000000000e+00
785 0.000000000000e+00
786 0.000000000000e+00
787 0.000000000000e+00
788 1.723442035757e+01
789 0.000000000000e+00
790 0.000000000000e+00
791 5.722698084157e+00
792 0.000000000000e+00
793 8.842641412841e+00
794 3.641185864700e+00
795 0.000000000000e+00
796 0.000000000000e+00
797 1.517263651081e+01
798 0.000000000000e+00
799 0.000000000000e+00
800 3.236695549281e+00
801 4.556160311207e+00
802 0.000000000000e+00
803 0.000000000000e+00
804 8.139451688311e+00
805 5.341336557133e+00
806 4.492450863247e+00
807 4.540460040103e+00
808 1.030880553701e+01
809 2.358465852583e+00
810 9.511581585111e+00
811 1.254815106028e+01
812 1.121697723521e+01
813 0.000000000000e+00
814 0.000000000000e+00
815 0.000000000000e+00
816 7.776084988768e+00
817 0.000000000000e+00
818 0.000000000000e+00
819 2.122585310978e+00
820 0.000000000000e+00
821 5.064793963732e+00
822 0.000000000000e+00
823 1.177521653993e+00
824 0.000000000000e+00
825 3.063779064283e+00
826 0.000000000000e+00
827 0.000000000000e+00
828 3.739200538741e+00
829 0.000000000000e+00
830 8.745936428413e+00
831 0.000000000000e+00
832 8.215893735466e+00
833 8.470821649220e+00
834 0.000000000000e+00
835 1.569114261389e+00
836 1.168662441161e+01
837 5.115583326496e-03
838 1.846148090456e+01
839 0.000000000000e+00
840 7.767344526708e+00
841 0.000000000000e+00
842 8.101074444131e+00
843 0.000000000000e+00
844 0.000000000000e+00
845 0.000000000000e+00
846 0.000000000000e+00
847 9.376269210161e+00
848 0.000000000000e+00
849 0.000000000000e+00
850 0.000000000000e+00
851 0.000000000000e+00
852 0.000000000000e+00
853 8.846690081908e+00
854 0.000000000000e+00
855 1.075675303034e+01
856 0.000000000000e+00
857 0.000000000000e+00
858 6.633079674935e+00
859 0.000000000000e+00
860 6.115036207998e-01
861 1.867198160334e+01
862 6.951817492713e-01
863 0.000000000000e+00
864 3.885459311163e+00
865 1.126146825206e+01
866 3.924197166470e+00
867 2.136125967532e+01
868 2.315036742221e+01
869 0.000000000000e+00
870 7.052435675968e+00
871 8.815368162622e+00
872 1.064201778365e+01
873 8.206453862876e+00
874 3.998101489011e+00
875 8.442810768414e+00
876 7.902196646472e+00
877 0.000000000000e+00
878 0.000000000000e+00
879 0.000000000000e+00
880 0.000000000000e+00
881 0.000000000000e+00
882 4.687477608633e+00
883 0.000000000000e+00
884 3.474351077522e+00
885 1.564352880235e+01
886 0.000000000000e+00
887 1.654663191374e+00
888 7.563318716660e+00
889 1.751931993822e+01
890 2.040773182774e+01
891 0.000000000000e+00
892 5.104199129864e+00
893 6.687723915556e+00
894 4.083452149551e+00
895 9.657425972309e+00
896 8.625760490031e+00
897 2.550407922874e+00
898 3.116785065765e+00
899 7.554545249748e-01
900 1.797859083505e+01
901 0.000000000000e+00
902 5.843597630581e+00
903 9.181547111079e+00
904 0.000000000000e+00
905 0.000000000000e+00
906 0.000000000000e+00
907 1.845400479183e+01
908 0.000000000000e+00
909 0.000000000000e+00
910 0.000000000000e+00
911 8.816454790544e+00
912 1.430349204559e+01
913 0.000000000000e+00
914 7.742786319924e+00
915 0.000000000000e+00
916 6.111552147910e+00
917 1.125567779279e+01
918 0.000000000000e+00
919 4.573454089763e+00
920 6.051578260656e+00
921 4.280350554297e+00
922 0.000000000000e+00
923 0.000000000000e+00
924 0.000000000000e+00
925 0.000000000000e+00
926 0.000000000000e+00
927 0.000000000000e+00
928 2.972628221037e+00
929 5.902891132806e+00
930 0.000000000000e+00
931 0.000000000000e+00
932 0.000000000000e+00
933 0.000000000000e+00
934 0.000000000000e+00
935 0.000000000000e+00
936 0.000000000000e+00
937 0.000000000000e+00
938 0.000000000000e+00
939 0.000000000000e+00
940 0.000000000000e+00
941 0.000000000000e+00
942 0.000000000000e+00
943 3.333009971392e+00
944 0.000000000000e+00
945 2.440529897934e+00
946 0.000000000000e+00
947 0.000000000000e+00
948 0.000000000000e+00
949 3.194457172822e+00
950 0.000000000000e+00
951 0.000000000000e+00
952 9.019829339258e+00
953 8.787215604905e+00
954 1.162878328682e+01
955 0.000000000000e+00
956 6.494584665260e+00
957 0.000000000000e+00
958 7.864329085062e+00
959 7.838629566195e+00
960 3.492811101324e+00
961 3.384256110033e+00
962 1.514447406482e+01
963 0.000000000000e+00
964 6.508517688903e+00
965 1.067217202822e+01
966 6.790755233164e+00
967 7.895275794543e-01
968 3.517855064652e+00
969 6.507459535636e+00
970 0.000000000000e+00
971 0.000000000000e+00
972 0.000000000000e+00
973 1.317844381776e+01
974 2.788600606675e+01
975 0.000000000000e+00
976 7.357409757305e+00
977 3.832362702191e+00
978 0.000000000000e+00
979 0.000000000000e+00
980 1.025478205448e+01
981 8.466850993383e+00
982 6.676907074793e+00
983 3.188061343121e+00
984 2.893018422077e+00
985 0.000000000000e+00
986 0.000000000000e+00
987 0.000000000000e+00
988 6.965622874200e+00
989 0.000000000000e+00
990 2.182315653623e+00
991 1.333347558705e+01
992 4.071745846587e+00
993 2.287448565945e+01
994 0.000000000000e+00
995 7.998178972375e+00
996 9.514976111497e+00
997 8.444379640680e+00
998 0.000000000000e+00
999 1.079916844544e+01
1000 4.475984299893e+00
1001 6.799028443524e+00
1002 1.638476610389e+01
1003 0.000000000000e+00
1004 8.803910442673e+00
1005 8.434346587693e+00
1006 5.209096596352e-01
1007 0.000000000000e+00
1008 0.000000000000e+00
1009 1.574270469564e+01
1010 0.000000000000e+00
1011 0.000000000000e+00
1012 0.000000000000e+00
1013 0.000000000000e+00
1014 0.000000000000e+00
1015 6.470124727115e+00
1016 1.165922651413e+01
1017 0.000000000000e+00
1018 3.394089308432e+00
1019 7.592765528442e+00
1020 0.000000000000e+00
1021 0.000000000000e+00
1022 0.000000000000e+00
1023 0.000000000000e+00
1024 0.000000000000e+00
1025 0.000000000000e+00
1026 0.000000000000e+00
1027 0.000000000000e+00
1028 0.000000000000e+00
1029 0.000000000000e+00
1030 0.000000000000e+00
1031 0.000000000000e+00
1032 0.000000000000e+00
1033 5.381635608468e+00
1034 1.830016153470e+00
1035 1.880785566043e+01
1036 6.287166343182e+00
1037 0.000000000000e+00
1038 5.173366612613e+00
1039 2.321064624268e+00
1040 1.158558474267e+01
1041 7.116749066128e+00
1042 1.145934613786e+01
1043 0.000000000000e+00
1044 4.757218152291e+00
1045 0.000000000000e+00
1046 0.000000000000e+00
1047 0.000000000000e+00
1048 0.000000000000e+00
1049 0.000000000000e+00
1050 0.000000000000e+00
1051 0.000000000000e+00
1052 0.000000000000e+00
1053 0.000000000000e+00
1054 0.000000000000e+00
1055 0.000000000000e+00
1056 0.000000000000e+00
1057 0.000000000000e+00
1058 0.000000000000e+00
1059 0.000000000000e+00
1060 0.000000000000e+00
1061 0.000000000000e+00
1062 1.314834057002e+01
1063 0.000000000000e+00
1064 0.000000000000e+00
1065 0.000000000000e+00
1066 0.000000000000e+00
1067 0.000000000000e+00
1068 0.000000000000e+00
1069 0.000000000000e+00
1070 0.000000000000e+00
1071 0.000000000000e+00
1072 0.000000000000e+00
1073 0.000000000000e+00
1074 3.296890910010e+00
1075 1.214186541744e+01
1076 3.125681471650e+00
1077 1.133421625848e+01
1078 2.663430622819e+01
1079 0.000000000000e+00
1080 0.000000000000e+00
1081 1.192589741025e+00
1082 0.000000000000e+00
1083 0.000000000000e+00
1084 5.348097223455e+00
1085 5.446997403839e+00
1086 2.811008502731e+00
1087 0.000000000000e+00
1088 0.000000000000e+00
1089 0.000000000000e+00
1090 0.000000000000e+00
1091 0.000000000000e+00
1092 0.000000000000e+00
1093 0.000000000000e+00
1094 0.000000000000e+00
1095 0.000000000000e+00
1096 0.000000000000e+00
1097 0.000000000000e+00
1098 4.601033759739e+00
1099 4.597714505766e+00
1100 1.454037777775e+01
1101 0.000000000000e+00
1102 0.000000000000e+00
1103 0.000000000000e+00
1104 0.000000000000e+00
1105 0.000000000000e+00
1106 8.088824466835e+00
1107 0.000000000000e+00
1108 0.000000000000e+00
1109 0.000000000000e+00
1110 0.000000000000e+00
1111 0.000000000000e+00
1112 0.000000000000e+00
1113 0.000000000000e+00
1114 0.000000000000e+00
1115 0.000000000000e+00
1116 0.000000000000e+00
1117 0.000000000000e+00
1118 0.000000000000e+00
1119 0.000000000000e+00
1120 0.000000000000e+00
1121 0.000000000000e+00
1122 0.000000000000e+00
1123 6.075505538962e+00
1124 0.000000000000e+00
1125 0.000000000000e+00
1126 0.000000000000e+00
1127 0.000000000000e+00
1128 0.000000000000e+00
1129 0.000000000000e+00
1130 0.000000000000e+00
1131 0.000000000000e+00
1132 0.000000000000e+00
1133 0.000000000000e+00
1134 0.000000000000e+00
1135 0.000000000000e+00
1136 0.000000000000e+00
1137 0.000000000000e+00
1138 0.000000000000e+00
1139 0.000000000000e+00
1140 0.000000000000e+00
1141 0.000000000000e+00
1142 0.000000000000e+00
1143 0.000000000000e+00
1144 0.000000000000e+00
1145 0.000000000000e+00
1146 0.000000000000e+00
1147 0.000000000000e+00
1148 0.000000000000e+00
1149 0.000000000000e+00
1150 0.000000000000e+00
1151 1.200240950524e+01
1152 0.000000000000e+00
1153 2.951498748033e+00
1154 0.000000000000e+00
1155 5.880401018917e+00
1156 1.100767807467e+00
1157 1.121502388195e+01
1158 1.575070605848e+01
1159 1.331404798728e+01
1160 0.000000000000e+00
1161 0.000000000000e+00
1162 0.000000000000e+00
1163 0.000000000000e+00
1164 0.000000000000e+00
1165 5.236752441191e+00
1166 0.000000000000e+00
1167 0.000000000000e+00
1168 0.000000000000e+00
1169 3.103530605535e+00
1170 0.000000000000e+00
1171 0.000000000000e+00
1172 0.000000000000e+00
1173 0.000000000000e+00
1174 0.000000000000e+00
1175 5.307083413773e+00
1176 0.000000000000e+00
1177 0.000000000000e+00
1178 0.000000000000e+00
1179 3.239206740175e+00
1180 0.000000000000e+00
1181 0.000000000000e+00
1182 0.000000000000e+00
1183 3.834816019314e+00
1184 0.000000000000e+00
1185 0.000000000000e+00
1186 1.188863678623e+01
1187 3.487848017115e-01
1188 1.685728779971e+01
1189 3.170044600459e+00
1190 0.000000000000e+00
1191 8.889380201201e+00
1192 1.102993355029e+01
1193 1.116317231555e+01
1194 6.103197661553e+00
1195 1.293274896046e+01
1196 0.000000000000e+00
1197 0.000000000000e+00
1198 0.000000000000e+00
1199 0.000000000000e+00
1200 1.538062851918e+01
1201 2.977135561491e+00
1202 1.969667429878e+01
1203 0.000000000000e+00
1204 0.000000000000e+00
1205 5.646923282378e+00
1206 6.288940805353e+00
1207 0.000000000000e+00
1208 5.339757454923e+00
1209 3.510517448562e+00
1210 0.000000000000e+00
1211 0.000000000000e+00
1212 0.000000000000e+00
1213 8.446070712062e+00
1214 8.440604893283e+00
1215 4.310384591666e+00
1216 0.000000000000e+00
1217 0.000000000000e+00
1218 1.293576505720e+01
1219 9.945943858823e-01
1220 2.558211140723e+00
1221 5.021179020476e+00
1222 6.386390595274e+00
1223 4.699310143019e+00
1224 1.035618014182e+01
1225 6.635038120795e+00
1226 0.000000000000e+00
1227 0.000000000000e+00
1228 8.951896030098e+00
1229 9.474771326176e+00
1230 6.217877399922e+00
1231 1.040683065839e+01
1232 1.171020198474e+00
1233 1.260269431980e+01
1234 1.161700700877e+01
1235 7.526968186559e+00
1236 0.000000000000e+00
1237 0.000000000000e+00
1238 1.714977229898e+01
1239 0.000000000000e+00
1240 0.000000000000e+00
1241 0.000000000000e+00
1242 5.357126284921e+00
1243 0.000000000000e+00
1244 7.141956220944e+00
1245 2.787615710300e+01
1246 0.000000000000e+00
1247 0.000000000000e+00
1248 1.022774056552e+01
1249 0.000000000000e+00
1250 0.000000000000e+00
1251 7.819602791876e+00
1252 0.000000000000e+00
1253 0.000000000000e+00
1254 0.000000000000e+00
1255 0.000000000000e+00
1256 0.000000000000e+00
1257 0.000000000000e+00
1258 0.000000000000e+00
1259 0.000000000000e+00
1260 0.000000000000e+00
1261 3.790632869112e+00
1262 6.699348186185e+00
1263 1.664621629404e+00
1264 0.000000000000e+00
1265 0.000000000000e+00
1266 8.607449840916e+00
1267 1.059487543276e+01
1268 1.153882464378e+01
1269 0.000000000000e+00
1270 6.576990325232e+00
1271 0.000000000000e+00
1272 0.000000000000e+00
1273 2.871548848560e+00
1274 0.000000000000e+00
1275 0.000000000000e+00
1276 0.000000000000e+00
1277 3.625256405048e+00
1278 1.606326356434e+01
1279 0.000000000000e+00
1280 1.265574916020e+00
1281 0.000000000000e+00
1282 8.738194039967e+00
1283 0.000000000000e+00
1284 0.000000000000e+00
1285 0.000000000000e+00
1286 0.000000000000e+00
1287 0.000000000000e+00
1288 0.000000000000e+00
1289 2.701825771399e+00
1290 6.877720477878e+00
1291 1.231112986186e+01
1292 0.000000000000e+00
1293 0.000000000000e+00
1294 0.000000000000e+00
1295 0.000000000000e+00
1296 0.000000000000e+00
1297 0.000000000000e+00
1298 0.000000000000e+00
1299 0.000000000000e+00
1300 0.000000000000e+00
1301 0.000000000000e+00
1302 0.000000000000e+00
1303 0.000000000000e+00
1304 0.000000000000e+00
1305 0.000000000000e+00
1306 6.615944217328e+00
1307 0.000000000000e+00
1308 0.000000000000e+00
1309 0.000000000000e+00
1310 0.000000000000e+00
1311 0.000000000000e+00
1312 0.000000000000e+00
1313 0.000000000000e+00
1314 0.000000000000e+00
1315 0.000000000000e+00
1316 0.000000000000e+00
1317 0.000000000000e+00
1318 0.000000000000e+00
1319 0.000000000000e+00
1320 0.000000000000e+00
1321 0.000000000000e+00
1322 0.000000000000e+00
1323 0.000000000000e+00
1324 0.000000000000e+00
1325 0.000000000000e+00
1326 0.000000000000e+00
1327 0.000000000000e+00
1328 0.000000000000e+00
1329 0.000000000000e+00
1330 0.000000000000e+00
1331 0.000000000000e+00
1332 0.000000000000e+00
1333 0.000000000000e+00
1334 0.000000000000e+00
1335 0.000000000000e+00
1336 0.000000000000e+00
1337 0.000000000000e+00
1338 0.000000000000e+00
1339 0.000000000000e+00
1340 0.000000000000e+00
1341 0.000000000000e+00
1342 0.000000000000e+00
1343 0.000000000000e+00
1344 0.000000000000e+00
1345 0.000000000000e+00
1346 0.000000000000e+00
1347 0.000000000000e+00
1348 0.000000000000e+00
1349 0.000000000000e+00
1350 0.000000000000e+00
1351 0.000000000000e+00
1352 0.000000000000e+00
1353 0.000000000000e+00
1354 0.000000000000e+00
1355 0.000000000000e+00
1356 0.000000000000e+00
1357 0.000000000000e+00
1358 0.000000000000e+00
1359 0.000000000000e+00
1360 0.000000000000e+00
1361 4.026698630050e+00
1362 0.000000000000e+00
1363 0.000000000000e+00
1364 0.000000000000e+00
1365 2.246364947998e+00
1366 0.000000000000e+00
1367 2.265165335539e-01
1368 0.000000000000e+00
1369 6.193398127121e+00
1370 0.000000000000e+00
1371 0.000000000000e+00
1372 0.000000000000e+00
1373 0.000000000000e+00
1374 0.000000000000e+00
1375 4.308561993677e+00
1376 0.000000000000e+00
1377 9.942096904854e+00
1378 0.000000000000e+00
1379 0.000000000000e+00
1380 0.000000000000e+00
1381 3.182681681888e+00
1382 0.000000000000e+00
1383 0.000000000000e+00
1384 0.000000000000e+00
1385 0.000000000000e+00
1386 0.000000000000e+00
1387 0.000000000000e+00
1388 0.000000000000e+00
1389 0.000000000000e+00
1390 1.361922024044e+00
1391 9.352628328874e-01
1392 1.349092892297e+00
1393 1.158363642248e+01
1394 6.341304045623e+00
1395 4.259519974032e+00
1396 0.000000000000e+00
1397 8.671460754400e+00
1398 9.583585353062e+00
1399 8.141723963864e+00
1400 0.000000000000e+00
1401 0.000000000000e+00
1402 0.000000000000e+00
1403 0.000000000000e+00
1404 9.535691731989e+00
1405 1.730615344505e+00
1406 1.245973786041e+00
1407 0.000000000000e+00
1408 1.181522463838e+01
1409 0.000000000000e+00
1410 6.325622298088e+00
1411 1.028296650505e+01
1412 1.275277475852e+01
1413 0.000000000000e+00
1414 0.000000000000e+00
1415 0.000000000000e+00
1416 7.132549341577e+00
1417 3.701759468516e+00
1418 0.000000000000e+00
1419 1.251662398287e+00
1420 0.000000000000e+00
1421 8.669139985495e+00
1422 0.000000000000e+00
1423 0.000000000000e+00
1424 2.078298381497e+00
1425 0.000000000000e+00
1426 4.778678956155e+00
1427 0.000000000000e+00
1428 0.000000000000e+00
1429 7.157124902936e+00
1430 0.000000000000e+00
1431 9.617334331100e+00
1432 0.000000000000e+00
1433 0.000000000000e+00
1434 1.077457040315e+01
1435 0.000000000000e+00
1436 7.604406554712e+00
1437 0.000000000000e+00
1438 0.000000000000e+00
1439 0.000000000000e+00
1440 0.000000000000e+00
1441 0.000000000000e+00
1442 0.000000000000e+00
1443 1.077737529371e+00
1444 7.081800848951e-01
1445 0.000000000000e+00
1446 1.884920852294e+00
1447 0.000000000000e+00
1448 0.000000000000e+00
1449 6.266618652209e+00
1450 8.035228303104e+00
1451 0.000000000000e+00
1452 1.094087688846e+01
1453 0.000000000000e+00
1454 4.369907375431e+00
1455 7.586381899771e+00
1456 0.000000000000e+00
1457 0.000000000000e+00
1458 0.000000000000e+00
1459 0.000000000000e+00
1460 0.000000000000e+00
1461 0.000000000000e+00
1462 0.000000000000e+00
1463 0.000000000000e+00
1464 0.000000000000e+00
1465 0.000000000000e+00
1466 0.000000000000e+00
1467 0.000000000000e+00
1468 0.000000000000e+00
1469 0.000000000000e+00
1470 0.000000000000e+00
1471 0.000000000000e+00
1472 0.000000000000e+00
1473 0.000000000000e+00
1474 0.000000000000e+00
1475 0.000000000000e+00
1476 0.000000000000e+00
1477 0.000000000000e+00
1478 0.000000000000e+00
1479 0.000000000000e+00
1480 0.000000000000e+00
1481 0.000000000000e+00
1482 0.000000000000e+00
1483 0.000000000000e+00
1484 0.000000000000e+00
1485 0.000000000000e+00
1486 1.442793323767e+01
1487 0.000000000000e+00
1488 0.000000000000e+00
1489 0.000000000000e+00
1490 0.000000000000e+00
1491 0.000000000000e+00
1492 0.000000000000e+00
1493 1.351739045178e+01
1494 0.000000000000e+00
1495 0.000000000000e+00
1496 0.000000000000e+00
1497 0.000000000000e+00
1498 0.000000000000e+00
1499 0.000000000000e+00
1500 0.000000000000e+00
1501 0.000000000000e+00
1502 0.000000000000e+00
1503 3.936068640484e+00
1504 2.981720154784e+01
1505 0.000000000000e+00
1506 0.000000000000e+00
1507 0.000000000000e+00
1508 0.000000000000e+00
1509 0.000000000000e+00
1510 4.351774868087e+00
1511 0.000000000000e+00
1512 1.902694004285e+00
1513 0.000000000000e+00
1514 5.029532874654e+00
1515 0.000000000000e+00
1516 0.000000000000e+00
1517 0.000000000000e+00
1518 0.000000000000e+00
1519 0.000000000000e+00
1520 0.000000000000e+00
1521 0.000000000000e+00
1522 0.000000000000e+00
1523 0.000000000000e+00
1524 0.000000000000e+00
1525 0.000000000000e+00
1526 6.773695921671e+00
1527 0.000000000000e+00
1528 0.000000000000e+00
1529 0.000000000000e+00
1530 0.000000000000e+00
1531 0.000000000000e+00
1532 5.660267564151e+00
1533 0.000000000000e+00
1534 0.000000000000e+00
1535 1.072889076616e+01
1536 4.598215751932e-01
1537 2.105515867740e+01
1538 2.685868651911e+00
1539 0.000000000000e+00
1540 0.000000000000e+00
1541 7.383691547457e+00
1542 1.671546912984e+00
1543 2.545948554544e+00
1544 1.230472556215e+01
1545 0.000000000000e+00
1546 0.000000000000e+00
1547 0.000000000000e+00
1548 2.391537829226e+00
1549 1.180183190551e+00
1550 1.681989601119e+00
1551 0.000000000000e+00
1552 0.000000000000e+00
1553 1.065751970659e+01
1554 0.000000000000e+00
1555 7.159505974816e+00
1556 5.592707582325e+00
1557 1.069336485645e+01
1558 0.000000000000e+00
1559 0.000000000000e+00
1560 0.000000000000e+00
1561 8.170161169264e+00
1562 4.974091848379e-01
1563 2.701330805744e+00
1564 0.000000000000e+00
1565 0.000000000000e+00
1566 7.532033149042e+00
1567 7.273291800681e+00
1568 1.420521565903e+01
1569 2.344106638842e+00
1570 1.389745740606e+01
1571 1.315345105491e+01
1572 0.000000000000e+00
1573 8.667125209683e+00
1574 0.000000000000e+00
1575 0.000000000000e+00
1576 0.000000000000e+00
1577 2.149920154894e+00
1578 3.048971589202e+00
1579 7.787322184582e-01
1580 2.578974052454e+00
1581 5.090430529777e+00
1582 0.000000000000e+00
1583 5.132055286968e+00
1584 0.000000000000e+00
1585 4.064737109070e+00
1586 9.362338947699e+00
1587 0.000000000000e+00
1588 0.000000000000e+00
1589 7.328799857005e+00
1590 7.266400597133e+00
1591 4.223199993686e+00
1592 0.000000000000e+00
1593 6.622902649916e+00
1594 0.000000000000e+00
1595 0.000000000000e+00
1596 0.000000000000e+00
1597 0.000000000000e+00
1598 0.000000000000e+00
1599 9.382946270388e+00
1600 0.000000000000e+00
1601 7.138574307769e-01
1602 6.522264734788e+00
1603 1.949834767548e+01
1604 1.834583778923e+01
1605 0.000000000000e+00
1606 4.285684743212e+00
1607 0.000000000000e+00
1608 9.429507445724e+00
1609 1.152275314875e+01
1610 6.941221708435e+00
1611 0.000000000000e+00
1612 0.000000000000e+00
1613 0.000000000000e+00
1614 0.000000000000e+00
1615 1.112189825691e+00
1616 2.269092675673e+00
1617 4.234061528041e-01
1618 1.624042925682e+01
1619 3.943458964851e+00
1620 0.000000000000e+00
1621 5.045183139273e+00
1622 9.403875603610e+00
1623 1.109180406681e+01
1624 5.115770426566e+00
1625 1.200044412248e+01
1626 0.000000000000e+00
1627 4.587812139929e+00
1628 0.000000000000e+00
1629 2.493975439370e+00
1630 1.705092508245e+01
1631 0.000000000000e+00
1632 0.000000000000e+00
1633 0.000000000000e+00
1634 0.000000000000e+00
1635 0.000000000000e+00
1636 0.000000000000e+00
1637 0.000000000000e+00
1638 0.000000000000e+00
1639 2.653245224424e+00
1640 8.382748122227e+00
1641 0.000000000000e+00
1642 0.000000000000e+00
1643 4.079003846942e+00
1644 0.000000000000e+00
1645 0.000000000000e+00
1646 4.014285032771e+00
1647 0.000000000000e+00
1648 0.000000000000e+00
1649 0.000000000000e+00
1650 0.000000000000e+00
1651 0.000000000000e+00
1652 2.221567312514e+01
1653 2.996103462014e+00
1654 0.000000000000e+00
1655 6.064307035951e+00
1656 0.000000000000e+00
1657 5.471503633557e-01
1658 1.093610058538e+01
1659 1.190353002832e+01
1660 0.000000000000e+00
1661 5.380245217043e+00
1662 0.000000000000e+00
1663 0.000000000000e+00
1664 1.246003636242e+01
1665 0.000000000000e+00
1666 0.000000000000e+00
1667 1.074666841960e+00
1668 1.162187984783e+01
1669 1.463361746806e+01
1670 0.000000000000e+00
1671 0.000000000000e+00
1672 4.075196854024e+00
1673 9.669521389130e+00
1674 6.486568287082e+00
1675 0.000000000000e+00
1676 5.123478552472e+00
1677 1.040283505900e+01
1678 3.052936688746e+00
1679 3.846121959083e+00
1680 0.000000000000e+00
1681 0.000000000000e+00
1682 0.000000000000e+00
1683 0.000000000000e+00
1684 0.000000000000e+00
1685 3.886473142549e+00
1686 8.767800477766e+00
1687 0.000000000000e+00
1688 0.000000000000e+00
1689 9.612858163669e-01
1690 0.000000000000e+00
1691 0.000000000000e+00
1692 5.552173380085e+00
1693 5.504205451855e+00
1694 0.000000000000e+00
1695 0.000000000000e+00
1696 0.000000000000e+00
1697 5.051675595993e+00
1698 9.813014787985e+00
1699 0.000000000000e+00
1700 0.000000000000e+00
1701 3.341064306797e+00
1702 1.108291349446e+00
1703 8.821141807532e-01
1704 2.507578507616e+00
1705 0.000000000000e+00
1706 0.000000000000e+00
1707 0.000000000000e+00
1708 2.430709490697e+00
1709 8.193628564945e+00
1710 3.052288325137e+00
1711 7.506064415838e+00
1712 8.190299569596e+00
1713 2.246977987840e+01
1714 0.000000000000e+00
1715 6.362950969885e+00
1716 0.000000000000e+00
1717 3.154958591979e+00
1718 0.000000000000e+00
1719 0.000000000000e+00
1720 5.591600413294e+00
1721 4.002469763003e+00
1722 0.000000000000e+00
1723 0.000000000000e+00
1724 0.000000000000e+00
1725 0.000000000000e+00
1726 0.000000000000e+00
