104.246000 53.675000 69.234000 1.824000
104.174000 53.751000 67.746000 1.908000
102.994000 52.933000 67.225000 1.908000
102.232000 53.394000 66.377000 1.661200
105.480000 53.237000 67.136000 1.908000
104.045000 54.711000 67.490000 1.100000
106.238000 53.799000 67.465000 1.487000
105.622000 52.288000 67.412000 1.487000
105.430000 53.292000 66.145000 1.487000
105.202000 53.609000 69.504000 0.600000
103.837000 54.498000 69.617000 0.600000
103.899000 52.782000 69.581000 0.600000
102.852000 51.721000 67.754000 1.824000
101.781000 50.806000 67.370000 1.908000
102.031000 50.230000 65.982000 1.908000
101.391000 50.620000 65.005000 1.661200
100.424000 51.517000 67.404000 1.908000
100.070000 52.104000 68.762000 1.908000
98.668000 52.684000 68.800000 1.908000
97.841000 52.299000 69.634000 1.661200
98.391000 53.614000 67.889000 1.824000
103.530000 51.446000 68.451000 0.600000
101.776000 50.042000 68.024000 1.387000
100.436000 52.262000 66.736000 1.487000
99.711000 50.859000 67.153000 1.487000
100.134000 51.382000 69.450000 1.487000
100.722000 52.831000 68.977000 1.487000
97.489000 53.647000 68.303000 0.600000
98.605000 54.208000 67.107000 0.600000
102.973000 49.298000 65.912000 1.824000
103.330000 48.639000 64.665000 1.908000
102.254000 47.680000 64.158000 1.908000
101.750000 46.841000 64.905000 1.661200
104.632000 47.822000 64.827000 1.908000
104.810000 46.881000 63.643000 1.908000
105.824000 48.760000 64.946000 1.908000
103.444000 49.057000 66.771000 0.600000
103.463000 49.355000 63.956000 1.387000
104.533000 47.257000 65.637000 1.487000
104.057000 46.233000 63.589000 1.487000
104.847000 47.418000 62.793000 1.487000
105.678000 46.374000 63.749000 1.487000
105.909000 49.316000 64.123000 1.487000
105.697000 49.358000 65.740000 1.487000
106.662000 48.219000 65.070000 1.487000
101.915000 47.817000 62.880000 1.824000
100.950000 46.943000 62.227000 1.908000
101.778000 46.185000 61.191000 1.908000
102.250000 46.778000 60.221000 1.661200
99.848000 47.747000 61.500000 1.908000
99.014000 48.534000 62.516000 1.908000
98.964000 46.803000 60.690000 1.908000
97.954000 49.424000 61.877000 1.908000
102.358000 48.563000 62.367000 0.600000
100.671000 46.283000 62.897000 1.387000
100.293000 48.397000 60.897000 1.487000
98.564000 47.888000 63.126000 1.487000
99.630000 49.109000 63.050000 1.487000
98.519000 46.156000 61.304000 1.487000
98.279000 47.342000 60.205000 1.487000
99.524000 46.306000 60.032000 1.487000
97.315000 48.846000 61.373000 1.487000
97.471000 49.923000 62.591000 1.487000
98.386000 50.064000 61.256000 1.487000
101.979000 44.885000 61.400000 1.824000
102.778000 44.113000 60.457000 1.908000
102.301000 42.677000 60.245000 1.908000
103.102000 41.782000 59.982000 1.661200
104.259000 44.135000 60.884000 1.908000
104.532000 43.291000 62.121000 1.908000
105.634000 42.794000 62.314000 1.661200
103.513000 43.121000 62.960000 1.824000
101.575000 44.470000 62.202000 0.600000
102.710000 44.581000 59.553000 1.387000
104.805000 43.781000 60.130000 1.487000
104.512000 45.078000 61.080000 1.487000
102.625000 43.537000 62.753000 0.600000
103.632000 42.582000 63.791000 0.600000
100.994000 42.468000 60.356000 1.824000
100.400000 41.153000 60.139000 1.908000
99.707000 41.169000 58.770000 1.908000
99.378000 42.237000 58.249000 1.661200
99.353000 40.811000 61.228000 1.908000
98.349000 41.829000 61.266000 1.721000
100.017000 40.705000 62.600000 1.908000
100.420000 43.255000 60.598000 0.600000
101.124000 40.473000 60.113000 1.387000
98.906000 39.928000 60.982000 1.387000
100.694000 39.975000 62.623000 1.487000
100.470000 41.578000 62.824000 1.487000
99.301000 40.517000 63.302000 1.487000
97.571000 41.511000 60.740000 0.600000
99.489000 39.990000 58.189000 1.824000
98.837000 39.891000 56.882000 1.908000
97.485000 40.603000 56.815000 1.908000
97.233000 41.375000 55.892000 1.661200
98.661000 38.425000 56.486000 1.908000
99.935000 37.762000 56.029000 1.908000
100.597000 38.212000 54.887000 1.908000
100.472000 36.689000 56.736000 1.908000
101.780000 37.608000 54.451000 1.908000
101.655000 36.073000 56.315000 1.908000
102.314000 36.536000 55.164000 1.908000
99.787000 39.171000 58.676000 0.600000
99.444000 40.358000 56.216000 1.387000
98.330000 37.934000 57.277000 1.487000
98.014000 38.387000 55.740000 1.487000
100.226000 38.978000 54.369000 1.459000
100.009000 36.354000 57.555000 1.459000
102.236000 37.951000 53.626000 1.459000
102.031000 35.298000 56.838000 1.459000
103.155000 36.102000 54.862000 1.459000
96.621000 40.355000 57.791000 1.824000
95.307000 40.987000 57.793000 1.908000
95.314000 42.429000 58.269000 1.908000
94.469000 43.223000 57.856000 1.661200
94.328000 40.169000 58.633000 1.908000
93.922000 38.883000 57.947000 1.908000
93.272000 38.965000 56.880000 1.661200
94.266000 37.797000 58.462000 1.661200
96.895000 39.730000 58.514000 0.600000
94.979000 40.993000 56.828000 1.387000
94.771000 39.948000 59.493000 1.487000
93.519000 40.721000 58.786000 1.487000
96.259000 42.767000 59.139000 1.824000
96.338000 44.129000 59.621000 1.908000
96.731000 45.050000 58.481000 1.908000
96.093000 46.075000 58.251000 1.661200
96.893000 42.067000 59.439000 0.600000
95.448000 44.413000 59.986000 1.387000
97.023000 44.192000 60.351000 1.387000
97.784000 44.673000 57.759000 1.824000
98.282000 45.461000 56.638000 1.908000
97.319000 45.404000 55.456000 1.908000
97.112000 46.405000 54.770000 1.661200
99.674000 44.961000 56.199000 1.908000
100.184000 45.767000 55.019000 1.908000
100.639000 45.073000 57.361000 1.908000
98.232000 43.811000 58.018000 0.600000
98.351000 46.421000 56.935000 1.387000
99.572000 44.020000 55.890000 1.487000
99.574000 45.673000 54.236000 1.487000
100.243000 46.738000 55.276000 1.487000
101.107000 45.436000 54.764000 1.487000
100.736000 46.021000 57.651000 1.487000
100.300000 44.525000 58.133000 1.487000
101.544000 44.718000 57.077000 1.487000
96.727000 44.233000 55.232000 1.824000
95.775000 44.050000 54.147000 1.908000
94.578000 44.978000 54.356000 1.908000
94.175000 45.697000 53.439000 1.661200
95.319000 42.591000 54.093000 1.908000
96.963000 43.474000 55.844000 0.600000
96.216000 44.290000 53.280000 1.387000
96.111000 42.003000 53.941000 1.487000
94.884000 42.349000 54.959000 1.487000
94.668000 42.473000 53.349000 1.487000
94.012000 44.961000 55.564000 1.824000
92.874000 45.822000 55.880000 1.908000
93.273000 47.277000 55.706000 1.908000
92.567000 48.059000 55.066000 1.661200
92.401000 45.619000 57.326000 1.908000
91.701000 44.290000 57.540000 1.908000
91.297000 43.650000 56.543000 1.661200
91.540000 43.891000 58.715000 1.661200
94.392000 44.340000 56.245000 0.600000
92.159000 45.627000 55.205000 1.387000
93.200000 45.659000 57.917000 1.487000
91.769000 46.354000 57.547000 1.487000
94.409000 47.637000 56.291000 1.824000
94.909000 49.003000 56.211000 1.908000
95.083000 49.415000 54.748000 1.908000
94.664000 50.501000 54.350000 1.661200
96.234000 49.106000 56.974000 1.908000
96.659000 50.513000 57.333000 1.908000
97.146000 51.391000 56.362000 1.908000
96.584000 50.965000 58.650000 1.908000
97.549000 52.684000 56.697000 1.908000
96.980000 52.255000 58.993000 1.908000
97.460000 53.108000 58.014000 1.908000
97.833000 54.392000 58.348000 1.721000
94.915000 46.933000 56.793000 0.600000
94.232000 49.615000 56.627000 1.387000
96.147000 48.580000 57.822000 1.487000
96.952000 48.699000 56.407000 1.487000
97.208000 51.090000 55.411000 1.459000
96.239000 50.354000 59.360000 1.459000
97.898000 53.299000 55.990000 1.459000
96.918000 52.562000 59.942000 1.459000
98.794000 54.398000 58.622000 0.600000
95.687000 48.537000 53.948000 1.824000
95.900000 48.811000 52.528000 1.908000
94.606000 49.120000 51.789000 1.908000
94.559000 50.023000 50.958000 1.661200
96.584000 47.620000 51.849000 1.908000
98.096000 47.537000 52.040000 1.908000
98.641000 46.226000 51.485000 1.908000
98.734000 48.734000 51.358000 1.908000
95.993000 47.676000 54.355000 0.600000
96.514000 49.613000 52.447000 1.387000
96.189000 46.789000 52.224000 1.487000
96.408000 47.683000 50.875000 1.487000
98.306000 47.595000 53.017000 1.487000
98.210000 45.460000 51.963000 1.487000
98.436000 46.167000 50.509000 1.487000
99.630000 46.191000 51.622000 1.487000
98.513000 48.722000 50.381000 1.487000
98.385000 49.579000 51.765000 1.487000
99.732000 48.693000 51.476000 1.487000
93.555000 48.372000 52.100000 1.824000
92.265000 48.559000 51.441000 1.908000
91.442000 49.724000 51.971000 1.908000
90.627000 50.295000 51.260000 1.661200
91.442000 47.280000 51.557000 1.908000
92.116000 46.080000 50.941000 1.908000
91.123000 45.162000 50.288000 1.908000
93.674000 47.671000 52.804000 0.600000
92.447000 48.734000 50.451000 1.387000
91.281000 47.090000 52.526000 1.487000
90.564000 47.421000 51.096000 1.487000
92.767000 46.394000 50.252000 1.487000
92.598000 45.578000 51.657000 1.487000
90.234000 44.621000 50.947000 1.661200
91.256000 44.986000 48.973000 1.824000
90.465000 44.387000 49.042000 0.600000
91.694000 45.132000 48.080000 0.600000
91.659000 50.074000 53.228000 1.824000
90.914000 51.151000 53.840000 1.908000
91.552000 52.518000 53.623000 1.908000
90.851000 53.515000 53.509000 1.661200
90.778000 50.894000 55.344000 1.908000
90.182000 49.606000 55.543000 1.721000
89.931000 51.956000 56.003000 1.908000
92.355000 49.568000 53.738000 0.600000
89.981000 51.173000 53.435000 1.387000
91.706000 50.882000 55.764000 1.387000
90.335000 52.866000 55.918000 1.487000
89.010000 51.975000 55.582000 1.487000
89.830000 51.728000 57.006000 1.487000
90.866000 48.919000 55.339000 0.600000
92.879000 52.566000 53.552000 1.824000
93.556000 53.844000 53.388000 1.908000
94.426000 53.936000 52.147000 1.908000
95.093000 54.942000 51.923000 1.661200
94.376000 54.137000 54.646000 1.908000
93.547000 53.997000 55.902000 1.908000
92.519000 54.902000 56.196000 1.908000
93.741000 52.917000 56.763000 1.908000
91.699000 54.722000 57.325000 1.908000
92.932000 52.725000 57.882000 1.908000
91.914000 53.621000 58.161000 1.908000
91.106000 53.381000 59.255000 1.721000
93.383000 51.715000 53.614000 0.600000
92.843000 54.573000 53.328000 1.387000
95.122000 53.491000 54.690000 1.487000
94.707000 55.067000 54.593000 1.487000
92.362000 55.686000 55.602000 1.459000
94.475000 52.265000 56.574000 1.459000
90.973000 55.372000 57.524000 1.459000
93.089000 51.939000 58.482000 1.459000
90.148000 53.477000 58.986000 0.600000
94.415000 52.880000 51.343000 1.824000
95.185000 52.845000 50.103000 1.908000
96.652000 53.222000 50.239000 1.908000
97.208000 53.919000 49.391000 1.661200
94.515000 53.732000 49.049000 1.908000
93.251000 53.150000 48.491000 1.908000
92.780000 51.904000 48.851000 1.824000
92.354000 53.651000 47.608000 1.908000
91.647000 51.664000 48.213000 1.908000
91.366000 52.708000 47.453000 1.824000
93.853000 52.095000 51.618000 0.600000
95.136000 51.893000 49.728000 1.387000
94.298000 54.622000 49.461000 1.487000
95.157000 53.878000 48.290000 1.487000
93.227000 51.284000 49.494000 0.600000
92.401000 54.537000 47.155000 1.409000
91.099000 50.837000 48.291000 1.359000
97.273000 52.744000 51.310000 1.824000
98.690000 52.977000 51.572000 1.908000
99.103000 52.082000 52.734000 1.908000
98.251000 51.603000 53.486000 1.661200
98.958000 54.445000 51.920000 1.908000
98.203000 54.969000 53.133000 1.908000
98.645000 56.391000 53.456000 1.908000
97.681000 57.091000 54.395000 1.908000
97.457000 56.338000 55.658000 1.824000
96.720000 52.200000 51.956000 0.600000
99.217000 52.723000 50.767000 1.387000
99.940000 54.549000 52.092000 1.487000
98.704000 55.003000 51.126000 1.487000
97.228000 54.972000 52.935000 1.487000
98.395000 54.386000 53.915000 1.487000
99.544000 56.356000 53.888000 1.487000
98.698000 56.911000 52.606000 1.487000
98.047000 58.004000 54.617000 1.100000
96.798000 57.213000 53.924000 1.100000
97.094000 55.432000 55.422000 0.600000
98.320000 56.237000 56.142000 0.600000
96.805000 56.823000 56.226000 0.600000
100.402000 51.839000 52.866000 1.824000
100.902000 51.003000 53.953000 1.908000
100.874000 51.763000 55.267000 1.908000
100.748000 52.990000 55.284000 1.661200
102.347000 50.583000 53.690000 1.908000
102.626000 49.535000 52.622000 1.908000
104.124000 49.471000 52.353000 1.908000
102.081000 48.186000 53.084000 1.908000
101.023000 52.244000 52.201000 0.600000
100.306000 50.197000 54.036000 1.387000
102.863000 51.413000 53.436000 1.487000
102.725000 50.234000 54.558000 1.487000
102.151000 49.786000 51.784000 1.487000
104.452000 50.355000 52.026000 1.487000
104.605000 49.231000 53.199000 1.487000
104.308000 48.769000 51.657000 1.487000
102.528000 47.932000 53.944000 1.487000
101.096000 48.257000 53.228000 1.487000
102.270000 47.494000 52.391000 1.487000
100.964000 51.034000 56.391000 1.824000
100.974000 51.646000 57.722000 1.908000
102.289000 52.418000 57.833000 1.908000
103.207000 52.193000 57.043000 1.661200
100.934000 50.436000 58.652000 1.908000
100.139000 49.449000 57.862000 1.908000
100.730000 49.582000 56.489000 1.908000
100.199000 52.243000 57.849000 1.387000
101.852000 50.095000 58.830000 1.487000
100.478000 50.660000 59.507000 1.487000
100.265000 48.530000 58.219000 1.487000
99.176000 49.693000 57.863000 1.487000
101.588000 49.083000 56.408000 1.387000
100.093000 49.282000 55.783000 1.387000
102.386000 53.304000 58.817000 1.824000
103.576000 54.130000 59.015000 1.908000
104.862000 53.402000 59.397000 1.908000
105.944000 53.991000 59.353000 1.661200
103.283000 55.204000 60.068000 1.908000
102.269000 56.236000 59.590000 1.908000
101.752000 56.993000 60.443000 1.661200
101.995000 56.303000 58.367000 1.661200
101.597000 53.392000 59.437000 0.600000
103.759000 54.605000 58.121000 1.387000
102.920000 54.753000 60.875000 1.487000
104.134000 55.669000 60.279000 1.487000
104.764000 52.129000 59.762000 1.824000
105.948000 51.380000 60.162000 1.908000
106.705000 50.744000 58.991000 1.908000
107.547000 49.861000 59.189000 1.661200
105.553000 50.318000 61.196000 1.908000
104.400000 49.445000 60.726000 1.908000
103.236000 49.708000 61.040000 1.661200
104.720000 48.391000 59.987000 1.824000
103.864000 51.707000 59.754000 0.600000
106.588000 52.039000 60.598000 1.387000
106.342000 49.736000 61.366000 1.487000
105.279000 50.782000 62.033000 1.487000
105.681000 48.205000 59.772000 0.600000
104.006000 47.782000 59.643000 0.600000
106.416000 51.210000 57.777000 1.824000
107.069000 50.692000 56.570000 1.908000
107.935000 51.717000 55.840000 1.908000
107.558000 52.880000 55.702000 1.661200
106.022000 50.156000 55.587000 1.908000
105.468000 48.804000 55.962000 1.908000
106.179000 47.641000 55.673000 1.908000
104.257000 48.688000 56.648000 1.908000
105.706000 46.390000 56.057000 1.908000
103.770000 47.432000 57.043000 1.908000
104.507000 46.289000 56.740000 1.908000
104.049000 45.049000 57.111000 1.721000
105.728000 51.936000 57.712000 0.600000
107.668000 49.916000 56.847000 1.387000
105.268000 50.807000 55.552000 1.487000
106.449000 50.082000 54.689000 1.487000
107.048000 47.704000 55.178000 1.459000
103.730000 49.503000 56.862000 1.459000
106.234000 45.567000 55.840000 1.459000
102.909000 47.362000 57.533000 1.459000
104.693000 44.348000 56.803000 0.600000
109.099000 51.269000 55.376000 1.824000
110.020000 52.114000 54.625000 1.908000
110.621000 51.276000 53.498000 1.908000
110.870000 50.079000 53.669000 1.661200
111.165000 52.665000 55.519000 1.908000
112.037000 51.520000 56.034000 1.908000
110.579000 53.431000 56.692000 1.908000
113.211000 51.982000 56.876000 1.908000
109.327000 50.306000 55.565000 0.600000
109.468000 52.818000 54.191000 1.387000
111.728000 53.257000 54.955000 1.487000
111.468000 50.909000 56.580000 1.487000
112.388000 51.015000 55.247000 1.487000
110.023000 52.819000 57.251000 1.487000
111.325000 53.807000 57.240000 1.487000
110.008000 54.180000 56.349000 1.487000
112.864000 52.454000 57.685000 1.487000
113.752000 51.191000 57.154000 1.487000
113.778000 52.605000 56.344000 1.487000
110.850000 51.906000 52.351000 1.824000
111.410000 51.224000 51.186000 1.908000
112.876000 50.819000 51.405000 1.908000
113.521000 51.292000 52.341000 1.661200
111.313000 52.132000 49.954000 1.908000
112.225000 53.226000 50.100000 1.721000
109.900000 52.702000 49.821000 1.908000
110.622000 52.884000 52.308000 0.600000
110.876000 50.383000 51.018000 1.387000
111.585000 51.600000 49.128000 1.387000
109.224000 51.984000 49.690000 1.487000
109.667000 53.223000 50.654000 1.487000
109.871000 53.335000 49.020000 1.487000
111.777000 53.928000 50.638000 0.600000
113.398000 49.942000 50.546000 1.824000
114.787000 49.486000 50.656000 1.908000
115.744000 50.669000 50.560000 1.908000
116.754000 50.733000 51.260000 1.661200
115.121000 48.491000 49.539000 1.908000
114.260000 47.234000 49.531000 1.908000
114.493000 46.430000 48.269000 1.908000
113.549000 45.244000 48.179000 1.908000
113.636000 44.580000 46.840000 1.824000
112.805000 49.601000 49.816000 0.600000
114.911000 49.040000 51.547000 1.387000
115.003000 48.957000 48.662000 1.487000
116.077000 48.216000 49.644000 1.487000
114.496000 46.675000 50.323000 1.487000
113.299000 47.498000 49.578000 1.487000
114.341000 47.017000 47.478000 1.487000
115.429000 46.090000 48.268000 1.487000
113.789000 44.579000 48.888000 1.100000
112.610000 45.559000 48.325000 1.100000
113.396000 45.249000 46.136000 0.600000
114.566000 44.255000 46.696000 0.600000
113.005000 43.817000 46.804000 0.600000
115.413000 51.600000 49.676000 1.824000
116.219000 52.791000 49.462000 1.908000
116.235000 53.701000 50.693000 1.908000
117.278000 54.233000 51.066000 1.661200
115.682000 53.555000 48.248000 1.908000
116.212000 54.863000 48.194000 1.721000
114.568000 51.452000 49.147000 0.600000
117.171000 52.501000 49.284000 1.387000
115.940000 53.063000 47.422000 1.387000
114.689000 53.607000 48.318000 1.387000
117.203000 54.800000 48.140000 0.600000
115.078000 53.879000 51.323000 1.824000
114.983000 54.725000 52.509000 1.908000
115.718000 54.086000 53.682000 1.908000
116.368000 54.773000 54.471000 1.661200
113.520000 54.950000 52.881000 1.908000
112.700000 55.585000 51.771000 1.908000
111.237000 55.743000 52.144000 1.908000
110.607000 54.737000 52.544000 1.661200
110.717000 56.874000 52.033000 1.661200
114.273000 53.414000 50.957000 0.600000
115.382000 55.627000 52.314000 1.387000
113.123000 54.073000 53.081000 1.487000
113.495000 55.556000 53.654000 1.487000
113.060000 56.482000 51.595000 1.487000
112.743000 55.003000 50.981000 1.487000
115.611000 52.765000 53.794000 1.824000
116.275000 52.041000 54.867000 1.908000
117.778000 52.230000 54.717000 1.908000
118.497000 52.423000 55.696000 1.661200
115.924000 50.568000 54.795000 1.908000
115.057000 52.286000 53.114000 0.600000
115.990000 52.423000 55.744000 1.387000
114.935000 50.451000 54.887000 1.487000
116.220000 50.194000 53.914000 1.487000
116.389000 50.077000 55.539000 1.487000
118.240000 52.191000 53.475000 1.824000
119.654000 52.344000 53.177000 1.908000
120.163000 53.718000 53.604000 1.908000
121.200000 53.829000 54.256000 1.661200
119.886000 52.136000 51.682000 1.908000
121.220000 51.499000 51.365000 1.908000
121.151000 50.596000 50.146000 1.908000
121.969000 50.713000 49.225000 1.661200
120.171000 49.700000 50.126000 1.824000
117.572000 52.050000 52.738000 0.600000
120.163000 51.652000 53.705000 1.387000
119.162000 51.545000 51.325000 1.487000
119.845000 53.026000 51.225000 1.487000
121.890000 52.218000 51.187000 1.487000
121.513000 50.952000 52.148000 1.487000
120.539000 49.420000 49.249000 0.600000
119.359000 49.234000 50.499000 0.600000
119.420000 54.756000 53.238000 1.824000
119.775000 56.127000 53.573000 1.908000
119.877000 56.320000 55.086000 1.908000
120.471000 57.295000 55.556000 1.661200
118.740000 57.088000 52.989000 1.908000
118.585000 54.558000 52.709000 0.600000
120.671000 56.342000 53.164000 1.387000
118.716000 56.987000 51.996000 1.487000
117.840000 56.875000 53.369000 1.487000
118.987000 58.026000 53.222000 1.487000
119.290000 55.397000 55.843000 1.824000
119.327000 55.468000 57.298000 1.908000
120.459000 54.603000 57.848000 1.908000
120.667000 54.530000 59.058000 1.661200
117.991000 55.005000 57.891000 1.908000
116.728000 55.822000 57.598000 1.908000
115.540000 55.148000 58.265000 1.908000
116.884000 57.255000 58.114000 1.908000
118.819000 54.648000 55.376000 0.600000
119.496000 56.420000 57.570000 1.387000
117.820000 54.068000 57.560000 1.487000
118.097000 54.973000 58.892000 1.487000
116.585000 55.855000 56.616000 1.487000
115.413000 54.227000 57.903000 1.487000
115.697000 55.095000 59.255000 1.487000
114.708000 55.692000 58.091000 1.487000
117.057000 57.212000 59.102000 1.487000
117.652000 57.689000 57.656000 1.487000
116.054000 57.766000 57.941000 1.487000
121.183000 53.941000 56.955000 1.824000
122.288000 53.102000 57.383000 1.908000
122.023000 51.607000 57.367000 1.908000
122.765000 50.839000 57.980000 1.661200
120.945000 54.038000 55.995000 0.600000
123.107000 53.300000 56.793000 1.387000
122.570000 53.379000 58.332000 1.387000
120.971000 51.177000 56.675000 1.824000
120.661000 49.751000 56.617000 1.908000
121.601000 49.026000 55.670000 1.908000
121.813000 49.445000 54.532000 1.661200
119.212000 49.520000 56.170000 1.908000
118.833000 48.060000 56.053000 1.908000
118.958000 47.101000 57.018000 1.908000
118.259000 47.405000 54.911000 1.908000
118.500000 45.893000 56.551000 1.824000
118.065000 46.049000 55.262000 1.908000
117.888000 47.833000 53.626000 1.908000
117.514000 45.113000 54.373000 1.908000
117.340000 46.905000 52.741000 1.908000
117.158000 45.558000 53.121000 1.908000
120.411000 51.848000 56.206000 0.600000
120.802000 49.371000 57.539000 1.387000
118.599000 49.926000 56.836000 1.487000
119.080000 49.927000 55.275000 1.487000
119.329000 47.254000 57.933000 1.409000
118.486000 45.037000 57.068000 0.600000
118.010000 48.780000 53.345000 1.459000
117.392000 44.160000 54.656000 1.459000
117.076000 47.200000 51.832000 1.459000
116.762000 44.925000 52.460000 1.459000
122.180000 47.945000 56.169000 1.824000
123.077000 47.108000 55.394000 1.908000
122.484000 45.723000 55.568000 1.908000
122.708000 45.061000 56.579000 1.661200
124.511000 47.140000 55.954000 1.908000
125.391000 46.132000 55.206000 1.908000
125.088000 48.542000 55.815000 1.908000
121.971000 47.717000 57.132000 0.600000
123.002000 47.358000 54.450000 1.387000
124.476000 46.842000 56.900000 1.487000
125.042000 45.209000 55.325000 1.487000
125.399000 46.364000 54.230000 1.487000
126.328000 46.181000 55.563000 1.487000
125.127000 48.807000 54.856000 1.487000
124.509000 49.190000 56.317000 1.487000
126.016000 48.560000 56.203000 1.487000
121.698000 45.313000 54.581000 1.824000
121.014000 44.031000 54.590000 1.908000
121.824000 42.866000 55.157000 1.908000
121.309000 42.087000 55.971000 1.661200
120.537000 43.701000 53.174000 1.908000
121.587000 45.945000 53.796000 0.600000
120.157000 44.122000 55.146000 1.387000
119.907000 44.407000 52.859000 1.487000
121.327000 43.660000 52.561000 1.487000
120.073000 42.818000 53.177000 1.487000
123.079000 42.746000 54.720000 1.824000
123.969000 41.673000 55.170000 1.908000
124.352000 41.782000 56.650000 1.908000
124.965000 40.874000 57.211000 1.661200
125.235000 41.633000 54.301000 1.908000
125.887000 42.890000 54.266000 1.721000
123.401000 43.430000 54.057000 0.600000
123.483000 40.791000 55.043000 1.387000
125.859000 40.952000 54.679000 1.387000
124.975000 41.375000 53.373000 1.387000
126.868000 42.734000 54.270000 0.600000
123.983000 42.894000 57.275000 1.824000
124.259000 43.115000 58.693000 1.908000
123.021000 42.761000 59.513000 1.908000
123.114000 42.537000 60.719000 1.661200
124.595000 44.582000 58.954000 1.908000
125.879000 45.079000 58.344000 1.908000
127.058000 44.804000 59.247000 1.908000
128.057000 45.947000 59.167000 1.908000
127.427000 47.224000 59.618000 1.824000
123.501000 43.590000 56.735000 0.600000
125.013000 42.520000 58.975000 1.387000
123.836000 45.140000 58.599000 1.487000
124.643000 44.714000 59.952000 1.487000
126.028000 44.618000 57.466000 1.487000
125.812000 46.067000 58.189000 1.487000
126.742000 44.727000 60.183000 1.487000
127.508000 43.972000 58.954000 1.487000
128.836000 45.741000 59.755000 1.100000
128.362000 46.049000 58.223000 1.100000
126.646000 47.430000 59.030000 0.600000
127.120000 47.124000 60.563000 0.600000
128.092000 47.963000 59.560000 0.600000
121.865000 42.726000 58.855000 1.824000
120.624000 42.423000 59.547000 1.908000
120.390000 43.473000 60.615000 1.908000
119.834000 43.182000 61.677000 1.661200
121.881000 42.914000 57.877000 0.600000
119.865000 42.432000 58.897000 1.387000
120.687000 41.521000 59.973000 1.387000
120.798000 44.703000 60.313000 1.824000
120.703000 45.821000 61.248000 1.908000
119.522000 46.784000 61.080000 1.908000
119.544000 47.884000 61.636000 1.661200
121.996000 46.632000 61.168000 1.908000
122.070000 47.480000 59.910000 1.908000
121.186000 44.842000 59.392000 0.600000
120.616000 45.414000 62.191000 1.387000
122.041000 47.234000 61.959000 1.487000
122.765000 46.001000 61.170000 1.487000
121.471000 47.145000 58.888000 1.661200
122.815000 48.579000 59.976000 1.824000
123.295000 48.803000 60.827000 0.600000
122.898000 49.179000 59.183000 0.600000
118.496000 46.393000 60.334000 1.824000
117.357000 47.286000 60.123000 1.908000
116.751000 47.846000 61.407000 1.908000
116.450000 49.039000 61.487000 1.661200
116.262000 46.581000 59.317000 1.908000
115.036000 47.445000 58.998000 1.908000
115.456000 48.659000 58.175000 1.908000
114.006000 46.624000 58.247000 1.908000
118.524000 45.489000 59.929000 0.600000
117.669000 48.070000 59.551000 1.387000
116.654000 46.294000 58.454000 1.487000
115.948000 45.803000 59.842000 1.487000
114.624000 47.750000 59.852000 1.487000
116.111000 49.206000 58.693000 1.487000
115.879000 48.352000 57.322000 1.487000
114.650000 49.215000 57.966000 1.487000
114.419000 46.282000 57.397000 1.487000
113.716000 45.851000 58.808000 1.487000
113.215000 47.198000 58.028000 1.487000
116.567000 46.989000 62.407000 1.824000
115.976000 47.414000 63.672000 1.908000
116.866000 48.394000 64.434000 1.908000
116.376000 49.225000 65.199000 1.661200
115.671000 46.202000 64.536000 1.908000
116.847000 46.041000 62.263000 0.600000
115.091000 47.869000 63.480000 1.387000
115.028000 45.602000 64.059000 1.487000
116.518000 45.700000 64.720000 1.487000
115.267000 46.503000 65.403000 1.487000
118.171000 48.301000 64.209000 1.824000
119.129000 49.175000 64.874000 1.908000
119.118000 50.584000 64.296000 1.908000
119.232000 51.561000 65.033000 1.661200
120.537000 48.589000 64.759000 1.908000
120.663000 47.230000 65.429000 1.908000
121.444000 46.392000 64.927000 1.661200
119.993000 47.002000 66.461000 1.661200
118.480000 47.602000 63.560000 0.600000
118.844000 49.250000 65.841000 1.387000
120.751000 48.489000 63.795000 1.487000
121.170000 49.218000 65.194000 1.487000
118.978000 50.695000 62.979000 1.824000
118.968000 52.004000 62.342000 1.908000
117.572000 52.587000 62.125000 1.908000
117.433000 53.761000 61.772000 1.661200
119.693000 51.962000 60.984000 1.908000
121.129000 51.514000 61.181000 1.908000
118.960000 51.027000 60.030000 1.908000
118.881000 49.860000 62.447000 0.600000
119.482000 52.650000 62.941000 1.387000
119.721000 52.889000 60.629000 1.487000
121.629000 52.150000 61.761000 1.487000
121.141000 50.601000 61.607000 1.487000
121.587000 51.459000 60.275000 1.487000
118.944000 50.102000 60.400000 1.487000
118.021000 51.353000 59.904000 1.487000
119.430000 51.022000 59.143000 1.487000
116.540000 51.772000 62.322000 1.824000
115.167000 52.236000 62.140000 1.908000
114.207000 51.370000 62.940000 1.908000
113.406000 50.619000 62.372000 1.661200
114.792000 52.211000 60.660000 1.908000
116.733000 50.833000 62.598000 0.600000
115.100000 53.183000 62.470000 1.387000
115.414000 52.807000 60.153000 1.487000
114.869000 51.277000 60.314000 1.487000
113.856000 52.532000 60.548000 1.487000
114.266000 51.478000 64.276000 1.824000
113.413000 50.712000 65.192000 1.908000
111.934000 50.723000 64.806000 1.908000
111.381000 51.765000 64.438000 1.661200
113.657000 51.393000 66.540000 1.908000
115.060000 51.902000 66.414000 1.908000
115.076000 52.463000 65.018000 1.908000
113.751000 49.755000 65.275000 1.387000
113.016000 52.144000 66.679000 1.487000
113.580000 50.738000 67.287000 1.487000
115.237000 52.611000 67.086000 1.487000
115.711000 51.159000 66.508000 1.487000
114.653000 53.363000 64.980000 1.387000
116.001000 52.504000 64.650000 1.387000
111.307000 49.552000 64.891000 1.824000
109.896000 49.435000 64.575000 1.908000
109.546000 49.500000 63.101000 1.908000
108.370000 49.479000 62.744000 1.661200
111.843000 48.760000 65.179000 0.600000
109.538000 48.552000 64.963000 1.387000
109.379000 50.173000 65.072000 1.387000
110.551000 49.577000 62.236000 1.824000
110.288000 49.643000 60.799000 1.908000
110.494000 48.296000 60.122000 1.908000
111.168000 47.419000 60.654000 1.661200
111.204000 50.673000 60.130000 1.908000
111.111000 52.072000 60.708000 1.908000
109.733000 52.678000 60.515000 1.908000
109.698000 54.111000 61.042000 1.908000
108.380000 54.767000 60.833000 1.824000
111.478000 49.589000 62.591000 0.600000
109.330000 49.934000 60.658000 1.387000
112.148000 50.354000 60.223000 1.487000
110.964000 50.715000 59.159000 1.487000
111.313000 52.035000 61.690000 1.487000
111.789000 52.659000 60.258000 1.487000
109.518000 52.694000 59.548000 1.487000
109.068000 52.143000 61.018000 1.487000
109.909000 54.097000 62.026000 1.100000
110.412000 54.644000 60.573000 1.100000
108.183000 54.768000 59.848000 0.600000
107.675000 54.257000 61.315000 0.600000
108.413000 55.700000 61.169000 0.600000
109.896000 48.147000 58.946000 1.824000
110.018000 46.941000 58.130000 1.908000
110.142000 47.425000 56.688000 1.908000
109.655000 48.510000 56.349000 1.661200
108.764000 46.064000 58.235000 1.908000
108.517000 45.613000 59.553000 1.721000
109.332000 48.923000 58.620000 0.600000
110.859000 46.485000 58.373000 1.387000
107.975000 46.597000 57.920000 1.387000
108.881000 45.268000 57.636000 1.387000
109.229000 45.972000 60.146000 0.600000
110.798000 46.636000 55.847000 1.824000
110.932000 46.988000 54.443000 1.908000
109.561000 46.810000 53.794000 1.908000
108.905000 45.786000 54.001000 1.661200
111.937000 46.067000 53.722000 1.908000
113.341000 46.275000 54.298000 1.908000
111.928000 46.360000 52.226000 1.908000
113.898000 47.674000 54.087000 1.908000
111.195000 45.796000 56.210000 0.600000
111.135000 47.959000 54.412000 1.387000
111.669000 45.128000 53.894000 1.487000
113.313000 46.084000 55.278000 1.487000
113.958000 45.619000 53.864000 1.487000
112.210000 47.304000 52.069000 1.487000
112.559000 45.735000 51.771000 1.487000
111.007000 46.223000 51.865000 1.487000
113.301000 48.327000 54.553000 1.487000
114.817000 47.724000 54.468000 1.487000
113.925000 47.880000 53.118000 1.487000
109.129000 47.806000 53.025000 1.824000
107.841000 47.722000 52.362000 1.908000
107.566000 48.901000 51.449000 1.908000
108.078000 49.999000 51.673000 1.661200
109.716000 48.603000 52.923000 0.600000
107.797000 46.863000 51.820000 1.387000
107.105000 47.663000 53.062000 1.387000
106.776000 48.673000 50.404000 1.824000
106.435000 49.753000 49.493000 1.908000
107.136000 49.735000 48.153000 1.908000
106.814000 50.526000 47.268000 1.661200
106.432000 47.751000 50.270000 0.600000
105.417000 49.748000 49.338000 1.387000
106.625000 50.652000 49.958000 1.387000
108.096000 48.836000 47.988000 1.824000
108.819000 48.763000 46.731000 1.908000
108.012000 48.052000 45.664000 1.908000
107.197000 47.177000 45.961000 1.661200
110.152000 48.040000 46.920000 1.908000
111.177000 48.885000 47.654000 1.908000
111.613000 49.913000 47.095000 1.661200
111.543000 48.518000 48.787000 1.661200
108.301000 48.224000 48.742000 0.600000
108.963000 49.712000 46.413000 1.387000
109.983000 47.215000 47.447000 1.487000
110.510000 47.813000 46.022000 1.487000
108.251000 48.447000 44.420000 1.824000
107.595000 47.859000 43.265000 1.908000
107.940000 46.375000 43.172000 1.908000
109.098000 45.983000 43.365000 1.661200
108.061000 48.567000 41.968000 1.908000
107.477000 49.979000 41.932000 1.908000
107.662000 47.759000 40.736000 1.908000
108.073000 50.861000 40.866000 1.908000
108.924000 49.193000 44.301000 0.600000
106.610000 47.911000 43.439000 1.387000
109.046000 48.639000 42.001000 1.487000
106.490000 49.908000 41.784000 1.487000
107.632000 50.403000 42.826000 1.487000
106.666000 47.680000 40.708000 1.487000
107.991000 48.230000 39.922000 1.487000
108.067000 46.853000 40.786000 1.487000
107.886000 50.462000 39.967000 1.487000
107.667000 51.773000 40.917000 1.487000
109.063000 50.927000 41.002000 1.487000
106.929000 45.558000 42.887000 1.824000
107.111000 44.114000 42.737000 1.908000
106.979000 43.829000 41.255000 1.908000
105.922000 44.028000 40.672000 1.661200
106.038000 43.348000 43.505000 1.908000
106.138000 41.852000 43.360000 1.908000
107.251000 41.167000 43.834000 1.908000
105.117000 41.129000 42.751000 1.908000
107.344000 39.781000 43.702000 1.908000
105.200000 39.747000 42.614000 1.908000
106.313000 39.070000 43.090000 1.908000
106.020000 45.971000 42.776000 0.600000
108.046000 43.914000 42.990000 1.387000
106.134000 43.567000 44.464000 1.487000
105.156000 43.628000 43.158000 1.487000
107.992000 41.663000 44.274000 1.459000
104.309000 41.611000 42.407000 1.459000
108.157000 39.303000 44.049000 1.459000
104.446000 39.243000 42.165000 1.459000
106.381000 38.079000 42.999000 1.459000
108.055000 43.366000 40.641000 1.824000
108.034000 43.109000 39.216000 1.908000
107.399000 41.805000 38.755000 1.908000
107.346000 41.547000 37.556000 1.661200
109.437000 43.250000 38.651000 1.908000
109.818000 44.604000 38.745000 1.721000
108.872000 43.202000 41.187000 0.600000
107.514000 43.880000 38.765000 1.387000
110.057000 42.699000 39.184000 1.387000
109.431000 42.978000 37.702000 1.387000
109.188000 45.148000 38.201000 0.600000
106.941000 40.984000 39.700000 1.824000
106.243000 39.747000 39.362000 1.908000
106.991000 39.060000 38.216000 1.908000
106.443000 38.855000 37.134000 1.661200
104.821000 40.150000 38.952000 1.908000
103.875000 38.985000 38.844000 1.908000
107.093000 41.245000 40.653000 0.600000
106.306000 39.143000 40.153000 1.387000
104.471000 40.790000 39.637000 1.487000
104.873000 40.609000 38.064000 1.487000
104.037000 37.964000 39.515000 1.661200
102.847000 39.147000 38.013000 1.824000
102.740000 39.998000 37.502000 0.600000
102.177000 38.410000 37.900000 0.600000
108.248000 38.709000 38.476000 1.824000
109.137000 38.114000 37.479000 1.908000
108.841000 36.690000 37.003000 1.908000
109.311000 36.284000 35.941000 1.661200
110.581000 38.206000 37.987000 1.908000
111.019000 39.641000 38.304000 1.908000
112.250000 39.695000 39.205000 1.908000
112.404000 41.016000 39.807000 1.824000
112.901000 42.080000 39.181000 1.908000
113.317000 41.989000 37.927000 1.824000
112.938000 43.255000 39.797000 1.824000
108.581000 38.873000 39.418000 0.600000
109.144000 38.732000 36.646000 1.387000
110.655000 37.674000 38.819000 1.487000
111.183000 37.853000 37.285000 1.487000
111.237000 40.114000 37.451000 1.487000
110.273000 40.116000 38.769000 1.487000
112.137000 39.016000 39.920000 1.387000
113.046000 39.490000 38.648000 1.387000
112.113000 41.132000 40.767000 0.600000
113.248000 41.131000 37.424000 0.600000
113.709000 42.797000 37.471000 0.600000
112.572000 43.338000 40.727000 0.600000
113.326000 44.052000 39.339000 0.600000
108.084000 35.928000 37.781000 1.824000
107.745000 34.566000 37.389000 1.908000
106.351000 34.598000 36.778000 1.908000
105.859000 33.589000 36.280000 1.661200
107.740000 33.638000 38.608000 1.908000
109.098000 33.372000 39.236000 1.908000
109.911000 32.350000 38.468000 1.908000
109.348000 31.702000 37.570000 1.661200
111.108000 32.180000 38.767000 1.661200
107.756000 36.315000 38.639000 0.600000
108.397000 34.233000 36.718000 1.387000
107.168000 34.057000 39.299000 1.487000
107.368000 32.767000 38.319000 1.487000
109.606000 34.214000 39.241000 1.487000
108.956000 33.019000 40.143000 1.487000
105.721000 35.770000 36.845000 1.824000
104.385000 35.945000 36.308000 1.908000
103.326000 35.200000 37.099000 1.908000
102.252000 34.906000 36.581000 1.661200
106.207000 36.528000 37.283000 0.600000
104.155000 36.935000 36.294000 1.387000
104.365000 35.626000 35.343000 1.387000
103.610000 34.909000 38.364000 1.824000
102.656000 34.174000 39.192000 1.908000
101.431000 34.974000 39.606000 1.908000
100.368000 34.398000 39.822000 1.661200
103.361000 33.603000 40.427000 1.908000
104.436000 32.574000 40.072000 1.908000
105.142000 32.040000 41.307000 1.908000
106.310000 31.140000 40.943000 1.908000
107.248000 30.976000 42.093000 1.824000
104.487000 35.205000 38.728000 0.600000
102.345000 33.350000 38.672000 1.387000
103.795000 34.350000 40.913000 1.487000
102.682000 33.159000 40.997000 1.487000
104.004000 31.811000 39.588000 1.487000
105.111000 33.006000 39.472000 1.487000
105.487000 32.809000 41.838000 1.487000
104.492000 31.514000 41.848000 1.487000
105.959000 30.241000 40.676000 1.100000
106.806000 31.543000 40.172000 1.100000
107.595000 31.877000 42.356000 0.600000
106.761000 30.566000 42.859000 0.600000
108.005000 30.391000 41.826000 0.600000
101.570000 36.292000 39.733000 1.824000
100.429000 37.123000 40.098000 1.908000
99.763000 37.575000 38.805000 1.908000
100.426000 37.715000 37.773000 1.661200
100.859000 38.353000 40.910000 1.908000
101.417000 38.151000 42.321000 1.908000
101.478000 39.490000 43.028000 1.908000
100.535000 37.197000 43.103000 1.908000
102.467000 36.685000 39.573000 0.600000
99.782000 36.573000 40.612000 1.387000
101.567000 38.835000 40.377000 1.487000
100.058000 38.958000 40.991000 1.487000
102.331000 37.765000 42.254000 1.487000
102.080000 40.117000 42.537000 1.487000
100.557000 39.888000 43.076000 1.487000
101.831000 39.356000 43.966000 1.487000
99.606000 37.580000 43.148000 1.487000
100.506000 36.312000 42.645000 1.487000
100.898000 37.087000 44.029000 1.487000
98.441000 37.797000 38.838000 1.824000
97.729000 38.231000 37.634000 1.908000
98.167000 39.604000 37.137000 1.908000
98.097000 40.599000 37.868000 1.661200
96.266000 38.206000 38.074000 1.908000
96.350000 38.546000 39.524000 1.908000
97.520000 37.694000 39.981000 1.908000
97.824000 37.538000 36.896000 1.387000
95.735000 38.887000 37.576000 1.487000
95.871000 37.301000 37.939000 1.487000
96.546000 39.508000 39.653000 1.487000
95.521000 38.285000 39.999000 1.487000
97.934000 38.065000 40.804000 1.387000
97.242000 36.750000 40.128000 1.387000
98.622000 39.643000 35.888000 1.824000
99.052000 40.888000 35.285000 1.908000
97.927000 41.521000 34.488000 1.908000
96.974000 40.846000 34.090000 1.661200
98.656000 38.781000 35.382000 0.600000
99.351000 41.528000 36.005000 1.387000
99.836000 40.716000 34.675000 1.387000
98.034000 42.826000 34.260000 1.824000
97.027000 43.563000 33.507000 1.908000
97.571000 44.934000 33.125000 1.908000
98.361000 45.524000 33.863000 1.661200
95.764000 43.726000 34.351000 1.908000
94.661000 44.525000 33.684000 1.908000
93.399000 44.528000 34.533000 1.908000
92.233000 45.148000 33.779000 1.908000
90.954000 45.023000 34.535000 1.824000
98.842000 43.294000 34.629000 0.600000
96.810000 43.057000 32.669000 1.387000
95.410000 42.814000 34.561000 1.487000
96.017000 44.187000 35.203000 1.487000
94.968000 45.468000 33.559000 1.487000
94.451000 44.119000 32.796000 1.487000
93.165000 43.591000 34.765000 1.487000
93.564000 45.060000 35.355000 1.487000
92.427000 46.120000 33.621000 1.100000
92.136000 44.688000 32.892000 1.100000
90.769000 44.050000 34.690000 0.600000
91.040000 45.492000 35.409000 0.600000
90.214000 45.424000 34.009000 0.600000
97.152000 45.438000 31.970000 1.824000
97.600000 46.750000 31.512000 1.908000
97.275000 47.819000 32.552000 1.908000
96.147000 47.900000 33.034000 1.661200
96.918000 47.106000 30.186000 1.908000
97.308000 46.220000 29.147000 1.721000
96.521000 44.891000 31.424000 0.600000
98.598000 46.719000 31.403000 1.387000
95.931000 47.048000 30.308000 1.387000
97.176000 48.035000 29.933000 1.387000
97.160000 45.289000 29.459000 0.600000
98.270000 48.627000 32.907000 1.824000
98.050000 49.687000 33.877000 1.908000
98.184000 49.296000 35.335000 1.908000
98.215000 50.165000 36.210000 1.661200
99.161000 48.481000 32.490000 0.600000
98.702000 50.460000 33.678000 1.387000
97.113000 50.088000 33.724000 1.387000
98.265000 47.997000 35.609000 1.824000
98.389000 47.521000 36.982000 1.908000
99.834000 47.315000 37.418000 1.908000
100.611000 46.641000 36.742000 1.661200
97.630000 46.200000 37.153000 1.908000
97.937000 45.454000 38.455000 1.908000
97.301000 44.058000 38.465000 1.908000
95.841000 44.118000 38.528000 1.824000
95.033000 43.151000 38.096000 1.908000
95.537000 42.043000 37.564000 1.824000
93.716000 43.295000 38.193000 1.824000
98.238000 47.358000 34.843000 0.600000
97.960000 48.203000 37.602000 1.387000
96.653000 46.396000 37.137000 1.487000
97.870000 45.600000 36.395000 1.487000
98.920000 45.345000 38.550000 1.487000
97.568000 45.965000 39.223000 1.487000
97.578000 43.592000 37.630000 1.387000
97.648000 43.573000 39.262000 1.387000
95.420000 44.942000 38.922000 0.600000
96.522000 41.908000 37.498000 0.600000
94.915000 41.328000 37.224000 0.600000
93.338000 44.125000 38.610000 0.600000
93.106000 42.583000 37.855000 0.600000
100.198000 47.898000 38.553000 1.824000
101.540000 47.709000 39.063000 1.908000
101.460000 47.084000 40.452000 1.908000
100.572000 47.384000 41.248000 1.661200
102.352000 49.030000 39.086000 1.908000
101.647000 50.033000 39.809000 1.721000
102.590000 49.526000 37.669000 1.908000
99.531000 48.456000 39.029000 0.600000
102.030000 47.076000 38.463000 1.387000
103.242000 48.853000 39.559000 1.387000
103.128000 48.882000 37.133000 1.487000
101.703000 49.672000 37.205000 1.487000
103.090000 50.423000 37.710000 1.487000
100.693000 49.766000 39.859000 0.600000
102.380000 46.172000 40.723000 1.824000
102.396000 45.496000 41.998000 1.908000
103.473000 46.038000 42.914000 1.908000
104.507000 46.527000 42.455000 1.661200
102.635000 44.001000 41.803000 1.908000
101.503000 43.282000 41.183000 1.908000
101.309000 43.040000 39.853000 1.908000
100.382000 42.709000 41.866000 1.908000
100.134000 42.348000 39.664000 1.824000
99.544000 42.134000 40.883000 1.908000
100.006000 42.622000 43.212000 1.908000
98.347000 41.482000 41.207000 1.908000
98.811000 41.967000 43.534000 1.908000
98.000000 41.410000 42.533000 1.908000
103.057000 45.970000 40.017000 0.600000
101.503000 45.659000 42.448000 1.387000
103.431000 43.880000 41.214000 1.487000
102.807000 43.587000 42.695000 1.487000
101.926000 43.322000 39.121000 1.409000
99.770000 42.050000 38.784000 0.600000
100.568000 43.012000 43.932000 1.459000
97.776000 41.088000 40.482000 1.459000
98.542000 41.901000 44.486000 1.459000
97.152000 40.952000 42.802000 1.459000
103.211000 45.940000 44.213000 1.824000
104.157000 46.361000 45.237000 1.908000
104.152000 45.271000 46.307000 1.908000
103.215000 44.468000 46.381000 1.661200
103.754000 47.711000 45.842000 1.908000
104.080000 48.912000 44.952000 1.908000
103.664000 50.231000 45.598000 1.908000
103.752000 51.342000 44.654000 1.824000
104.874000 51.972000 44.313000 1.908000
106.047000 51.624000 44.841000 1.824000
104.824000 52.951000 43.420000 1.824000
102.315000 45.556000 44.471000 0.600000
105.063000 46.415000 44.843000 1.387000
102.772000 47.703000 45.997000 1.487000
104.240000 47.826000 46.701000 1.487000
105.063000 48.943000 44.787000 1.487000
103.592000 48.823000 44.087000 1.487000
102.726000 50.137000 45.911000 1.387000
104.272000 50.400000 46.366000 1.387000
102.891000 51.660000 44.224000 0.600000
106.100000 50.867000 45.489000 0.600000
106.876000 52.123000 44.585000 0.600000
103.953000 53.199000 42.993000 0.600000
105.658000 53.445000 43.169000 0.600000
105.198000 45.232000 47.123000 1.824000
105.297000 44.228000 48.172000 1.908000
105.740000 44.866000 49.482000 1.908000
106.229000 45.991000 49.499000 1.661200
106.295000 43.132000 47.768000 1.908000
107.715000 43.631000 47.522000 1.908000
108.731000 42.503000 47.468000 1.908000
108.759000 41.696000 48.421000 1.661200
109.503000 42.422000 46.487000 1.661200
105.915000 45.915000 46.993000 0.600000
104.405000 43.782000 48.302000 1.387000
106.332000 42.478000 48.503000 1.487000
105.972000 42.728000 46.931000 1.487000
107.733000 44.089000 46.654000 1.487000
107.967000 44.222000 48.264000 1.487000
105.554000 44.140000 50.578000 1.824000
105.948000 44.617000 51.892000 1.908000
106.170000 43.416000 52.805000 1.908000
105.407000 42.450000 52.771000 1.661200
104.868000 45.536000 52.476000 1.908000
105.125000 43.238000 50.465000 0.600000
106.808000 45.121000 51.814000 1.387000
104.739000 46.314000 51.863000 1.487000
104.014000 45.027000 52.558000 1.487000
105.152000 45.859000 53.369000 1.487000
107.225000 43.484000 53.612000 1.824000
107.571000 42.425000 54.554000 1.908000
106.489000 42.289000 55.614000 1.908000
105.939000 43.287000 56.086000 1.661200
108.893000 42.752000 55.237000 1.908000
110.091000 42.526000 54.341000 1.908000
109.940000 42.575000 53.100000 1.661200
111.195000 42.313000 54.892000 1.661200
107.795000 44.316000 53.549000 0.600000
107.591000 41.563000 54.039000 1.387000
108.872000 43.710000 55.508000 1.487000
108.979000 42.170000 56.039000 1.487000
106.196000 41.051000 55.993000 1.824000
105.186000 40.767000 57.009000 1.908000
105.829000 39.968000 58.147000 1.908000
106.698000 39.131000 57.911000 1.661200
104.003000 39.959000 56.394000 1.908000
103.211000 40.851000 55.437000 1.908000
103.097000 39.410000 57.495000 1.908000
102.503000 42.036000 56.122000 1.908000
106.699000 40.302000 55.551000 0.600000
104.920000 41.647000 57.397000 1.387000
104.391000 39.211000 55.876000 1.487000
103.831000 41.215000 54.747000 1.487000
102.515000 40.296000 54.985000 1.487000
102.718000 40.174000 58.014000 1.487000
102.364000 38.884000 57.074000 1.487000
103.624000 38.825000 58.099000 1.487000
103.204000 42.608000 56.541000 1.487000
102.002000 42.549000 55.436000 1.487000
101.889000 41.706000 56.808000 1.487000
105.404000 40.249000 59.376000 1.824000
105.916000 39.581000 60.578000 1.908000
107.362000 39.887000 60.931000 1.908000
107.971000 39.148000 61.710000 1.661200
105.769000 38.054000 60.488000 1.908000
104.335000 37.616000 60.345000 1.908000
104.692000 40.963000 59.461000 0.600000
105.342000 39.906000 61.360000 1.387000
106.285000 37.740000 59.695000 1.487000
106.148000 37.658000 61.321000 1.487000
103.433000 38.192000 60.960000 1.661200
104.110000 36.581000 59.538000 1.824000
104.876000 36.137000 59.072000 0.600000
103.179000 36.248000 59.399000 0.600000
107.925000 40.950000 60.370000 1.824000
109.305000 41.293000 60.692000 1.908000
109.358000 42.186000 61.929000 1.908000
108.533000 43.089000 62.096000 1.661200
109.997000 42.002000 59.515000 1.908000
111.390000 42.500000 59.855000 1.908000
111.583000 43.747000 60.461000 1.908000
112.511000 41.705000 59.625000 1.908000
112.854000 44.184000 60.828000 1.908000
113.786000 42.131000 59.988000 1.908000
113.951000 43.372000 60.589000 1.908000
115.216000 43.800000 60.948000 1.721000
107.390000 41.491000 59.739000 0.600000
109.803000 40.445000 60.898000 1.387000
110.071000 41.357000 58.765000 1.487000
109.443000 42.783000 59.254000 1.487000
110.793000 44.337000 60.634000 1.459000
112.399000 40.812000 59.192000 1.459000
112.971000 45.077000 61.262000 1.459000
114.578000 41.547000 59.817000 1.459000
115.883000 43.097000 60.707000 0.600000
110.329000 41.918000 62.796000 1.824000
110.511000 42.700000 64.011000 1.908000
111.950000 43.207000 64.065000 1.908000
112.181000 44.413000 64.164000 1.661200
110.218000 41.860000 65.270000 1.908000
111.138000 40.764000 65.336000 1.721000
108.787000 41.316000 65.229000 1.908000
110.939000 41.150000 62.583000 0.600000
109.900000 43.491000 63.979000 1.387000
110.358000 42.444000 66.094000 1.387000
108.116000 42.051000 65.221000 1.487000
108.666000 40.752000 64.402000 1.487000
108.630000 40.732000 66.049000 1.487000
112.023000 41.124000 65.601000 0.600000
112.910000 42.288000 63.977000 1.824000
114.324000 42.650000 64.006000 1.908000
115.212000 41.548000 63.423000 1.908000
114.756000 40.431000 63.174000 1.661200
114.763000 42.935000 65.443000 1.908000
114.732000 41.748000 66.216000 1.721000
112.627000 41.332000 63.890000 0.600000
114.448000 43.476000 63.438000 1.387000
115.690000 43.291000 65.431000 1.387000
114.141000 43.599000 65.842000 1.387000
114.926000 41.985000 67.161000 0.600000
116.485000 41.875000 63.214000 1.824000
117.419000 40.907000 62.669000 1.908000
117.368000 40.834000 61.153000 1.908000
117.107000 41.831000 60.483000 1.661200
116.770000 42.801000 63.443000 0.600000
118.362000 41.148000 62.959000 1.387000
117.216000 39.989000 63.053000 1.387000
117.626000 39.651000 60.609000 1.824000
117.596000 39.450000 59.165000 1.908000
116.156000 39.293000 58.685000 1.908000
115.294000 38.813000 59.424000 1.661200
118.412000 38.215000 58.797000 1.908000
119.872000 38.334000 59.140000 1.908000
120.720000 39.118000 58.367000 1.908000
120.399000 37.668000 60.247000 1.908000
122.074000 39.239000 58.686000 1.908000
121.749000 37.782000 60.574000 1.908000
122.589000 38.569000 59.792000 1.908000
117.844000 38.894000 61.228000 0.600000
117.951000 40.288000 58.744000 1.387000
118.044000 37.446000 59.296000 1.487000
118.339000 38.081000 57.821000 1.487000
120.364000 39.604000 57.574000 1.459000
119.800000 37.103000 60.813000 1.459000
122.669000 39.810000 58.112000 1.459000
122.112000 37.290000 61.379000 1.459000
123.556000 38.655000 60.020000 1.459000
115.899000 39.696000 57.445000 1.824000
114.553000 39.604000 56.890000 1.908000
114.054000 38.168000 56.743000 1.908000
114.828000 37.251000 56.444000 1.661200
114.489000 40.345000 55.552000 1.908000
114.704000 41.850000 55.718000 1.908000
114.071000 42.651000 54.590000 1.908000
114.610000 42.247000 53.307000 1.824000
113.876000 41.956000 52.242000 1.908000
112.553000 42.029000 52.289000 1.824000
114.475000 41.557000 51.140000 1.824000
116.654000 40.063000 56.908000 0.600000
113.914000 40.104000 57.503000 1.387000
115.203000 39.997000 54.967000 1.487000
113.595000 40.206000 55.159000 1.487000
114.296000 42.147000 56.580000 1.487000
115.684000 42.043000 55.726000 1.487000
113.092000 42.486000 54.609000 1.387000
114.268000 43.611000 54.749000 1.387000
115.615000 42.181000 53.215000 0.600000
112.087000 42.324000 53.121000 0.600000
112.011000 41.786000 51.478000 0.600000
115.474000 41.491000 51.094000 0.600000
113.932000 41.314000 50.329000 0.600000
112.758000 37.976000 56.968000 1.824000
112.157000 36.646000 56.878000 1.908000
111.666000 36.324000 55.467000 1.908000
112.059000 36.971000 54.496000 1.661200
110.994000 36.515000 57.871000 1.908000
109.842000 37.460000 57.556000 1.908000
112.204000 38.774000 57.202000 0.600000
112.882000 35.977000 57.097000 1.387000
110.655000 35.580000 57.836000 1.487000
111.335000 36.724000 58.783000 1.487000
109.595000 37.794000 56.394000 1.661200
109.118000 37.880000 58.591000 1.824000
109.352000 37.574000 59.516000 0.600000
108.347000 38.496000 58.447000 0.600000
110.786000 35.336000 55.357000 1.824000
110.271000 34.928000 54.054000 1.908000
108.801000 35.241000 53.816000 1.908000
108.191000 34.643000 52.925000 1.661200
110.470000 33.430000 53.879000 1.908000
109.697000 32.738000 54.839000 1.721000
110.488000 34.881000 56.193000 0.600000
110.813000 35.419000 53.338000 1.387000
110.172000 33.168000 52.972000 1.387000
111.427000 33.213000 54.016000 1.387000
108.909000 32.341000 54.382000 0.600000
108.236000 36.153000 54.608000 1.824000
106.831000 36.526000 54.485000 1.908000
106.669000 37.864000 53.776000 1.908000
107.354000 38.832000 54.107000 1.661200
106.177000 36.627000 55.861000 1.908000
106.247000 35.331000 56.638000 1.908000
106.322000 34.260000 56.003000 1.661200
106.212000 35.390000 57.885000 1.661200
108.821000 36.581000 55.304000 0.600000
106.387000 35.829000 53.906000 1.387000
106.650000 37.335000 56.375000 1.487000
105.223000 36.872000 55.731000 1.487000
105.737000 37.923000 52.825000 1.824000
105.505000 39.150000 52.067000 1.908000
104.037000 39.339000 51.736000 1.908000
103.308000 38.377000 51.529000 1.661200
106.291000 39.131000 50.743000 1.908000
107.777000 38.820000 50.866000 1.908000
108.587000 40.021000 51.322000 1.908000
110.014000 39.711000 51.358000 1.824000
110.643000 39.142000 52.384000 1.908000
109.978000 38.819000 53.486000 1.824000
111.939000 38.877000 52.297000 1.824000
105.203000 37.100000 52.648000 0.600000
105.817000 39.936000 52.622000 1.387000
105.877000 38.439000 50.150000 1.487000
106.197000 40.031000 50.317000 1.487000
107.907000 38.084000 51.532000 1.487000
108.128000 38.527000 49.976000 1.487000
108.428000 40.764000 50.683000 1.387000
108.282000 40.272000 52.233000 1.387000
110.566000 39.946000 50.544000 0.600000
108.996000 38.978000 53.557000 0.600000
110.470000 38.407000 54.261000 0.600000
112.435000 39.088000 51.452000 0.600000
112.422000 38.467000 53.069000 0.600000
103.615000 40.597000 51.687000 1.824000
102.249000 40.936000 51.330000 1.908000
102.416000 41.623000 49.962000 1.908000
103.341000 42.416000 49.766000 1.661200
101.612000 41.888000 52.400000 1.908000
100.092000 41.960000 52.223000 1.908000
102.227000 43.279000 52.315000 1.908000
99.653000 42.500000 50.905000 1.908000
104.283000 41.315000 51.909000 0.600000
101.784000 40.095000 51.155000 1.387000
101.806000 41.500000 53.292000 1.487000
99.722000 41.036000 52.347000 1.487000
99.726000 42.539000 52.957000 1.487000
102.046000 43.660000 51.409000 1.487000
101.818000 43.856000 53.017000 1.487000
103.209000 43.219000 52.462000 1.487000
99.983000 41.901000 50.170000 1.487000
98.653000 42.545000 50.866000 1.487000
100.036000 43.428000 50.779000 1.487000
101.562000 41.273000 49.006000 1.824000
101.634000 41.854000 47.670000 1.908000
100.324000 42.564000 47.355000 1.908000
99.240000 41.984000 47.501000 1.661200
101.871000 40.770000 46.616000 1.908000
103.021000 39.769000 46.741000 1.908000
104.357000 40.486000 46.750000 1.908000
102.832000 38.940000 47.997000 1.908000
100.864000 40.593000 49.234000 0.600000
102.373000 42.528000 47.652000 1.387000
101.012000 40.223000 46.546000 1.487000
101.986000 41.240000 45.719000 1.487000
102.986000 39.137000 45.966000 1.487000
104.468000 41.000000 45.898000 1.487000
104.395000 41.119000 47.525000 1.487000
105.098000 39.812000 46.833000 1.487000
102.818000 39.548000 48.795000 1.487000
101.967000 38.442000 47.946000 1.487000
103.590000 38.289000 48.086000 1.487000
100.421000 43.816000 46.919000 1.824000
99.228000 44.583000 46.590000 1.908000
99.403000 45.355000 45.291000 1.908000
100.464000 45.926000 45.021000 1.661200
98.860000 45.540000 47.728000 1.908000
99.954000 46.509000 48.104000 1.908000
101.058000 46.087000 48.845000 1.908000
99.896000 47.848000 47.704000 1.908000
102.082000 46.974000 49.185000 1.908000
100.918000 48.747000 48.037000 1.908000
102.004000 48.300000 48.777000 1.908000
103.013000 49.166000 49.108000 1.721000
101.331000 44.209000 46.826000 0.600000
98.460000 43.939000 46.471000 1.387000
98.059000 46.065000 47.446000 1.487000
98.636000 44.993000 48.534000 1.487000
101.121000 45.134000 49.141000 1.459000
99.118000 48.170000 47.174000 1.459000
102.865000 46.655000 49.717000 1.459000
100.862000 49.696000 47.744000 1.459000
103.015000 49.939000 48.472000 0.600000
98.346000 45.352000 44.488000 1.824000
98.340000 46.017000 43.194000 1.908000
97.707000 47.409000 43.283000 1.908000
97.116000 47.778000 44.297000 1.661200
97.558000 45.164000 42.198000 1.908000
96.207000 45.067000 42.610000 1.721000
97.526000 44.860000 44.813000 0.600000
99.295000 46.135000 42.895000 1.387000
97.596000 45.594000 41.307000 1.387000
97.955000 44.257000 42.171000 1.387000
95.633000 45.453000 41.897000 0.600000
97.826000 48.173000 42.206000 1.824000
97.278000 49.522000 42.171000 1.908000
95.756000 49.529000 42.238000 1.908000
95.156000 50.519000 42.664000 1.661200
97.773000 50.255000 40.923000 1.908000
98.018000 49.351000 39.862000 1.721000
98.306000 47.792000 41.416000 0.600000
97.625000 50.022000 42.979000 1.387000
97.078000 50.910000 40.639000 1.387000
98.619000 50.731000 41.146000 1.387000
97.561000 48.493000 40.069000 0.600000
95.133000 48.427000 41.829000 1.824000
93.683000 48.330000 41.884000 1.908000
93.259000 47.470000 43.067000 1.908000
92.198000 46.846000 43.065000 1.661200
93.101000 47.807000 40.562000 1.908000
93.771000 46.545000 40.072000 1.908000
94.860000 46.195000 40.571000 1.661200
93.203000 45.906000 39.161000 1.661200
95.690000 47.677000 41.486000 0.600000
93.326000 49.254000 42.050000 1.387000
92.133000 47.624000 40.709000 1.487000
93.214000 48.521000 39.878000 1.487000
94.132000 47.455000 44.073000 1.824000
93.946000 46.778000 45.354000 1.908000
93.643000 45.287000 45.477000 1.908000
92.823000 44.867000 46.296000 1.661200
92.950000 47.596000 46.177000 1.908000
93.321000 49.034000 46.092000 1.908000
92.758000 49.975000 45.276000 1.908000
94.486000 49.648000 46.661000 1.908000
93.507000 51.127000 45.287000 1.824000
94.574000 50.955000 46.128000 1.908000
95.470000 49.218000 47.562000 1.908000
95.608000 51.837000 46.466000 1.908000
96.499000 50.093000 47.898000 1.908000
96.559000 51.389000 47.349000 1.908000
95.006000 47.974000 43.905000 0.600000
94.826000 46.952000 45.914000 1.387000
92.060000 47.492000 45.794000 1.487000
93.010000 47.324000 47.111000 1.487000
91.920000 49.846000 44.745000 1.409000
93.307000 51.956000 44.767000 0.600000
95.439000 48.306000 47.959000 1.459000
95.637000 52.757000 46.068000 1.459000
97.200000 49.795000 48.535000 1.459000
97.314000 51.986000 47.616000 1.459000
94.308000 44.480000 44.665000 1.824000
94.160000 43.042000 44.783000 1.908000
95.255000 42.740000 45.809000 1.908000
96.365000 43.273000 45.697000 1.661200
94.464000 42.354000 43.450000 1.908000
93.345000 42.320000 42.402000 1.908000
92.602000 43.633000 42.383000 1.908000
93.942000 42.008000 41.040000 1.908000
94.903000 44.887000 43.981000 0.600000
93.303000 42.837000 45.182000 1.387000
95.244000 42.825000 43.034000 1.487000
94.715000 41.406000 43.645000 1.487000
92.715000 41.577000 42.630000 1.487000
92.193000 43.809000 43.280000 1.487000
93.234000 44.379000 42.160000 1.487000
91.872000 43.594000 41.685000 1.487000
94.613000 42.716000 40.806000 1.487000
94.395000 41.118000 41.067000 1.487000
93.215000 41.994000 40.351000 1.487000
94.950000 41.923000 46.814000 1.824000
95.933000 41.599000 47.847000 1.908000
96.252000 40.104000 47.900000 1.908000
95.353000 39.264000 47.987000 1.661200
95.438000 42.018000 49.253000 1.908000
94.845000 43.434000 49.230000 1.908000
96.582000 41.908000 50.252000 1.908000
95.850000 44.556000 49.166000 1.908000
94.031000 41.539000 46.841000 0.600000
96.787000 42.065000 47.580000 1.387000
94.718000 41.387000 49.523000 1.487000
94.228000 43.500000 48.438000 1.487000
94.286000 43.547000 50.059000 1.487000
97.318000 42.527000 49.990000 1.487000
96.242000 42.147000 51.160000 1.487000
96.925000 40.968000 50.263000 1.487000
96.379000 44.456000 48.319000 1.487000
95.376000 45.432000 49.164000 1.487000
96.460000 44.504000 49.950000 1.487000
97.541000 39.789000 47.858000 1.824000
98.031000 38.415000 47.913000 1.908000
99.105000 38.314000 48.991000 1.908000
99.605000 39.328000 49.483000 1.661200
98.675000 38.005000 46.585000 1.908000
97.719000 37.648000 45.474000 1.908000
97.486000 36.313000 45.136000 1.908000
97.094000 38.640000 44.722000 1.908000
96.660000 35.972000 44.067000 1.908000
96.263000 38.314000 43.652000 1.908000
96.052000 36.979000 43.329000 1.908000
95.237000 36.656000 42.274000 1.721000
98.196000 40.558000 47.784000 0.600000
97.272000 37.819000 48.172000 1.387000
99.251000 38.767000 46.271000 1.487000
99.264000 37.209000 46.759000 1.487000
97.920000 35.586000 45.670000 1.459000
97.242000 39.599000 44.952000 1.459000
96.507000 35.014000 43.836000 1.459000
95.823000 39.035000 43.121000 1.459000
94.293000 36.906000 42.491000 0.600000
99.475000 37.086000 49.334000 1.824000
100.507000 36.871000 50.333000 1.908000
101.345000 35.661000 49.984000 1.908000
100.912000 34.786000 49.229000 1.661200
99.891000 36.648000 51.712000 1.908000
99.174000 35.315000 51.865000 1.908000
98.894000 35.016000 53.326000 1.908000
98.188000 33.673000 53.500000 1.908000
97.837000 33.397000 54.918000 1.824000
99.021000 36.320000 48.884000 0.600000
101.104000 37.683000 50.366000 1.387000
100.621000 36.690000 52.392000 1.487000
99.232000 37.380000 51.882000 1.487000
98.308000 35.352000 51.369000 1.487000
99.748000 34.591000 51.489000 1.487000
99.756000 34.984000 53.822000 1.487000
98.308000 35.728000 53.698000 1.487000
97.349000 33.676000 52.945000 1.100000
98.793000 32.945000 53.160000 1.100000
98.683000 33.401000 55.459000 0.600000
97.222000 34.105000 55.252000 0.600000
97.399000 32.508000 54.988000 0.600000
102.558000 35.634000 50.522000 1.824000
103.461000 34.511000 50.344000 1.908000
104.202000 34.332000 51.657000 1.908000
104.571000 35.314000 52.304000 1.661200
104.495000 34.729000 49.215000 1.908000
105.306000 33.551000 49.097000 1.721000
105.398000 35.937000 49.508000 1.908000
102.835000 36.434000 51.068000 0.600000
102.927000 33.693000 50.169000 1.387000
103.998000 34.863000 48.339000 1.387000
104.862000 36.774000 49.571000 1.487000
105.882000 35.788000 50.377000 1.487000
106.077000 36.032000 48.765000 1.487000
104.819000 32.902000 48.529000 0.600000
104.391000 33.080000 52.061000 1.824000
105.108000 32.782000 53.293000 1.908000
106.278000 31.863000 52.979000 1.908000
106.977000 31.400000 53.880000 1.661200
104.203000 32.089000 54.326000 1.908000
103.633000 30.907000 53.749000 1.721000
103.092000 33.028000 54.779000 1.908000
104.023000 32.348000 51.489000 0.600000
105.468000 33.636000 53.669000 1.387000
104.770000 31.810000 55.127000 1.387000
103.453000 33.840000 55.229000 1.487000
102.544000 33.316000 53.980000 1.487000
102.481000 32.529000 55.433000 1.487000
102.653000 30.939000 53.894000 0.600000
106.492000 31.608000 51.693000 1.824000
107.580000 30.740000 51.275000 1.908000
108.527000 31.418000 50.295000 1.908000
109.004000 30.796000 49.343000 1.661200
107.028000 29.454000 50.661000 1.908000
106.165000 29.711000 49.449000 1.908000
106.333000 30.766000 48.805000 1.661200
105.327000 28.843000 49.130000 1.661200
105.882000 32.031000 51.027000 0.600000
108.122000 30.517000 52.103000 1.387000
107.800000 28.887000 50.393000 1.487000
106.484000 28.993000 51.353000 1.487000
108.799000 32.695000 50.543000 1.824000
109.699000 33.493000 49.714000 1.908000
109.330000 33.526000 48.227000 1.908000
110.169000 33.259000 47.362000 1.661200
111.145000 33.003000 49.874000 1.908000
112.176000 34.080000 49.684000 1.908000
108.349000 33.110000 51.348000 0.600000
109.685000 34.452000 50.060000 1.387000
111.259000 32.617000 50.795000 1.487000
111.319000 32.278000 49.199000 1.487000
113.422000 33.834000 49.146000 1.824000
112.154000 35.402000 49.984000 1.908000
114.121000 34.955000 49.120000 1.908000
113.375000 35.922000 49.623000 1.824000
111.396000 35.904000 50.391000 1.409000
115.052000 35.054000 48.781000 1.359000
113.744000 32.942000 48.825000 0.600000
108.073000 33.856000 47.939000 1.824000
107.576000 33.978000 46.566000 1.908000
107.404000 32.695000 45.746000 1.908000
107.212000 32.771000 44.542000 1.661200
108.452000 34.946000 45.754000 1.908000
108.880000 36.202000 46.485000 1.908000
110.132000 36.276000 47.102000 1.908000
108.044000 37.324000 46.550000 1.908000
110.546000 37.432000 47.764000 1.908000
108.450000 38.488000 47.213000 1.908000
109.702000 38.530000 47.814000 1.908000
110.126000 39.662000 48.461000 1.721000
107.454000 34.024000 48.718000 0.600000
106.654000 34.445000 46.608000 1.387000
109.277000 34.453000 45.470000 1.487000
107.937000 35.220000 44.939000 1.487000
110.745000 35.485000 47.070000 1.459000
107.149000 37.295000 46.118000 1.459000
111.446000 37.466000 48.197000 1.459000
107.845000 39.277000 47.252000 1.459000
109.464000 40.399000 48.317000 0.600000
107.480000 31.525000 46.371000 1.824000
107.280000 30.281000 45.626000 1.908000
105.801000 30.130000 45.255000 1.908000
105.461000 29.806000 44.114000 1.661200
107.724000 29.080000 46.458000 1.908000
109.211000 28.844000 46.443000 1.908000
109.626000 27.730000 47.381000 1.908000
109.902000 26.605000 46.950000 1.661200
109.684000 28.039000 48.671000 1.824000
107.674000 31.519000 47.342000 0.600000
107.803000 30.341000 44.775000 1.387000
107.435000 29.226000 47.407000 1.487000
107.269000 28.259000 46.101000 1.487000
109.494000 28.598000 45.516000 1.487000
109.678000 29.683000 46.722000 1.487000
109.967000 27.097000 48.813000 0.600000
109.595000 28.656000 49.462000 0.600000
104.925000 30.363000 46.226000 1.824000
103.490000 30.267000 45.992000 1.908000
102.827000 31.485000 46.624000 1.908000
103.383000 32.098000 47.542000 1.661200
102.884000 28.978000 46.615000 1.908000
103.064000 28.997000 48.035000 1.721000
103.557000 27.719000 46.032000 1.908000
105.284000 30.607000 47.127000 0.600000
103.323000 30.291000 45.011000 1.387000
101.884000 28.964000 46.417000 1.387000
103.410000 27.661000 45.051000 1.487000
104.544000 27.755000 46.220000 1.487000
103.169000 26.900000 46.475000 1.487000
104.029000 28.870000 48.222000 0.600000
101.649000 31.838000 46.122000 1.824000
100.914000 32.986000 46.631000 1.908000
99.485000 32.585000 46.950000 1.908000
98.951000 31.648000 46.364000 1.661200
100.890000 34.107000 45.586000 1.908000
102.254000 34.611000 45.195000 1.908000
102.777000 35.765000 45.773000 1.908000
103.015000 33.934000 44.239000 1.908000
104.031000 36.242000 45.406000 1.908000
104.277000 34.404000 43.863000 1.908000
104.785000 35.562000 44.448000 1.908000
101.281000 31.282000 45.374000 0.600000
101.344000 33.249000 47.499000 1.387000
100.451000 33.753000 44.774000 1.487000
100.382000 34.865000 45.968000 1.487000
102.250000 36.257000 46.459000 1.459000
102.654000 33.104000 43.819000 1.459000
104.390000 37.079000 45.833000 1.459000
104.811000 33.902000 43.170000 1.459000
105.682000 35.907000 44.187000 1.459000
98.874000 33.299000 47.887000 1.824000
97.488000 33.058000 48.266000 1.908000
96.772000 34.399000 48.229000 1.908000
97.230000 35.372000 48.824000 1.661200
97.375000 32.467000 49.680000 1.908000
97.936000 31.150000 49.688000 1.721000
95.920000 32.390000 50.113000 1.908000
99.408000 34.024000 48.335000 0.600000
97.072000 32.459000 47.593000 1.387000
97.913000 33.046000 50.324000 1.387000
95.496000 33.291000 50.157000 1.487000
95.400000 31.819000 49.461000 1.487000
95.872000 31.954000 51.042000 1.487000
98.922000 31.238000 49.742000 0.600000
95.660000 34.453000 47.509000 1.824000
94.887000 35.683000 47.403000 1.908000
94.150000 35.823000 48.718000 1.908000
93.595000 34.849000 49.219000 1.661200
93.901000 35.573000 46.237000 1.908000
92.979000 36.777000 46.006000 1.908000
92.211000 36.599000 44.681000 1.908000
91.107000 37.623000 44.476000 1.908000
91.636000 39.004000 44.322000 1.824000
95.368000 33.620000 47.039000 0.600000
95.505000 36.447000 47.294000 1.387000
94.429000 35.423000 45.393000 1.487000
93.320000 34.765000 46.393000 1.487000
92.325000 36.832000 46.746000 1.487000
93.525000 37.600000 45.948000 1.487000
92.867000 36.676000 43.928000 1.487000
91.806000 35.683000 44.674000 1.487000
90.584000 37.376000 43.652000 1.100000
90.486000 37.594000 45.267000 1.100000
92.156000 39.238000 45.148000 0.600000
92.234000 39.044000 43.527000 0.600000
90.882000 39.641000 44.210000 0.600000
94.151000 37.020000 49.294000 1.824000
93.454000 37.205000 50.557000 1.908000
92.425000 38.324000 50.521000 1.908000
91.660000 38.516000 51.471000 1.661200
94.450000 37.412000 51.718000 1.908000
95.389000 38.590000 51.431000 1.908000
95.262000 36.141000 51.911000 1.908000
96.347000 38.895000 52.586000 1.908000
94.628000 37.759000 48.848000 0.600000
92.941000 36.346000 50.727000 1.387000
93.926000 37.628000 52.536000 1.487000
95.925000 38.380000 50.621000 1.487000
94.836000 39.399000 51.260000 1.487000
95.792000 35.945000 51.090000 1.487000
95.877000 36.264000 52.691000 1.487000
94.641000 35.374000 52.097000 1.487000
96.927000 38.098000 52.735000 1.487000
96.904000 39.684000 52.346000 1.487000
95.830000 39.089000 53.404000 1.487000
92.397000 39.058000 49.416000 1.824000
91.416000 40.120000 49.245000 1.908000
91.105000 40.227000 47.761000 1.908000
92.040000 40.034000 46.951000 1.661200
91.958000 41.458000 49.767000 1.908000
92.252000 41.489000 51.272000 1.908000
90.993000 41.347000 52.134000 1.908000
91.301000 41.563000 53.548000 1.824000
91.937000 40.686000 54.320000 1.908000
92.194000 40.967000 55.597000 1.824000
92.295000 39.511000 53.824000 1.824000
89.936000 40.513000 47.424000 1.661200
93.070000 38.859000 48.707000 0.600000
90.583000 39.876000 49.731000 1.387000
92.808000 41.660000 49.287000 1.487000
91.283000 42.165000 49.575000 1.487000
92.870000 40.737000 51.503000 1.487000
92.687000 42.359000 51.505000 1.487000
90.338000 42.025000 51.830000 1.387000
90.640000 40.430000 52.008000 1.387000
91.012000 42.433000 53.964000 0.600000
91.895000 41.830000 55.996000 0.600000
92.692000 40.302000 56.160000 0.600000
92.068000 39.279000 52.875000 0.600000
92.789000 38.854000 54.392000 0.600000
