0 2.356714967184e+01
1 3.255589705404e+00
2 1.339432584505e+00
3 1.397629901662e+01
4 0.000000000000e+00
5 1.098663345531e-02
6 1.626213253671e+01
7 0.000000000000e+00
8 0.000000000000e+00
9 0.000000000000e+00
10 8.267605361057e+00
11 0.000000000000e+00
12 0.000000000000e+00
13 5.449438624102e+00
14 0.000000000000e+00
15 0.000000000000e+00
16 2.131952242051e+00
17 0.000000000000e+00
18 3.638011004026e+00
19 0.000000000000e+00
20 0.000000000000e+00
21 1.554645575994e+00
22 3.476819407374e+00
23 0.000000000000e+00
24 0.000000000000e+00
25 0.000000000000e+00
26 8.881551210314e-01
27 2.475528511313e+01
28 2.428313247614e+00
29 4.981347811790e+00
30 0.000000000000e+00
31 8.613571234864e+00
32 0.000000000000e+00
33 0.000000000000e+00
34 0.000000000000e+00
35 0.000000000000e+00
36 5.265311301500e+00
37 0.000000000000e+00
38 0.000000000000e+00
39 0.000000000000e+00
40 0.000000000000e+00
41 5.920765055211e+00
42 0.000000000000e+00
43 0.000000000000e+00
44 1.368001172765e+01
45 2.136679044635e+00
46 1.084602658613e+00
47 0.000000000000e+00
48 2.533026795835e+00
49 1.900214085231e+01
50 0.000000000000e+00
51 0.000000000000e+00
52 5.683925434965e+00
53 8.753313274039e+00
54 0.000000000000e+00
55 0.000000000000e+00
56 0.000000000000e+00
57 0.000000000000e+00
58 1.056617262827e+01
59 0.000000000000e+00
60 0.000000000000e+00
61 9.875110844568e+00
62 1.001741106851e+01
63 0.000000000000e+00
64 0.000000000000e+00
65 0.000000000000e+00
66 0.000000000000e+00
67 0.000000000000e+00
68 0.000000000000e+00
69 0.000000000000e+00
70 0.000000000000e+00
71 0.000000000000e+00
72 0.000000000000e+00
73 0.000000000000e+00
74 0.000000000000e+00
75 0.000000000000e+00
76 8.198028404821e+00
77 0.000000000000e+00
78 0.000000000000e+00
79 6.885380118546e-01
80 0.000000000000e+00
81 0.000000000000e+00
82 7.531034747092e+00
83 9.164697807221e+00
84 6.546691763618e+00
85 0.000000000000e+00
86 0.000000000000e+00
87 8.279444309952e+00
88 0.000000000000e+00
89 0.000000000000e+00
90 0.000000000000e+00
91 0.000000000000e+00
92 0.000000000000e+00
93 0.000000000000e+00
94 0.000000000000e+00
95 0.000000000000e+00
96 0.000000000000e+00
97 1.500870487486e+00
98 0.000000000000e+00
99 0.000000000000e+00
100 0.000000000000e+00
101 0.000000000000e+00
102 0.000000000000e+00
103 0.000000000000e+00
104 0.000000000000e+00
105 0.000000000000e+00
106 0.000000000000e+00
107 0.000000000000e+00
108 6.756008859689e+00
109 0.000000000000e+00
110 0.000000000000e+00
111 2.657344087123e+00
112 0.000000000000e+00
113 3.713668167886e+00
114 0.000000000000e+00
115 0.000000000000e+00
116 0.000000000000e+00
117 4.351944210631e+00
118 1.843202808639e+01
119 1.060400873333e+01
120 0.000000000000e+00
121 0.000000000000e+00
122 0.000000000000e+00
123 0.000000000000e+00
124 0.000000000000e+00
125 2.287843266665e+00
126 0.000000000000e+00
127 0.000000000000e+00
128 0.000000000000e+00
129 0.000000000000e+00
130 0.000000000000e+00
131 0.000000000000e+00
132 1.745914388196e+01
133 1.238805152659e+00
134 2.728130034781e+00
135 4.392691422004e+00
136 5.361719379122e+00
137 1.419291722068e+01
138 3.607359842490e+00
139 4.746044692818e+00
140 1.098118877410e+01
141 0.000000000000e+00
142 1.741541840582e+00
143 9.080397583844e+00
144 0.000000000000e+00
145 0.000000000000e+00
146 0.000000000000e+00
147 1.138381134170e+01
148 0.000000000000e+00
149 4.710009984937e-01
150 2.797687592988e+00
151 1.248991344829e+01
152 5.657310925909e+00
153 1.421878337210e+00
154 0.000000000000e+00
155 9.684310033723e+00
156 6.282440203564e+00
157 0.000000000000e+00
158 1.862163026561e+01
159 2.073339012758e+01
160 0.000000000000e+00
161 0.000000000000e+00
162 0.000000000000e+00
163 0.000000000000e+00
164 8.830762670903e+00
165 0.000000000000e+00
166 0.000000000000e+00
167 0.000000000000e+00
168 0.000000000000e+00
169 0.000000000000e+00
170 0.000000000000e+00
171 0.000000000000e+00
172 0.000000000000e+00
173 0.000000000000e+00
174 0.000000000000e+00
175 4.593169499137e+00
176 0.000000000000e+00
177 5.847554958432e+00
178 0.000000000000e+00
179 0.000000000000e+00
180 0.000000000000e+00
181 0.000000000000e+00
182 0.000000000000e+00
183 9.133595199570e+00
184 6.574208607508e-01
185 1.106277542805e+00
186 3.310650605677e-01
187 8.482616042577e+00
188 3.314110502938e+00
189 2.472696576249e+01
190 2.624589088808e+01
191 1.279450926287e+01
192 0.000000000000e+00
193 0.000000000000e+00
194 0.000000000000e+00
195 0.000000000000e+00
196 0.000000000000e+00
197 0.000000000000e+00
198 1.018375010324e+01
199 4.412120631702e+00
200 0.000000000000e+00
201 0.000000000000e+00
202 5.238045881318e+00
203 8.035685900796e+00
204 0.000000000000e+00
205 0.000000000000e+00
206 0.000000000000e+00
207 0.000000000000e+00
208 4.825875841629e+00
209 4.299137945828e+00
210 0.000000000000e+00
211 3.294175457267e+00
212 7.722780184237e+00
213 8.376747204745e+00
214 0.000000000000e+00
215 1.874235216211e+00
216 0.000000000000e+00
217 0.000000000000e+00
218 0.000000000000e+00
219 0.000000000000e+00
220 0.000000000000e+00
221 4.611689794066e+00
222 8.913845820455e-01
223 0.000000000000e+00
224 1.178045410154e+01
225 1.095656033619e+01
226 1.232075940222e+00
227 8.727316278646e+00
228 0.000000000000e+00
229 4.590918962977e+00
230 0.000000000000e+00
231 4.779146954118e+00
232 8.667335041923e+00
233 0.000000000000e+00
234 1.623379332436e+00
235 0.000000000000e+00
236 0.000000000000e+00
237 0.000000000000e+00
238 5.278506258406e+00
239 1.445694501682e+01
240 0.000000000000e+00
241 6.163615538761e+00
242 1.116003510343e+01
243 3.990275331540e+00
244 1.889549739070e+00
245 0.000000000000e+00
246 0.000000000000e+00
247 0.000000000000e+00
248 3.113008691349e+00
249 4.879959491197e-01
250 4.758394877575e+00
251 1.831871403745e+01
252 5.853376389485e+00
253 0.000000000000e+00
254 4.629229356315e+00
255 4.815659241050e+00
256 0.000000000000e+00
257 0.000000000000e+00
258 0.000000000000e+00
259 0.000000000000e+00
260 0.000000000000e+00
261 0.000000000000e+00
262 0.000000000000e+00
263 0.000000000000e+00
264 0.000000000000e+00
265 0.000000000000e+00
266 0.000000000000e+00
267 0.000000000000e+00
268 0.000000000000e+00
269 0.000000000000e+00
270 0.000000000000e+00
271 0.000000000000e+00
272 0.000000000000e+00
273 0.000000000000e+00
274 0.000000000000e+00
275 0.000000000000e+00
276 0.000000000000e+00
277 0.000000000000e+00
278 0.000000000000e+00
279 0.000000000000e+00
280 0.000000000000e+00
281 0.000000000000e+00
282 0.000000000000e+00
283 0.000000000000e+00
284 0.000000000000e+00
285 0.000000000000e+00
286 1.143964443058e+00
287 0.000000000000e+00
288 0.000000000000e+00
289 0.000000000000e+00
290 0.000000000000e+00
291 7.160790571509e+00
292 5.380306050647e+00
293 0.000000000000e+00
294 0.000000000000e+00
295 1.932000914564e+00
296 7.743908769450e+00
297 1.099820353587e+00
298 0.000000000000e+00
299 3.460444968554e+00
300 7.980013132881e+00
301 0.000000000000e+00
302 0.000000000000e+00
303 0.000000000000e+00
304 1.117054496445e+01
305 3.579486588763e+00
306 0.000000000000e+00
307 1.947829422876e+01
308 1.854315545294e+01
309 0.000000000000e+00
310 2.591166604006e+00
311 0.000000000000e+00
312 0.000000000000e+00
313 0.000000000000e+00
314 0.000000000000e+00
315 1.230562276701e+01
316 0.000000000000e+00
317 7.163317122004e+00
318 0.000000000000e+00
319 0.000000000000e+00
320 0.000000000000e+00
321 0.000000000000e+00
322 1.423537858070e+01
323 0.000000000000e+00
324 0.000000000000e+00
325 0.000000000000e+00
326 0.000000000000e+00
327 0.000000000000e+00
328 0.000000000000e+00
329 0.000000000000e+00
330 0.000000000000e+00
331 0.000000000000e+00
332 0.000000000000e+00
333 0.000000000000e+00
334 0.000000000000e+00
335 0.000000000000e+00
336 0.000000000000e+00
337 0.000000000000e+00
338 0.000000000000e+00
339 0.000000000000e+00
340 0.000000000000e+00
341 0.000000000000e+00
342 0.000000000000e+00
343 0.000000000000e+00
344 0.000000000000e+00
345 0.000000000000e+00
346 3.777884589253e+00
347 0.000000000000e+00
348 0.000000000000e+00
349 1.632636475316e+00
350 0.000000000000e+00
351 1.786785890878e+01
352 0.000000000000e+00
353 4.088745183202e+00
354 0.000000000000e+00
355 8.169912385761e+00
356 0.000000000000e+00
357 0.000000000000e+00
358 0.000000000000e+00
359 0.000000000000e+00
360 1.313066073043e+01
361 0.000000000000e+00
362 0.000000000000e+00
363 2.602218912755e+00
364 0.000000000000e+00
365 0.000000000000e+00
366 0.000000000000e+00
367 0.000000000000e+00
368 8.592775374389e+00
369 8.180617216059e-01
370 0.000000000000e+00
371 1.188648573909e+00
372 1.363168161559e+01
373 2.596001406949e+01
374 6.443864510698e+00
375 2.815706442625e+00
376 3.254021371635e+00
377 1.303651076033e+01
378 0.000000000000e+00
379 0.000000000000e+00
380 0.000000000000e+00
381 0.000000000000e+00
382 1.191911694501e+01
383 6.200859032967e+00
384 0.000000000000e+00
385 4.589263908832e+00
386 1.116520700202e+01
387 0.000000000000e+00
388 0.000000000000e+00
389 0.000000000000e+00
390 6.298736014935e+00
391 0.000000000000e+00
392 0.000000000000e+00
393 6.359621785664e-01
394 9.326348470511e+00
395 2.322007402707e+01
396 3.720162963830e+00
397 6.386979399720e+00
398 0.000000000000e+00
399 0.000000000000e+00
400 0.000000000000e+00
401 0.000000000000e+00
402 0.000000000000e+00
403 0.000000000000e+00
404 0.000000000000e+00
405 4.114888121499e+00
406 0.000000000000e+00
407 0.000000000000e+00
408 0.000000000000e+00
409 0.000000000000e+00
410 0.000000000000e+00
411 0.000000000000e+00
412 0.000000000000e+00
413 0.000000000000e+00
414 0.000000000000e+00
415 0.000000000000e+00
416 0.000000000000e+00
417 0.000000000000e+00
418 0.000000000000e+00
419 0.000000000000e+00
420 0.000000000000e+00
421 0.000000000000e+00
422 3.677497433772e-01
423 2.042198554520e+00
424 7.905306988255e+00
425 3.879476356827e+00
426 0.000000000000e+00
427 9.331262050964e+00
428 1.055229117851e+01
429 1.306614535158e+01
430 2.698012905249e+00
431 0.000000000000e+00
432 0.000000000000e+00
433 0.000000000000e+00
434 1.421714502868e+01
435 0.000000000000e+00
436 0.000000000000e+00
437 0.000000000000e+00
438 0.000000000000e+00
439 0.000000000000e+00
440 0.000000000000e+00
441 0.000000000000e+00
442 0.000000000000e+00
443 0.000000000000e+00
444 0.000000000000e+00
445 0.000000000000e+00
446 0.000000000000e+00
447 0.000000000000e+00
448 0.000000000000e+00
449 0.000000000000e+00
450 0.000000000000e+00
451 0.000000000000e+00
452 0.000000000000e+00
453 0.000000000000e+00
454 2.319418403318e+00
455 0.000000000000e+00
456 0.000000000000e+00
457 0.000000000000e+00
458 6.422778581107e+00
459 0.000000000000e+00
460 0.000000000000e+00
461 8.948298259699e+00
462 1.045385545943e+00
463 9.200262285853e-01
464 1.030017088493e+01
465 0.000000000000e+00
466 2.751671350288e+00
467 1.046480993809e+01
468 2.489336298696e-01
469 2.025500268699e+00
470 4.614062526004e+00
471 1.636244691137e+01
472 1.745032724191e+01
473 1.066773981445e+01
474 0.000000000000e+00
475 1.048712270325e+01
476 0.000000000000e+00
477 1.144734198868e+01
478 9.731410407741e+00
479 0.000000000000e+00
480 0.000000000000e+00
481 1.353989126856e+00
482 1.136667535649e+01
483 2.640662705722e+00
484 2.318888249576e+00
485 4.437722758230e+00
486 5.007282243450e+00
487 4.060945229461e+00
488 7.209268798058e+00
489 2.475537465287e+00
490 1.411419537177e+01
491 7.460683566661e+00
492 1.103014341816e+01
493 1.123146436629e+01
494 0.000000000000e+00
495 1.140473038938e+01
496 5.713140483432e+00
497 9.359916945452e+00
498 8.967144407188e+00
499 5.051420653952e+00
500 0.000000000000e+00
501 0.000000000000e+00
502 0.000000000000e+00
503 9.799636730055e+00
504 0.000000000000e+00
505 0.000000000000e+00
506 0.000000000000e+00
507 0.000000000000e+00
508 0.000000000000e+00
509 0.000000000000e+00
510 0.000000000000e+00
511 0.000000000000e+00
512 0.000000000000e+00
513 0.000000000000e+00
514 0.000000000000e+00
515 0.000000000000e+00
516 0.000000000000e+00
517 8.335666255001e+00
518 0.000000000000e+00
519 0.000000000000e+00
520 0.000000000000e+00
521 2.903343189913e+00
522 4.063966457652e+00
523 1.636624912350e+00
524 1.086717813037e+01
525 0.000000000000e+00
526 7.336860392684e+00
527 5.108639173647e+00
528 0.000000000000e+00
529 0.000000000000e+00
530 0.000000000000e+00
531 1.132927444970e+01
532 9.358407420446e-01
533 0.000000000000e+00
534 3.732333266213e+00
535 1.112803413731e+01
536 1.398387393160e+01
537 0.000000000000e+00
538 0.000000000000e+00
539 2.657975288373e+00
540 0.000000000000e+00
541 4.259980207182e+00
542 7.553750234207e+00
543 0.000000000000e+00
544 0.000000000000e+00
545 0.000000000000e+00
546 0.000000000000e+00
547 2.352308806500e+00
548 5.056955508957e+00
549 5.958297913938e+00
550 0.000000000000e+00
551 7.522212456494e+00
552 1.079332832029e+01
553 2.121597296540e+00
554 1.665362691907e+01
555 0.000000000000e+00
556 0.000000000000e+00
557 4.523183106071e+00
558 0.000000000000e+00
559 3.332725502579e+00
560 1.738817453520e+00
561 0.000000000000e+00
562 0.000000000000e+00
563 4.135995751202e+00
564 0.000000000000e+00
565 0.000000000000e+00
566 3.709855635353e+00
567 0.000000000000e+00
568 0.000000000000e+00
569 1.071803525821e+01
570 7.072686010083e+00
571 9.943802800768e+00
572 0.000000000000e+00
573 1.006522402074e+01
574 5.874976532766e+00
575 1.025318015041e+01
576 0.000000000000e+00
577 0.000000000000e+00
578 2.206577095766e+00
579 6.763034834665e+00
580 9.755023262668e-01
581 5.881800754601e+00
582 2.097523022843e+01
583 2.183727145399e+01
584 0.000000000000e+00
585 5.639295121210e+00
586 1.203170475492e+01
587 6.074025315369e+00
588 2.579526160712e+00
589 3.635299284515e-01
590 0.000000000000e+00
591 5.315205271677e+00
592 9.111417172482e-01
593 0.000000000000e+00
594 7.765869584804e+00
595 0.000000000000e+00
596 0.000000000000e+00
597 1.065427312643e+01
598 0.000000000000e+00
599 0.000000000000e+00
600 0.000000000000e+00
601 0.000000000000e+00
602 0.000000000000e+00
603 0.000000000000e+00
604 0.000000000000e+00
605 0.000000000000e+00
606 0.000000000000e+00
607 0.000000000000e+00
608 0.000000000000e+00
609 0.000000000000e+00
610 0.000000000000e+00
611 0.000000000000e+00
612 0.000000000000e+00
613 0.000000000000e+00
614 0.000000000000e+00
615 0.000000000000e+00
616 0.000000000000e+00
617 0.000000000000e+00
618 0.000000000000e+00
619 0.000000000000e+00
620 0.000000000000e+00
621 1.301838763145e+00
622 2.528161601920e+00
623 7.019306047907e+00
624 2.355009551538e+00
625 1.459408059018e+01
626 2.883640642090e+00
627 6.840666726380e+00
628 4.773192589215e+00
629 1.381665994985e+00
630 5.389050182668e+00
631 0.000000000000e+00
632 0.000000000000e+00
633 0.000000000000e+00
634 5.849075289235e-01
635 0.000000000000e+00
636 1.009908921904e+01
637 8.910595275071e+00
638 0.000000000000e+00
639 2.500099908681e+00
640 5.594336441219e+00
641 0.000000000000e+00
642 0.000000000000e+00
643 0.000000000000e+00
644 0.000000000000e+00
645 1.232360055045e+00
646 4.389440461385e+00
647 2.000886566654e+01
648 2.461174151675e+01
649 0.000000000000e+00
650 3.021006733109e+00
651 1.125416845740e+00
652 9.791001515892e+00
653 1.681052565372e+00
654 8.337970747422e-01
655 0.000000000000e+00
656 0.000000000000e+00
657 2.888792390320e+00
658 0.000000000000e+00
659 3.531315290317e+00
660 2.954181995058e+00
661 0.000000000000e+00
662 0.000000000000e+00
663 0.000000000000e+00
664 0.000000000000e+00
665 0.000000000000e+00
666 0.000000000000e+00
667 0.000000000000e+00
668 0.000000000000e+00
669 0.000000000000e+00
670 0.000000000000e+00
671 0.000000000000e+00
672 0.000000000000e+00
673 0.000000000000e+00
674 0.000000000000e+00
675 0.000000000000e+00
676 0.000000000000e+00
677 0.000000000000e+00
678 0.000000000000e+00
679 0.000000000000e+00
680 0.000000000000e+00
681 0.000000000000e+00
682 0.000000000000e+00
683 0.000000000000e+00
684 4.898589830717e+00
685 1.855170039072e+01
686 2.400365347286e+00
687 1.107649845156e+01
688 1.550082507794e+00
689 6.208580882221e+00
690 0.000000000000e+00
691 0.000000000000e+00
692 0.000000000000e+00
693 9.182830572457e+00
694 5.732439733709e+00
695 0.000000000000e+00
696 0.000000000000e+00
697 2.654684198062e+00
698 3.150884729627e+00
699 1.695311795479e+01
700 0.000000000000e+00
701 7.794979659689e+00
702 9.983049301946e+00
703 6.860996920870e+00
704 7.926063043150e-01
705 1.806053113217e+00
706 1.721915348845e+01
707 0.000000000000e+00
708 0.000000000000e+00
709 4.001912542253e+00
710 2.757527981707e+00
711 7.246634271243e+00
712 3.041653250945e+00
713 4.804417684246e+00
714 4.747225245508e+00
715 4.410536927880e+00
716 4.237368125788e+00
717 1.247263520946e+01
718 6.654577756104e+00
719 0.000000000000e+00
720 7.430296208554e+00
721 9.891111384106e+00
722 1.099039423165e+01
723 0.000000000000e+00
724 0.000000000000e+00
725 0.000000000000e+00
726 7.228317181020e+00
727 0.000000000000e+00
728 0.000000000000e+00
729 0.000000000000e+00
730 1.101672052533e+01
731 0.000000000000e+00
732 0.000000000000e+00
733 0.000000000000e+00
734 4.397660645423e+00
735 0.000000000000e+00
736 0.000000000000e+00
737 0.000000000000e+00
738 0.000000000000e+00
739 0.000000000000e+00
740 0.000000000000e+00
741 0.000000000000e+00
742 0.000000000000e+00
743 5.126888165025e+00
744 0.000000000000e+00
745 0.000000000000e+00
746 0.000000000000e+00
747 2.346007703355e-01
748 0.000000000000e+00
749 4.277579794966e+00
750 1.610984704875e+01
751 8.472549925901e+00
752 0.000000000000e+00
753 8.595262324457e+00
754 1.228722593066e+01
755 0.000000000000e+00
756 5.570278219826e+00
757 1.240846686041e+01
758 3.946777552200e+00
759 0.000000000000e+00
760 1.527859369776e+00
761 1.260282216717e+01
762 3.743964528914e+00
763 1.272781001591e+00
764 0.000000000000e+00
765 4.449889453172e+00
766 0.000000000000e+00
767 2.683933209535e+00
768 0.000000000000e+00
769 0.000000000000e+00
770 0.000000000000e+00
771 0.000000000000e+00
772 8.985946346790e+00
773 0.000000000000e+00
774 9.210480831978e+00
775 0.000000000000e+00
776 4.207728016702e+00
777 9.058387441810e+00
778 0.000000000000e+00
779 2.164367127727e+00
780 0.000000000000e+00
781 0.000000000000e+00
782 0.000000000000e+00
783 7.266798825370e-01
784 2.048918722002e+00
785 3.491068326500e+00
786 8.080232331575e+00
787 0.000000000000e+00
788 1.010739796862e+01
789 1.446483458642e+00
790 9.679751008058e+00
791 7.655373375292e+00
792 7.440751859941e+00
793 0.000000000000e+00
794 0.000000000000e+00
795 0.000000000000e+00
796 5.768400783257e+00
797 0.000000000000e+00
798 0.000000000000e+00
799 0.000000000000e+00
800 0.000000000000e+00
801 0.000000000000e+00
802 0.000000000000e+00
803 0.000000000000e+00
804 0.000000000000e+00
805 0.000000000000e+00
806 0.000000000000e+00
807 0.000000000000e+00
808 0.000000000000e+00
809 0.000000000000e+00
810 0.000000000000e+00
811 0.000000000000e+00
812 0.000000000000e+00
813 0.000000000000e+00
814 0.000000000000e+00
815 0.000000000000e+00
816 0.000000000000e+00
817 0.000000000000e+00
818 3.531924594056e+00
819 0.000000000000e+00
820 0.000000000000e+00
821 6.373059578201e+00
822 0.000000000000e+00
823 0.000000000000e+00
824 9.853291661688e+00
825 0.000000000000e+00
826 1.380140468394e+01
827 6.457021850326e+00
828 0.000000000000e+00
829 0.000000000000e+00
830 0.000000000000e+00
831 0.000000000000e+00
832 0.000000000000e+00
833 0.000000000000e+00
834 0.000000000000e+00
835 0.000000000000e+00
836 0.000000000000e+00
837 0.000000000000e+00
838 0.000000000000e+00
839 0.000000000000e+00
840 0.000000000000e+00
841 0.000000000000e+00
842 0.000000000000e+00
843 0.000000000000e+00
844 0.000000000000e+00
845 0.000000000000e+00
846 0.000000000000e+00
847 0.000000000000e+00
848 0.000000000000e+00
849 0.000000000000e+00
850 0.000000000000e+00
851 0.000000000000e+00
852 0.000000000000e+00
853 2.110498078131e+00
854 9.004922859300e+00
855 1.684638487521e+01
856 0.000000000000e+00
857 0.000000000000e+00
858 0.000000000000e+00
859 0.000000000000e+00
860 0.000000000000e+00
861 0.000000000000e+00
862 0.000000000000e+00
863 0.000000000000e+00
864 0.000000000000e+00
865 0.000000000000e+00
866 0.000000000000e+00
867 0.000000000000e+00
868 0.000000000000e+00
869 0.000000000000e+00
870 0.000000000000e+00
871 0.000000000000e+00
872 0.000000000000e+00
873 0.000000000000e+00
874 0.000000000000e+00
875 0.000000000000e+00
876 0.000000000000e+00
877 0.000000000000e+00
878 0.000000000000e+00
879 0.000000000000e+00
880 0.000000000000e+00
881 0.000000000000e+00
882 0.000000000000e+00
883 0.000000000000e+00
884 0.000000000000e+00
885 0.000000000000e+00
886 0.000000000000e+00
887 0.000000000000e+00
888 0.000000000000e+00
889 0.000000000000e+00
890 0.000000000000e+00
891 0.000000000000e+00
892 2.363737644282e-01
893 3.893632319288e+00
894 3.355259854363e+00
895 1.816209694015e+01
896 1.923019440573e+01
897 0.000000000000e+00
898 0.000000000000e+00
899 0.000000000000e+00
900 7.631066190256e+00
901 0.000000000000e+00
902 0.000000000000e+00
903 0.000000000000e+00
904 1.152542182278e+01
905 0.000000000000e+00
906 0.000000000000e+00
907 0.000000000000e+00
908 3.177397934125e+00
909 0.000000000000e+00
910 0.000000000000e+00
911 0.000000000000e+00
912 0.000000000000e+00
913 0.000000000000e+00
914 0.000000000000e+00
915 1.123628431108e+00
916 4.104880204328e+00
917 3.780367364041e+00
918 8.099866627017e+00
919 4.895297706384e+00
920 0.000000000000e+00
921 0.000000000000e+00
922 0.000000000000e+00
923 0.000000000000e+00
924 1.477892334445e+01
925 2.393091878260e+01
926 0.000000000000e+00
927 2.212318414235e+00
928 0.000000000000e+00
929 0.000000000000e+00
930 0.000000000000e+00
931 0.000000000000e+00
932 0.000000000000e+00
933 0.000000000000e+00
934 5.984963713950e+00
935 0.000000000000e+00
936 5.813267708942e+00
937 0.000000000000e+00
938 0.000000000000e+00
939 0.000000000000e+00
940 0.000000000000e+00
941 1.942234641278e+00
942 0.000000000000e+00
943 7.784388753233e+00
944 0.000000000000e+00
945 1.064489654010e+01
946 0.000000000000e+00
947 4.418613156681e+00
948 0.000000000000e+00
949 0.000000000000e+00
950 0.000000000000e+00
951 1.961476943129e+00
952 1.675106820824e+00
953 4.026594377077e+00
954 1.348226331325e+01
955 2.257949190617e+01
956 1.128466262872e+01
957 0.000000000000e+00
958 5.952832350723e+00
959 0.000000000000e+00
960 1.009785297033e+01
961 1.139494101854e+01
962 0.000000000000e+00
963 0.000000000000e+00
964 0.000000000000e+00
965 6.787314043204e+00
966 0.000000000000e+00
967 1.494920976524e+00
968 4.787263271025e+00
969 4.174766963721e+00
970 0.000000000000e+00
971 1.030105213961e+01
972 0.000000000000e+00
973 8.996089389379e+00
974 0.000000000000e+00
975 0.000000000000e+00
976 4.749310163895e+00
977 2.904578330412e+01
978 0.000000000000e+00
979 0.000000000000e+00
980 0.000000000000e+00
981 0.000000000000e+00
982 0.000000000000e+00
983 0.000000000000e+00
984 0.000000000000e+00
985 0.000000000000e+00
986 0.000000000000e+00
987 0.000000000000e+00
988 0.000000000000e+00
989 0.000000000000e+00
990 0.000000000000e+00
991 0.000000000000e+00
992 0.000000000000e+00
993 7.291385198535e+00
994 0.000000000000e+00
995 0.000000000000e+00
996 1.210105882978e+00
997 7.920280427443e+00
998 1.682956085270e+01
999 0.000000000000e+00
1000 4.541130824345e+00
1001 3.318788772575e+00
1002 0.000000000000e+00
1003 0.000000000000e+00
1004 0.000000000000e+00
1005 0.000000000000e+00
1006 0.000000000000e+00
1007 2.058679421773e+00
1008 2.283644445557e+00
1009 0.000000000000e+00
1010 4.006967669323e+00
1011 5.180268004739e+00
1012 0.000000000000e+00
1013 0.000000000000e+00
1014 0.000000000000e+00
1015 1.682259761063e+01
1016 0.000000000000e+00
1017 0.000000000000e+00
1018 3.277090347486e+00
1019 1.352291402826e+01
1020 8.669572892609e+00
1021 0.000000000000e+00
1022 0.000000000000e+00
1023 8.974394953360e+00
1024 4.027064322006e+00
1025 0.000000000000e+00
1026 2.015051866126e+01
1027 2.235019127929e+01
1028 0.000000000000e+00
1029 0.000000000000e+00
1030 0.000000000000e+00
1031 1.462948588651e+00
1032 1.070215926548e+01
1033 0.000000000000e+00
1034 0.000000000000e+00
1035 1.707861004017e+00
1036 4.148860891768e+00
1037 8.770505507461e+00
1038 1.023641141263e+01
1039 1.075832584148e+01
1040 0.000000000000e+00
1041 4.504915236226e+00
1042 9.917699917926e+00
1043 7.833409743088e+00
1044 4.046299211904e+00
1045 4.183312690368e+00
1046 1.118463092210e+00
1047 0.000000000000e+00
1048 0.000000000000e+00
1049 0.000000000000e+00
1050 0.000000000000e+00
1051 7.033611799850e+00
1052 0.000000000000e+00
1053 0.000000000000e+00
1054 0.000000000000e+00
1055 2.635290385778e+00
1056 0.000000000000e+00
1057 0.000000000000e+00
1058 0.000000000000e+00
1059 0.000000000000e+00
1060 0.000000000000e+00
1061 0.000000000000e+00
1062 0.000000000000e+00
1063 0.000000000000e+00
1064 4.386738986789e+00
1065 8.600270287041e+00
1066 0.000000000000e+00
1067 8.348846744144e-01
1068 7.617962501639e+00
1069 1.835355245363e+01
1070 1.972048730901e+01
1071 1.131366989055e+01
1072 8.206686212059e+00
1073 8.322268268225e+00
1074 0.000000000000e+00
1075 1.093794392240e+01
1076 6.580945501225e+00
1077 1.337470288273e+00
1078 0.000000000000e+00
1079 0.000000000000e+00
1080 0.000000000000e+00
1081 8.574602731967e-01
1082 3.856927968852e+00
1083 5.486486879484e+00
1084 0.000000000000e+00
1085 1.236579829024e+01
1086 1.106802746722e+01
1087 1.288099565308e+01
1088 2.629675636466e+01
1089 0.000000000000e+00
1090 0.000000000000e+00
1091 3.090962225314e+00
1092 2.432282700582e+00
1093 0.000000000000e+00
1094 0.000000000000e+00
1095 0.000000000000e+00
1096 7.864501667615e+00
1097 0.000000000000e+00
1098 0.000000000000e+00
1099 0.000000000000e+00
1100 0.000000000000e+00
1101 0.000000000000e+00
1102 0.000000000000e+00
1103 0.000000000000e+00
1104 0.000000000000e+00
1105 0.000000000000e+00
1106 0.000000000000e+00
1107 0.000000000000e+00
1108 0.000000000000e+00
1109 0.000000000000e+00
1110 1.698370213600e+00
1111 2.786635817437e+00
1112 2.309134371940e+00
1113 0.000000000000e+00
1114 4.064126593054e+00
1115 1.257057912885e+01
1116 1.551197114172e+01
1117 0.000000000000e+00
1118 0.000000000000e+00
1119 1.042705806878e+01
1120 0.000000000000e+00
1121 1.010111686396e+01
1122 1.654484741744e+00
1123 2.667305976387e+00
1124 0.000000000000e+00
1125 0.000000000000e+00
1126 2.905887599417e+00
1127 1.331392127679e+00
1128 1.891825357011e+01
1129 0.000000000000e+00
1130 4.207918334807e+00
1131 5.989819775321e-01
1132 0.000000000000e+00
1133 0.000000000000e+00
1134 0.000000000000e+00
1135 0.000000000000e+00
1136 0.000000000000e+00
1137 0.000000000000e+00
1138 0.000000000000e+00
1139 0.000000000000e+00
1140 0.000000000000e+00
1141 0.000000000000e+00
1142 0.000000000000e+00
1143 0.000000000000e+00
1144 0.000000000000e+00
1145 0.000000000000e+00
1146 0.000000000000e+00
1147 0.000000000000e+00
1148 0.000000000000e+00
1149 0.000000000000e+00
1150 0.000000000000e+00
1151 0.000000000000e+00
1152 0.000000000000e+00
1153 0.000000000000e+00
1154 0.000000000000e+00
1155 0.000000000000e+00
1156 0.000000000000e+00
1157 3.620966530316e+00
1158 8.498447975059e+00
1159 6.933499452844e+00
1160 0.000000000000e+00
1161 0.000000000000e+00
1162 0.000000000000e+00
1163 0.000000000000e+00
1164 0.000000000000e+00
1165 0.000000000000e+00
1166 4.808571944481e+00
1167 2.143175877482e+00
1168 0.000000000000e+00
1169 1.263453082917e+00
1170 1.063116044687e+00
1171 0.000000000000e+00
1172 0.000000000000e+00
1173 0.000000000000e+00
1174 6.478426318666e-01
1175 8.016248037792e+00
1176 9.867815078674e-01
1177 3.700797896389e+00
1178 1.291631692847e+01
1179 0.000000000000e+00
1180 2.217827345989e+00
1181 6.285033028166e+00
1182 0.000000000000e+00
1183 1.734789641234e+01
1184 2.451764020192e+01
1185 0.000000000000e+00
1186 0.000000000000e+00
1187 0.000000000000e+00
1188 0.000000000000e+00
1189 0.000000000000e+00
1190 0.000000000000e+00
1191 0.000000000000e+00
1192 1.185222991567e+00
1193 4.225329676134e+00
1194 0.000000000000e+00
1195 1.046503555821e+01
1196 0.000000000000e+00
1197 0.000000000000e+00
1198 0.000000000000e+00
1199 0.000000000000e+00
1200 0.000000000000e+00
1201 6.857609631791e+00
1202 0.000000000000e+00
1203 0.000000000000e+00
1204 0.000000000000e+00
1205 0.000000000000e+00
1206 0.000000000000e+00
1207 0.000000000000e+00
1208 0.000000000000e+00
1209 0.000000000000e+00
1210 0.000000000000e+00
1211 0.000000000000e+00
1212 0.000000000000e+00
1213 0.000000000000e+00
1214 0.000000000000e+00
1215 0.000000000000e+00
1216 0.000000000000e+00
1217 0.000000000000e+00
1218 0.000000000000e+00
1219 0.000000000000e+00
1220 0.000000000000e+00
1221 0.000000000000e+00
1222 0.000000000000e+00
1223 0.000000000000e+00
1224 2.046572701116e+00
1225 6.795766339833e+00
1226 9.800126673454e-01
1227 0.000000000000e+00
1228 2.042692480422e+00
1229 2.474650896429e+00
1230 5.131141684961e+00
1231 2.757176870313e+01
1232 2.619994328205e+01
1233 0.000000000000e+00
1234 0.000000000000e+00
1235 2.645359578568e+00
1236 0.000000000000e+00
1237 0.000000000000e+00
1238 0.000000000000e+00
1239 0.000000000000e+00
1240 4.999741658059e+00
1241 7.670341366861e+00
1242 0.000000000000e+00
1243 0.000000000000e+00
1244 8.919379108753e+00
1245 6.580350070343e+00
1246 0.000000000000e+00
1247 0.000000000000e+00
1248 0.000000000000e+00
1249 3.907715835562e+00
1250 0.000000000000e+00
1251 1.019017068467e+00
1252 6.091214121000e+00
1253 1.976374463099e+01
1254 1.657782191889e+01
1255 1.184291012622e+01
1256 3.489536686277e+00
1257 3.911269288899e+00
1258 0.000000000000e+00
1259 6.662116129006e+00
1260 0.000000000000e+00
1261 0.000000000000e+00
1262 0.000000000000e+00
1263 0.000000000000e+00
1264 0.000000000000e+00
1265 0.000000000000e+00
1266 0.000000000000e+00
1267 0.000000000000e+00
1268 0.000000000000e+00
1269 0.000000000000e+00
1270 0.000000000000e+00
1271 0.000000000000e+00
1272 0.000000000000e+00
1273 0.000000000000e+00
1274 9.933606856463e+00
1275 0.000000000000e+00
1276 4.162143430848e-01
1277 0.000000000000e+00
1278 1.138345622364e+01
1279 2.231780845072e+01
1280 0.000000000000e+00
1281 3.185217252973e+00
1282 0.000000000000e+00
1283 9.244435650379e+00
1284 2.747370664723e+00
1285 0.000000000000e+00
1286 0.000000000000e+00
1287 0.000000000000e+00
1288 9.985024007115e+00
1289 0.000000000000e+00
1290 0.000000000000e+00
1291 3.120567061808e+00
1292 0.000000000000e+00
1293 1.961609408258e+00
1294 2.573833739909e-01
1295 6.904914114545e-01
1296 1.756829953184e+01
1297 3.882100113981e+00
1298 0.000000000000e+00
1299 8.596656656556e+00
1300 1.249400937078e+01
1301 1.282053969938e+01
1302 4.688855175473e+00
1303 0.000000000000e+00
1304 0.000000000000e+00
1305 3.087558327476e+00
1306 1.489900410660e+01
1307 0.000000000000e+00
1308 3.223765831253e+00
1309 3.856317520102e+00
1310 1.691973012857e+01
1311 1.962846051018e+01
1312 5.506842376060e+00
1313 8.003566115173e+00
1314 6.806291863704e+00
1315 0.000000000000e+00
1316 3.846634135022e+00
1317 0.000000000000e+00
1318 0.000000000000e+00
1319 4.490324140273e+00
1320 4.879399723463e+00
1321 1.678935355716e+01
1322 0.000000000000e+00
1323 1.017132338879e+01
1324 7.454002111451e+00
1325 5.391786191132e+00
1326 1.273912883899e-04
1327 0.000000000000e+00
1328 6.410056334366e+00
1329 0.000000000000e+00
1330 0.000000000000e+00
1331 8.223376073388e+00
1332 8.070728732571e+00
1333 0.000000000000e+00
1334 0.000000000000e+00
1335 4.315806629464e+00
1336 0.000000000000e+00
1337 0.000000000000e+00
1338 0.000000000000e+00
1339 3.770281261927e-01
1340 3.520668250296e+00
1341 1.568967594934e+01
1342 1.750062806639e+01
1343 0.000000000000e+00
1344 7.338255729356e+00
1345 2.274169728585e+00
1346 1.288903629267e+01
1347 3.283481234844e+00
1348 0.000000000000e+00
1349 0.000000000000e+00
1350 5.971137986984e+00
1351 0.000000000000e+00
1352 0.000000000000e+00
1353 0.000000000000e+00
1354 0.000000000000e+00
1355 0.000000000000e+00
1356 0.000000000000e+00
1357 0.000000000000e+00
1358 0.000000000000e+00
1359 0.000000000000e+00
1360 0.000000000000e+00
1361 0.000000000000e+00
1362 0.000000000000e+00
1363 0.000000000000e+00
1364 0.000000000000e+00
1365 0.000000000000e+00
1366 0.000000000000e+00
1367 0.000000000000e+00
1368 0.000000000000e+00
1369 0.000000000000e+00
1370 0.000000000000e+00
1371 2.094061062430e+01
1372 4.437321148235e+00
1373 2.332762641227e+00
1374 6.266648046734e+00
1375 5.984757810517e+00
1376 0.000000000000e+00
1377 0.000000000000e+00
1378 1.147726251443e+01
1379 2.110965406235e+00
1380 0.000000000000e+00
1381 0.000000000000e+00
1382 0.000000000000e+00
1383 1.715306391247e+01
1384 0.000000000000e+00
1385 0.000000000000e+00
1386 0.000000000000e+00
1387 0.000000000000e+00
1388 0.000000000000e+00
1389 2.347482894484e+00
1390 0.000000000000e+00
1391 8.151143521756e+00
1392 0.000000000000e+00
1393 0.000000000000e+00
1394 0.000000000000e+00
1395 0.000000000000e+00
1396 0.000000000000e+00
1397 0.000000000000e+00
1398 4.070693945511e+00
1399 0.000000000000e+00
1400 0.000000000000e+00
1401 0.000000000000e+00
1402 0.000000000000e+00
1403 0.000000000000e+00
1404 0.000000000000e+00
1405 5.558286207211e+00
1406 3.857185262358e+00
1407 4.264650210014e+00
1408 9.283385304655e+00
1409 0.000000000000e+00
1410 0.000000000000e+00
1411 1.014132358781e+01
1412 0.000000000000e+00
1413 9.867646025449e+00
1414 0.000000000000e+00
1415 8.723647082454e+00
1416 1.109151224015e+01
1417 3.666367062337e+00
1418 5.875371106674e+00
1419 0.000000000000e+00
1420 2.604586873489e+00
1421 1.586092384442e+01
1422 0.000000000000e+00
1423 0.000000000000e+00
1424 4.358141483654e+00
1425 0.000000000000e+00
1426 0.000000000000e+00
1427 0.000000000000e+00
1428 0.000000000000e+00
1429 0.000000000000e+00
1430 1.184700402419e+01
1431 6.663536406678e+00
1432 1.089533745321e+01
1433 0.000000000000e+00
1434 3.895080651662e+00
1435 8.879414904840e+00
1436 8.715740025082e+00
1437 0.000000000000e+00
1438 6.246450579714e-01
1439 4.799904511100e+00
1440 5.883193995734e+00
1441 6.957861553354e+00
1442 8.843314749020e+00
1443 1.192323457616e+01
1444 0.000000000000e+00
1445 7.661769174650e+00
1446 9.736075612714e+00
1447 8.618118210634e+00
1448 0.000000000000e+00
