49.455000 42.300000 9.091000 1.824000
48.579000 41.927000 10.242000 1.908000
48.184000 40.452000 10.151000 1.908000
48.913000 39.598000 10.664000 1.661200
47.365000 42.850000 10.298000 1.908000
46.518000 42.581000 11.512000 1.908000
47.460000 41.446000 12.594000 2.000000
47.649000 40.047000 11.485000 1.908000
46.749000 39.671000 11.265000 1.387000
48.100000 40.347000 10.644000 1.387000
48.205000 39.343000 11.928000 1.387000
49.984000 41.500000 8.817000 0.600000
48.881000 42.607000 8.336000 0.600000
46.330000 43.436000 11.995000 1.387000
45.654000 42.155000 11.241000 1.387000
50.067000 43.034000 9.377000 0.600000
49.110000 42.061000 11.078000 1.100000
46.811000 42.707000 9.477000 1.487000
47.679000 43.799000 10.325000 1.487000
47.059000 40.159000 9.514000 1.824000
46.637000 38.769000 9.336000 1.908000
46.883000 38.337000 7.891000 1.908000
46.653000 39.056000 6.912000 1.661200
45.183000 38.563000 9.756000 1.908000
44.984000 37.443000 10.770000 1.908000
44.244000 36.255000 10.153000 1.908000
43.486000 35.488000 11.220000 1.908000
44.329000 34.730000 12.180000 1.824000
47.178000 38.184000 9.943000 1.387000
42.905000 36.144000 11.741000 1.100000
42.846000 34.839000 10.762000 1.100000
45.877000 37.131000 11.093000 1.487000
44.450000 37.788000 11.540000 1.487000
44.978000 35.353000 12.617000 0.600000
43.746000 34.312000 12.877000 0.600000
44.830000 34.015000 11.691000 0.600000
44.907000 35.651000 9.734000 1.487000
43.599000 36.597000 9.484000 1.487000
46.522000 40.969000 9.165000 0.600000
44.649000 38.345000 8.941000 1.487000
44.850000 39.412000 10.160000 1.487000
47.385000 37.128000 7.738000 1.824000
47.655000 36.581000 6.410000 1.908000
46.792000 35.350000 6.185000 1.908000
46.900000 34.388000 6.948000 1.661200
49.130000 36.243000 6.239000 1.908000
49.435000 35.450000 4.961000 1.908000
49.756000 36.428000 3.832000 1.908000
50.349000 35.737000 2.628000 1.908000
51.294000 34.659000 3.079000 1.824000
47.423000 37.271000 5.722000 1.387000
49.623000 35.322000 2.090000 1.100000
50.853000 36.396000 2.080000 1.100000
50.220000 34.872000 5.121000 1.487000
48.640000 34.920000 4.713000 1.487000
51.527000 34.812000 4.037000 0.600000
50.849000 33.773000 2.974000 0.600000
52.118000 34.695000 2.519000 0.600000
50.409000 37.102000 4.173000 1.487000
48.911000 36.885000 3.560000 1.487000
47.569000 36.608000 8.616000 0.600000
49.423000 35.695000 7.017000 1.487000
49.649000 37.092000 6.204000 1.487000
46.107000 35.309000 5.047000 1.824000
45.347000 34.107000 4.699000 1.908000
45.831000 33.565000 3.352000 1.908000
46.158000 34.296000 2.430000 1.661200
43.858000 34.416000 4.684000 1.908000
46.155000 36.150000 4.464000 0.600000
45.506000 33.410000 5.399000 1.387000
43.408000 33.932000 5.435000 1.487000
43.719000 35.400000 4.793000 1.487000
43.463000 34.119000 3.815000 1.487000
45.897000 32.235000 3.204000 1.824000
46.331000 31.621000 1.945000 1.908000
45.316000 30.560000 1.485000 1.908000
44.931000 29.723000 2.281000 1.661200
47.711000 30.936000 2.090000 1.908000
48.042000 30.062000 0.870000 1.908000
48.805000 31.963000 2.393000 1.908000
46.365000 32.336000 1.243000 1.387000
48.620000 30.580000 0.244000 1.487000
48.739000 32.236000 3.351000 1.487000
47.665000 30.325000 2.877000 1.487000
48.523000 29.243000 1.176000 1.487000
47.194000 29.805000 0.413000 1.487000
45.620000 31.691000 4.040000 0.600000
49.697000 31.550000 2.218000 1.487000
48.677000 32.758000 1.803000 1.487000
44.952000 30.595000 0.217000 1.824000
44.068000 29.571000 -0.373000 1.908000
44.890000 28.862000 -1.461000 1.908000
45.440000 29.458000 -2.381000 1.661200
42.797000 30.191000 -0.972000 1.908000
41.839000 30.765000 0.089000 1.908000
42.018000 29.192000 -1.824000 1.908000
40.607000 31.406000 -0.602000 1.908000
43.907000 28.905000 0.336000 1.387000
41.257000 29.667000 -2.261000 1.487000
42.629000 28.814000 -2.515000 1.487000
43.073000 30.949000 -1.573000 1.487000
41.529000 30.040000 0.666000 1.487000
42.305000 31.463000 0.592000 1.487000
40.144000 30.703000 -1.129000 1.487000
45.331000 31.392000 -0.332000 0.600000
40.007000 31.767000 0.102000 1.487000
41.675000 28.465000 -1.234000 1.487000
40.926000 32.134000 -1.196000 1.487000
45.112000 27.594000 -1.334000 1.824000
45.830000 26.767000 -2.299000 1.908000
44.722000 26.179000 -3.196000 1.908000
44.077000 25.171000 -2.906000 1.661200
46.641000 25.670000 -1.621000 1.908000
47.689000 26.305000 -0.698000 1.908000
46.363000 27.365000 -2.866000 1.387000
44.718000 27.172000 -0.436000 0.600000
47.110000 25.147000 -2.307000 1.487000
46.041000 25.119000 -1.073000 1.487000
47.610000 26.128000 0.525000 1.661200
48.590000 27.029000 -1.298000 1.824000
49.321000 27.478000 -0.753000 0.600000
48.579000 27.157000 -2.290000 0.600000
44.378000 26.978000 -4.226000 1.824000
43.233000 26.729000 -5.100000 1.908000
43.080000 25.390000 -5.745000 1.908000
41.986000 24.845000 -5.983000 1.661200
45.015000 27.804000 -4.343000 0.600000
42.364000 26.950000 -4.559000 1.387000
43.230000 27.468000 -5.841000 1.387000
44.197000 24.712000 -5.976000 1.824000
44.337000 23.380000 -6.480000 1.908000
43.857000 22.387000 -5.421000 1.908000
43.584000 21.255000 -5.815000 1.661200
45.783000 23.066000 -6.900000 1.908000
46.664000 22.614000 -5.728000 1.908000
47.219000 23.805000 -4.952000 1.908000
46.862000 24.971000 -5.264000 1.661200
48.082000 23.505000 -4.093000 1.661200
46.112000 22.093000 -5.116000 1.487000
43.791000 23.258000 -7.313000 1.387000
47.422000 22.117000 -6.089000 1.487000
45.074000 25.310000 -5.727000 0.600000
46.174000 23.885000 -7.263000 1.487000
45.754000 22.333000 -7.546000 1.487000
43.691000 22.764000 -4.175000 1.824000
43.166000 21.837000 -3.180000 1.908000
41.686000 22.068000 -2.918000 1.908000
41.125000 21.355000 -2.087000 1.661200
43.904000 21.885000 -1.842000 1.908000
45.391000 21.558000 -1.867000 1.908000
46.198000 21.988000 -0.657000 1.908000
45.494000 20.553000 -1.977000 1.487000
43.273000 20.900000 -3.542000 1.387000
45.798000 21.990000 -2.692000 1.487000
43.954000 23.741000 -3.962000 0.600000
43.456000 21.236000 -1.204000 1.487000
43.798000 22.814000 -1.450000 1.487000
47.877000 22.082000 -1.771000 0.600000
45.772000 22.110000 0.486000 1.661200
47.505000 22.224000 -0.828000 1.824000
48.088000 22.525000 -0.064000 0.600000
41.104000 23.052000 -3.574000 1.824000
39.685000 23.367000 -3.364000 1.908000
38.828000 22.453000 -4.241000 1.908000
38.996000 22.476000 -5.466000 1.661200
39.462000 24.846000 -3.677000 1.908000
40.297000 25.682000 -2.702000 1.908000
37.976000 25.180000 -3.592000 1.908000
39.900000 25.490000 -1.247000 1.908000
39.483000 23.126000 -2.417000 1.387000
37.850000 26.144000 -3.814000 1.487000
37.480000 24.611000 -4.244000 1.487000
39.792000 25.025000 -4.591000 1.487000
41.255000 25.432000 -2.810000 1.487000
40.184000 26.644000 -2.938000 1.487000
40.017000 24.531000 -0.999000 1.487000
41.709000 23.572000 -4.232000 0.600000
40.481000 26.061000 -0.671000 1.487000
37.657000 24.997000 -2.665000 1.487000
38.945000 25.754000 -1.130000 1.487000
38.020000 21.606000 -3.637000 1.824000
37.284000 20.589000 -4.391000 1.908000
35.779000 20.775000 -4.298000 1.908000
35.082000 19.956000 -4.877000 1.661200
37.586000 19.162000 -3.930000 1.908000
39.016000 18.752000 -3.702000 1.908000
39.804000 18.192000 -4.850000 1.908000
39.190000 17.200000 -5.707000 1.824000
39.806000 16.675000 -6.777000 1.908000
41.041000 17.053000 -7.088000 1.824000
39.201000 15.771000 -7.536000 1.824000
39.044000 18.057000 -2.938000 1.487000
37.559000 20.649000 -5.364000 1.387000
38.265000 16.886000 -5.500000 0.600000
39.539000 19.563000 -3.331000 1.487000
39.650000 15.400000 -8.334000 0.600000
38.274000 15.460000 -7.294000 0.600000
37.948000 21.713000 -2.609000 0.600000
40.675000 17.797000 -4.466000 1.387000
40.109000 18.984000 -5.435000 1.387000
41.482000 16.664000 -7.905000 0.600000
41.525000 17.711000 -6.522000 0.600000
37.184000 18.527000 -4.619000 1.487000
37.073000 19.006000 -3.063000 1.487000
35.292000 21.765000 -3.617000 1.824000
33.905000 22.138000 -3.470000 1.908000
33.855000 23.536000 -2.828000 1.908000
34.895000 23.946000 -2.281000 1.661200
33.162000 21.185000 -2.530000 1.908000
33.652000 21.389000 -1.203000 1.721000
36.068000 22.345000 -3.122000 0.600000
33.493000 22.211000 -4.373000 1.387000
33.347000 20.258000 -2.800000 1.387000
32.202000 21.394000 -2.552000 1.387000
32.929000 21.174000 -0.551000 1.100000
32.667000 24.117000 -2.770000 1.824000
32.474000 25.422000 -2.134000 1.908000
32.506000 25.288000 -0.606000 1.908000
33.003000 26.167000 0.113000 1.661200
31.201000 26.118000 -2.640000 1.908000
30.996000 27.505000 -2.043000 1.908000
29.956000 25.294000 -2.294000 1.908000
31.631000 28.682000 -2.710000 1.908000
33.268000 25.979000 -2.387000 1.387000
29.158000 25.741000 -2.690000 1.487000
30.064000 24.379000 -2.674000 1.487000
31.282000 26.218000 -3.638000 1.487000
29.987000 27.669000 -1.978000 1.487000
31.317000 27.471000 -1.070000 1.487000
31.292000 28.765000 -3.649000 1.487000
31.892000 23.579000 -3.207000 0.600000
31.409000 29.519000 -2.207000 1.487000
29.870000 25.249000 -1.302000 1.487000
32.626000 28.566000 -2.730000 1.487000
32.160000 24.102000 -0.105000 1.824000
32.396000 23.743000 1.274000 1.908000
33.884000 23.826000 1.659000 1.908000
34.185000 24.451000 2.702000 1.661200
31.821000 22.381000 1.675000 1.908000
32.371000 21.353000 0.865000 1.721000
31.706000 23.463000 -0.799000 0.600000
31.897000 24.395000 1.867000 1.387000
30.837000 22.400000 1.549000 1.387000
32.050000 22.203000 2.624000 1.387000
33.359000 21.311000 1.007000 1.100000
34.773000 23.314000 0.831000 1.824000
36.218000 23.396000 1.103000 1.908000
36.670000 24.855000 1.206000 1.908000
37.558000 25.229000 1.962000 1.661200
37.066000 22.820000 -0.047000 1.908000
37.106000 21.306000 -0.083000 1.908000
36.580000 20.716000 0.877000 1.661200
37.641000 20.698000 -1.027000 1.661200
34.384000 22.856000 -0.014000 0.600000
36.372000 22.975000 2.002000 1.387000
37.995000 23.166000 0.061000 1.487000
36.678000 23.153000 -0.904000 1.487000
36.115000 25.638000 0.260000 1.824000
36.518000 27.043000 0.157000 1.908000
36.103000 27.786000 1.406000 1.908000
36.920000 28.451000 2.040000 1.661200
35.951000 27.665000 -1.123000 1.908000
36.296000 29.144000 -1.353000 1.908000
37.799000 29.338000 -1.422000 1.908000
35.598000 29.677000 -2.610000 1.908000
34.610000 29.589000 -2.500000 1.487000
35.838000 30.638000 -2.737000 1.487000
35.897000 29.148000 -3.402000 1.487000
35.428000 25.184000 -0.341000 0.600000
38.174000 28.798000 -2.177000 1.487000
38.007000 30.306000 -1.572000 1.487000
38.217000 29.039000 -0.563000 1.487000
37.516000 27.079000 0.074000 1.387000
35.922000 29.682000 -0.598000 1.487000
34.962000 27.595000 -1.086000 1.487000
36.310000 27.155000 -1.896000 1.487000
34.852000 27.643000 1.814000 1.824000
34.378000 28.291000 3.037000 1.908000
35.125000 27.763000 4.240000 1.908000
35.436000 28.594000 5.081000 1.661200
32.873000 28.158000 3.310000 1.908000
32.132000 29.038000 2.351000 1.908000
34.254000 27.051000 1.213000 0.600000
34.553000 29.278000 2.957000 1.387000
32.683000 28.458000 4.228000 1.487000
32.598000 27.224000 3.162000 1.487000
31.256000 28.717000 1.355000 1.908000
32.817000 30.941000 2.958000 0.600000
31.448000 31.846000 1.090000 1.359000
31.525000 30.887000 1.340000 1.908000
32.260000 30.394000 2.331000 1.824000
30.888000 29.875000 0.714000 1.824000
30.938000 27.794000 1.133000 1.409000
35.292000 26.440000 4.319000 1.824000
36.056000 25.910000 5.475000 1.908000
37.500000 26.361000 5.461000 1.908000
38.051000 26.642000 6.533000 1.661200
35.929000 24.383000 5.511000 1.908000
34.518000 24.026000 5.950000 1.908000
34.043000 22.605000 5.789000 1.908000
34.421000 24.285000 6.940000 1.487000
35.618000 26.270000 6.311000 1.387000
33.866000 24.641000 5.446000 1.487000
34.890000 25.879000 3.589000 0.600000
36.561000 24.026000 6.169000 1.487000
36.074000 24.030000 4.610000 1.487000
32.127000 23.312000 5.997000 0.600000
34.751000 21.610000 5.642000 1.661200
32.705000 22.513000 5.847000 1.824000
32.265000 21.576000 5.732000 0.600000
38.127000 26.497000 4.264000 1.824000
39.483000 27.039000 4.265000 1.908000
39.439000 28.467000 4.802000 1.908000
40.298000 28.829000 5.575000 1.661200
40.107000 27.072000 2.856000 1.908000
40.185000 25.723000 2.418000 1.721000
41.477000 27.765000 2.977000 1.908000
40.047000 26.489000 4.878000 1.387000
41.635000 28.330000 2.167000 1.487000
41.486000 28.341000 3.795000 1.487000
37.603000 26.210000 3.454000 0.600000
39.488000 27.579000 2.240000 1.387000
42.194000 27.071000 3.047000 1.487000
39.268000 25.365000 2.202000 1.100000
38.502000 29.289000 4.320000 1.824000
38.350000 30.646000 4.817000 1.908000
38.137000 30.710000 6.319000 1.908000
38.680000 31.609000 6.978000 1.661200
37.181000 31.356000 4.102000 1.908000
37.342000 31.588000 2.605000 1.908000
36.056000 32.203000 2.003000 1.908000
38.528000 32.450000 2.247000 1.908000
39.373000 32.019000 2.570000 1.487000
38.579000 32.565000 1.253000 1.487000
38.437000 33.351000 2.676000 1.487000
37.908000 28.877000 3.575000 0.600000
35.876000 33.074000 2.451000 1.487000
36.193000 32.342000 1.026000 1.487000
35.297000 31.576000 2.156000 1.487000
39.193000 31.167000 4.592000 1.387000
37.523000 30.718000 2.150000 1.487000
37.062000 32.244000 4.536000 1.487000
36.366000 30.797000 4.236000 1.487000
37.289000 29.834000 6.882000 1.824000
37.052000 29.820000 8.326000 1.908000
38.361000 29.670000 9.135000 1.908000
38.637000 30.362000 10.087000 1.661200
36.170000 28.653000 8.748000 1.908000
35.777000 28.562000 10.212000 1.908000
34.994000 27.273000 10.478000 1.908000
34.074000 27.458000 11.663000 1.908000
33.108000 26.374000 11.907000 1.824000
36.614000 30.690000 8.596000 1.387000
34.648000 27.586000 12.502000 1.100000
33.562000 28.338000 11.542000 1.100000
36.598000 28.557000 10.774000 1.487000
35.202000 29.338000 10.449000 1.487000
33.181000 26.061000 12.857000 0.600000
32.177000 26.705000 11.741000 0.600000
33.298000 25.605000 11.293000 0.600000
35.637000 26.549000 10.677000 1.487000
34.453000 27.063000 9.677000 1.487000
36.831000 29.187000 6.217000 0.600000
36.649000 27.793000 8.499000 1.487000
35.318000 28.690000 8.198000 1.487000
39.225000 28.773000 8.732000 1.824000
40.521000 28.594000 9.405000 1.908000
41.437000 29.794000 9.187000 1.908000
42.033000 30.332000 10.110000 1.661200
41.158000 27.302000 8.901000 1.908000
42.639000 27.124000 9.198000 1.908000
42.825000 26.969000 10.717000 1.908000
44.232000 27.306000 11.144000 1.908000
44.273000 28.079000 12.423000 1.824000
40.356000 28.486000 10.394000 1.387000
44.756000 26.454000 11.264000 1.100000
44.677000 27.851000 10.423000 1.100000
42.968000 26.305000 8.755000 1.487000
43.135000 27.923000 8.899000 1.487000
44.280000 29.056000 12.216000 0.600000
43.467000 27.855000 12.968000 0.600000
45.099000 27.835000 12.928000 0.600000
42.627000 26.025000 10.961000 1.487000
42.189000 27.584000 11.173000 1.487000
38.935000 28.203000 7.914000 0.600000
41.032000 27.261000 7.901000 1.487000
40.662000 26.527000 9.312000 1.487000
41.625000 30.177000 7.925000 1.824000
42.621000 31.179000 7.547000 1.908000
42.300000 32.565000 8.103000 1.908000
43.190000 33.335000 8.411000 1.661200
42.789000 31.150000 6.024000 1.908000
43.342000 29.822000 5.478000 1.908000
44.822000 29.699000 5.897000 1.908000
45.559000 30.669000 5.676000 1.661200
45.268000 28.686000 6.447000 1.661200
42.864000 29.099000 5.894000 1.487000
43.534000 30.889000 7.879000 1.387000
43.316000 29.852000 4.518000 1.487000
41.004000 29.703000 7.233000 0.600000
43.426000 31.855000 5.775000 1.487000
41.904000 31.285000 5.619000 1.487000
41.025000 32.925000 8.260000 1.824000
40.614000 34.235000 8.746000 1.908000
40.149000 34.229000 10.196000 1.908000
39.591000 35.207000 10.736000 1.661200
39.499000 34.726000 7.819000 1.908000
39.814000 35.556000 6.581000 1.908000
40.901000 34.953000 5.730000 1.908000
38.566000 35.737000 5.711000 1.908000
37.860000 36.203000 6.240000 1.487000
38.800000 36.283000 4.908000 1.487000
38.233000 34.841000 5.422000 1.487000
40.338000 32.173000 8.000000 0.600000
40.625000 34.041000 5.418000 1.487000
41.072000 35.534000 4.930000 1.487000
41.748000 34.873000 6.262000 1.487000
41.406000 34.869000 8.669000 1.387000
40.092000 36.484000 6.876000 1.487000
38.853000 35.271000 8.387000 1.487000
38.986000 33.904000 7.503000 1.487000
40.348000 33.095000 10.868000 1.824000
40.015000 32.863000 12.255000 1.908000
38.546000 33.215000 12.481000 1.908000
38.264000 33.991000 13.362000 1.661200
40.981000 33.680000 13.138000 1.908000
40.797000 32.337000 10.261000 0.600000
40.144000 31.894000 12.470000 1.387000
40.590000 34.583000 13.296000 1.487000
41.105000 33.207000 14.006000 1.487000
41.855000 33.765000 12.668000 1.487000
37.627000 32.658000 11.677000 1.824000
36.208000 33.033000 11.741000 1.908000
35.504000 32.344000 12.897000 1.908000
35.948000 31.360000 13.464000 1.661200
35.516000 32.775000 10.401000 1.908000
36.000000 33.428000 9.117000 1.908000
35.011000 33.268000 7.959000 1.908000
36.234000 34.924000 9.300000 1.908000
36.925000 35.069000 10.007000 1.487000
36.551000 35.320000 8.438000 1.487000
35.379000 35.364000 9.574000 1.487000
38.002000 31.951000 11.018000 0.600000
34.140000 33.690000 8.208000 1.487000
35.380000 33.715000 7.145000 1.487000
34.873000 32.296000 7.775000 1.487000
36.151000 34.030000 11.877000 1.387000
36.883000 33.019000 8.849000 1.487000
34.535000 33.032000 10.515000 1.487000
35.530000 31.765000 10.246000 1.487000
34.343000 32.843000 13.290000 1.824000
33.589000 32.261000 14.415000 1.908000
33.277000 30.802000 14.153000 1.908000
33.054000 30.451000 13.001000 1.661200
32.355000 33.130000 14.482000 1.908000
32.223000 33.689000 13.101000 1.908000
33.652000 34.018000 12.698000 1.908000
31.831000 33.014000 12.480000 1.487000
34.098000 32.376000 15.275000 1.387000
33.961000 34.850000 13.118000 1.387000
33.756000 34.027000 11.723000 1.387000
31.661000 34.513000 13.104000 1.487000
32.465000 33.867000 15.154000 1.487000
31.543000 32.590000 14.724000 1.487000
33.104000 29.978000 15.177000 1.824000
32.643000 28.598000 15.061000 1.908000
31.225000 28.533000 14.481000 1.908000
30.891000 27.587000 13.781000 1.661200
32.684000 27.961000 16.444000 1.908000
32.835000 26.469000 16.619000 1.908000
33.467000 25.722000 15.458000 1.908000
34.598000 26.106000 15.080000 1.661200
32.818000 24.783000 14.935000 1.661200
33.406000 26.304000 17.420000 1.487000
33.268000 28.079000 14.466000 1.387000
31.929000 26.076000 16.762000 1.487000
33.334000 30.415000 16.114000 0.600000
31.827000 28.232000 16.922000 1.487000
33.451000 28.400000 16.950000 1.487000
30.427000 29.597000 14.613000 1.824000
29.110000 29.666000 13.975000 1.908000
29.166000 30.112000 12.521000 1.908000
28.153000 30.036000 11.816000 1.661200
28.172000 30.509000 14.861000 1.908000
28.547000 31.977000 14.931000 1.908000
28.557000 32.789000 13.792000 1.908000
28.868000 32.560000 16.149000 1.908000
28.928000 34.119000 13.839000 1.908000
29.229000 33.899000 16.242000 1.908000
29.279000 34.657000 15.064000 1.908000
29.586000 35.992000 15.172000 1.721000
28.699000 28.737000 14.005000 1.387000
28.942000 34.676000 13.017000 1.459000
29.446000 34.312000 17.112000 1.459000
30.817000 30.361000 15.200000 0.600000
28.838000 32.005000 16.983000 1.459000
28.284000 32.386000 12.908000 1.459000
28.201000 30.135000 15.783000 1.487000
27.251000 30.438000 14.490000 1.487000
29.122000 36.496000 14.445000 1.100000
30.365000 30.438000 11.989000 1.824000
30.456000 30.850000 10.577000 1.908000
29.460000 30.154000 9.662000 1.908000
29.483000 28.917000 9.525000 1.661200
31.835000 30.621000 9.984000 1.908000
32.038000 31.156000 8.604000 1.908000
31.657000 32.458000 8.249000 1.908000
32.570000 30.355000 7.607000 1.908000
31.827000 32.919000 6.944000 1.908000
32.764000 30.804000 6.331000 1.908000
32.398000 32.102000 6.007000 1.908000
32.656000 32.538000 4.721000 1.721000
30.279000 31.852000 10.536000 1.387000
31.530000 33.847000 6.705000 1.459000
33.164000 30.212000 5.631000 1.459000
31.160000 30.375000 12.625000 0.600000
32.824000 29.403000 7.839000 1.459000
31.260000 33.060000 8.936000 1.459000
32.007000 29.629000 9.967000 1.487000
32.512000 31.050000 10.593000 1.487000
31.795000 32.786000 4.283000 1.100000
28.638000 30.956000 8.953000 1.824000
27.516000 30.349000 8.229000 1.908000
27.922000 29.780000 6.895000 1.908000
27.087000 29.197000 6.187000 1.661200
28.857000 31.944000 8.970000 0.600000
27.113000 29.616000 8.805000 1.387000
26.794000 31.051000 8.096000 1.387000
29.177000 29.944000 6.430000 1.824000
29.602000 29.348000 5.178000 1.908000
28.729000 29.779000 4.038000 1.908000
28.268000 28.927000 3.294000 1.661200
29.585000 27.789000 5.288000 1.908000
30.557000 27.418000 6.429000 1.908000
30.904000 25.953000 6.516000 1.908000
30.781000 25.193000 5.541000 1.661200
31.368000 25.543000 7.587000 1.661200
31.395000 27.924000 6.279000 1.487000
30.564000 29.607000 4.992000 1.387000
30.129000 27.683000 7.282000 1.487000
29.785000 30.520000 7.039000 0.600000
29.937000 27.441000 4.479000 1.487000
28.711000 27.531000 5.553000 1.487000
28.469000 31.082000 3.944000 1.824000
27.659000 31.625000 2.852000 1.908000
28.107000 33.046000 2.556000 1.908000
28.975000 33.618000 3.268000 1.661200
26.167000 31.493000 3.177000 1.908000
25.791000 32.440000 4.319000 1.908000
27.855000 31.076000 2.039000 1.387000
28.881000 31.666000 4.695000 0.600000
25.987000 30.569000 3.465000 1.487000
25.646000 31.743000 2.380000 1.487000
25.769000 33.651000 4.067000 1.661200
25.495000 31.829000 5.498000 1.824000
25.238000 32.392000 6.275000 0.600000
25.541000 30.843000 5.560000 0.600000
27.581000 33.609000 1.480000 1.824000
28.110000 34.893000 1.022000 1.908000
27.800000 35.979000 2.039000 1.908000
28.627000 36.829000 2.342000 1.661200
27.728000 35.220000 -0.392000 1.908000
28.222000 34.271000 -1.508000 1.908000
27.511000 34.589000 -2.821000 1.908000
29.703000 34.430000 -1.701000 1.908000
30.187000 34.210000 -0.850000 1.487000
30.024000 33.814000 -2.425000 1.487000
29.917000 35.375000 -1.961000 1.487000
26.822000 33.102000 1.026000 0.600000
27.705000 35.534000 -3.084000 1.487000
27.838000 33.970000 -3.534000 1.487000
26.525000 34.471000 -2.702000 1.487000
29.106000 34.813000 0.932000 1.387000
28.023000 33.333000 -1.240000 1.487000
28.082000 36.131000 -0.619000 1.487000
26.726000 35.236000 -0.460000 1.487000
26.608000 35.988000 2.581000 1.824000
26.159000 36.895000 3.630000 1.908000
27.005000 36.686000 4.884000 1.908000
27.508000 37.644000 5.496000 1.661200
24.672000 36.649000 3.828000 1.908000
23.791000 37.124000 2.679000 1.908000
23.977000 38.288000 2.222000 1.661200
22.919000 36.344000 2.204000 1.661200
25.955000 35.244000 2.178000 0.600000
26.332000 37.829000 3.313000 1.387000
24.384000 37.124000 4.661000 1.487000
24.531000 35.664000 3.945000 1.487000
27.330000 35.436000 5.256000 1.824000
28.168000 35.177000 6.436000 1.908000
29.568000 35.738000 6.257000 1.908000
30.124000 36.400000 7.124000 1.661200
28.229000 33.707000 6.771000 1.908000
26.946000 34.690000 4.652000 0.600000
27.739000 35.620000 7.234000 1.387000
27.726000 33.180000 6.084000 1.487000
29.183000 33.400000 6.785000 1.487000
27.820000 33.545000 7.671000 1.487000
30.104000 35.556000 5.025000 1.824000
31.439000 36.130000 4.785000 1.908000
31.479000 37.645000 4.803000 1.908000
32.441000 38.213000 5.362000 1.661200
31.822000 35.582000 3.403000 1.908000
33.172000 36.030000 2.873000 1.908000
34.300000 35.495000 3.788000 1.908000
33.301000 35.437000 1.460000 1.908000
32.558000 35.783000 0.891000 1.487000
34.179000 35.707000 1.071000 1.487000
33.248000 34.442000 1.517000 1.487000
29.556000 35.045000 4.365000 0.600000
34.259000 34.500000 3.800000 1.487000
35.178000 35.797000 3.427000 1.487000
34.166000 35.854000 4.707000 1.487000
32.064000 35.780000 5.511000 1.387000
33.216000 37.024000 2.863000 1.487000
31.128000 35.880000 2.759000 1.487000
31.835000 34.590000 3.467000 1.487000
30.510000 38.340000 4.174000 1.824000
30.498000 39.798000 4.269000 1.908000
30.492000 40.314000 5.699000 1.908000
31.174000 41.278000 6.055000 1.661200
29.245000 40.354000 3.574000 1.908000
29.057000 41.817000 3.768000 1.908000
28.204000 42.400000 4.655000 1.908000
29.718000 42.877000 3.068000 1.908000
28.288000 43.754000 4.532000 1.824000
29.227000 44.080000 3.587000 1.908000
30.693000 42.908000 2.059000 1.908000
29.660000 45.334000 3.142000 1.908000
31.126000 44.148000 1.608000 1.908000
30.609000 45.338000 2.153000 1.908000
30.954000 46.212000 1.798000 1.459000
31.346000 40.139000 3.824000 1.387000
27.745000 44.424000 5.053000 0.600000
31.065000 42.073000 1.677000 1.459000
31.810000 44.192000 0.890000 1.459000
29.286000 46.170000 3.535000 1.459000
27.614000 41.913000 5.291000 1.409000
29.831000 37.782000 3.659000 0.600000
28.447000 39.894000 3.946000 1.487000
29.324000 40.186000 2.599000 1.487000
29.579000 39.707000 6.502000 1.824000
29.498000 40.051000 7.917000 1.908000
30.817000 39.757000 8.636000 1.908000
31.291000 40.533000 9.509000 1.661200
28.356000 39.220000 8.549000 1.908000
28.166000 39.460000 10.026000 1.908000
27.890000 40.644000 10.320000 1.661200
28.319000 38.546000 10.885000 1.661200
28.985000 39.018000 6.031000 0.600000
29.349000 41.045000 7.976000 1.387000
28.570000 38.257000 8.398000 1.487000
27.514000 39.458000 8.068000 1.487000
31.431000 38.630000 8.310000 1.824000
32.742000 38.360000 9.003000 1.908000
33.780000 39.388000 8.568000 1.908000
34.448000 40.008000 9.389000 1.661200
33.302000 36.980000 8.733000 1.908000
31.012000 38.028000 7.641000 0.600000
32.587000 38.440000 9.986000 1.387000
32.597000 36.404000 8.316000 1.487000
34.083000 37.048000 8.110000 1.487000
33.602000 36.562000 9.592000 1.487000
33.830000 39.629000 7.235000 1.824000
34.765000 40.620000 6.727000 1.908000
34.550000 42.026000 7.294000 1.908000
35.526000 42.745000 7.431000 1.661200
34.795000 40.688000 5.184000 1.908000
35.287000 39.355000 4.562000 1.908000
35.282000 39.402000 3.056000 1.908000
36.676000 38.963000 5.045000 1.908000
36.666000 38.852000 6.039000 1.487000
36.948000 38.101000 4.618000 1.487000
37.331000 39.677000 4.797000 1.487000
33.186000 39.079000 6.669000 0.600000
35.886000 40.135000 2.734000 1.487000
35.604000 38.528000 2.685000 1.487000
34.352000 39.575000 2.722000 1.487000
35.710000 40.327000 6.967000 1.387000
34.684000 38.619000 4.885000 1.487000
35.425000 41.382000 4.922000 1.487000
33.886000 40.838000 4.869000 1.487000
33.310000 42.408000 7.611000 1.824000
33.095000 43.773000 8.045000 1.908000
32.801000 43.923000 9.521000 1.908000
32.692000 45.066000 9.979000 1.661200
31.935000 44.385000 7.206000 1.908000
30.798000 43.561000 7.481000 1.721000
32.305000 44.424000 5.729000 1.908000
33.938000 44.314000 7.831000 1.387000
33.237000 44.076000 5.603000 1.487000
31.668000 43.854000 5.204000 1.487000
32.587000 41.697000 7.523000 0.600000
31.753000 45.311000 7.544000 1.387000
32.257000 45.367000 5.392000 1.487000
30.875000 42.684000 6.995000 1.100000
32.637000 42.863000 10.268000 1.824000
32.334000 42.874000 11.689000 1.908000
32.993000 41.731000 12.452000 1.908000
32.394000 41.407000 13.488000 1.661200
32.747000 41.945000 9.732000 0.600000
32.636000 43.758000 12.092000 1.387000
31.327000 42.821000 11.820000 1.387000
34.154000 41.210000 12.048000 1.824000
34.776000 40.143000 12.855000 1.908000
36.301000 40.097000 12.659000 1.908000
37.092000 40.158000 13.601000 1.661200
34.248000 38.750000 12.486000 1.908000
34.816000 37.646000 13.340000 1.908000
35.961000 36.935000 13.097000 1.908000
34.269000 37.148000 14.557000 1.908000
36.157000 36.025000 14.088000 1.824000
35.131000 36.128000 15.005000 1.908000
33.125000 37.429000 15.309000 1.908000
34.895000 35.402000 16.169000 1.908000
32.901000 36.714000 16.472000 1.908000
33.779000 35.705000 16.894000 1.908000
33.575000 35.211000 17.735000 1.459000
34.603000 40.355000 13.823000 1.387000
36.918000 35.378000 14.155000 0.600000
32.479000 38.131000 15.018000 1.459000
32.094000 36.923000 17.022000 1.459000
35.537000 34.679000 16.452000 1.459000
36.558000 37.070000 12.308000 1.409000
34.547000 41.587000 11.192000 0.600000
34.494000 38.551000 11.547000 1.487000
33.264000 38.737000 12.606000 1.487000
36.691000 39.942000 11.407000 1.824000
38.056000 39.834000 10.941000 1.908000
38.986000 40.930000 11.394000 1.908000
38.674000 42.112000 11.487000 1.661200
38.019000 39.761000 9.398000 1.908000
39.292000 40.175000 8.714000 1.908000
37.628000 38.298000 9.028000 1.908000
38.434000 38.940000 11.281000 1.387000
39.750000 39.371000 8.326000 1.487000
37.121000 37.909000 9.789000 1.487000
37.291000 40.394000 9.088000 1.487000
39.090000 40.822000 7.975000 1.487000
39.908000 40.615000 9.372000 1.487000
35.863000 39.900000 10.723000 0.600000
37.065000 38.323000 8.209000 1.487000
38.463000 37.784000 8.864000 1.487000
40.191000 40.543000 11.762000 1.824000
41.260000 41.412000 12.208000 1.908000
41.925000 41.916000 10.925000 1.908000
41.998000 41.159000 9.954000 1.661200
42.254000 40.612000 13.054000 1.908000
43.546000 41.345000 13.344000 1.908000
44.724000 40.496000 13.740000 1.908000
44.651000 39.275000 14.011000 1.661200
45.817000 41.106000 13.779000 1.661200
43.804000 41.852000 12.521000 1.487000
40.898000 42.176000 12.712000 1.387000
43.376000 41.989000 14.091000 1.487000
40.322000 39.482000 11.702000 0.600000
42.477000 39.793000 12.556000 1.487000
41.819000 40.414000 13.915000 1.487000
42.307000 43.172000 10.899000 1.824000
42.947000 43.869000 9.800000 1.908000
44.246000 44.476000 10.293000 1.908000
44.347000 44.700000 11.511000 1.661200
41.936000 44.973000 9.379000 1.908000
40.758000 44.404000 8.608000 1.908000
41.035000 43.822000 7.369000 1.908000
39.447000 44.381000 9.049000 1.908000
40.035000 43.257000 6.617000 1.908000
38.430000 43.818000 8.286000 1.908000
38.728000 43.265000 7.055000 1.908000
37.801000 42.675000 6.215000 1.721000
43.163000 43.204000 9.084000 1.387000
40.258000 42.826000 5.727000 1.459000
37.491000 43.815000 8.627000 1.459000
42.093000 43.684000 11.826000 0.600000
39.220000 44.779000 9.942000 1.459000
41.978000 43.821000 7.030000 1.459000
42.412000 45.614000 8.799000 1.487000
41.599000 45.403000 10.200000 1.487000
36.902000 42.718000 6.643000 1.100000
45.233000 44.778000 9.459000 1.824000
45.204000 44.537000 8.045000 1.908000
45.185000 43.068000 7.682000 1.908000
45.794000 42.219000 8.351000 1.661200
46.534000 45.061000 7.479000 1.908000
47.263000 45.627000 8.623000 1.908000
46.521000 45.390000 9.899000 1.908000
48.211000 45.223000 8.682000 1.487000
44.414000 45.020000 7.608000 1.387000
46.341000 46.244000 10.393000 1.387000
47.008000 44.758000 10.504000 1.387000
47.420000 46.638000 8.485000 1.487000
46.357000 45.757000 6.769000 1.487000
47.048000 44.305000 7.048000 1.487000
44.659000 42.807000 6.518000 1.824000
44.429000 41.459000 5.993000 1.908000
45.017000 41.382000 4.594000 1.908000
44.881000 42.228000 3.691000 1.661200
42.948000 41.128000 5.988000 1.908000
42.402000 39.870000 5.286000 1.908000
42.823000 38.582000 5.969000 1.908000
40.879000 39.861000 5.238000 1.908000
40.556000 40.664000 4.737000 1.487000
40.564000 39.032000 4.777000 1.487000
40.515000 39.882000 6.169000 1.487000
44.399000 43.669000 5.956000 0.600000
42.484000 38.574000 6.911000 1.487000
42.443000 37.799000 5.475000 1.487000
43.822000 38.515000 5.976000 1.487000
44.904000 40.806000 6.576000 1.387000
42.732000 39.869000 4.333000 1.487000
42.453000 41.921000 5.579000 1.487000
42.639000 41.069000 6.960000 1.487000
45.812000 40.344000 4.431000 1.824000
46.404000 39.959000 3.170000 1.908000
45.835000 38.563000 2.841000 1.908000
46.173000 37.519000 3.454000 1.661200
47.916000 39.966000 3.116000 1.908000
48.507000 39.627000 1.744000 1.908000
48.440000 41.358000 3.496000 1.908000
46.095000 40.578000 2.465000 1.387000
48.737000 38.656000 1.716000 1.487000
48.132000 41.578000 4.419000 1.487000
48.261000 39.257000 3.753000 1.487000
47.835000 39.834000 1.036000 1.487000
49.330000 40.172000 1.597000 1.487000
45.986000 39.800000 5.326000 0.600000
49.437000 41.349000 3.461000 1.487000
48.082000 42.026000 2.848000 1.487000
45.125000 38.555000 1.739000 1.824000
44.607000 37.299000 1.168000 1.908000
45.409000 36.930000 -0.094000 1.908000
45.424000 37.660000 -1.088000 1.661200
43.148000 37.392000 0.784000 1.908000
42.537000 36.169000 0.067000 1.908000
42.412000 34.975000 1.017000 1.908000
41.129000 36.564000 -0.372000 1.908000
41.181000 37.346000 -0.991000 1.487000
40.699000 35.794000 -0.842000 1.487000
40.587000 36.809000 0.431000 1.487000
44.956000 39.480000 1.304000 0.600000
41.822000 35.224000 1.784000 1.487000
42.015000 34.202000 0.525000 1.487000
43.318000 34.727000 1.357000 1.487000
44.727000 36.570000 1.840000 1.387000
43.126000 35.921000 -0.702000 1.487000
43.030000 38.172000 0.171000 1.487000
42.610000 37.534000 1.615000 1.487000
46.015000 35.744000 0.008000 1.824000
46.758000 35.254000 -1.160000 1.908000
45.976000 34.087000 -1.759000 1.908000
45.997000 32.997000 -1.161000 1.661200
48.163000 34.834000 -0.777000 1.908000
48.924000 34.104000 -1.853000 1.908000
50.375000 33.879000 -1.397000 1.908000
50.653000 34.068000 -0.193000 1.661200
51.189000 33.543000 -2.287000 1.661200
48.529000 33.228000 -1.984000 1.487000
46.844000 35.980000 -1.832000 1.387000
48.960000 34.655000 -2.650000 1.487000
45.923000 35.258000 0.886000 0.600000
48.096000 34.231000 0.006000 1.487000
48.672000 35.653000 -0.551000 1.487000
45.430000 34.283000 -2.927000 1.824000
44.591000 33.188000 -3.485000 1.908000
45.354000 32.600000 -4.675000 1.908000
45.367000 33.272000 -5.700000 1.661200
43.236000 33.730000 -3.831000 1.908000
42.141000 32.800000 -4.210000 1.908000
42.262000 31.580000 -4.774000 1.908000
40.735000 33.053000 -4.051000 1.908000
41.027000 31.021000 -4.969000 1.824000
40.061000 31.887000 -4.524000 1.908000
39.967000 34.108000 -3.579000 1.908000
38.683000 31.779000 -4.539000 1.908000
38.586000 33.990000 -3.571000 1.908000
37.949000 32.823000 -4.072000 1.908000
36.955000 32.792000 -4.071000 1.459000
44.522000 32.488000 -2.791000 1.387000
40.851000 30.121000 -5.373000 0.600000
40.396000 34.950000 -3.244000 1.459000
38.031000 34.729000 -3.212000 1.459000
38.245000 30.936000 -4.893000 1.459000
43.129000 31.138000 -5.019000 1.409000
45.599000 35.159000 -3.396000 0.600000
43.333000 34.393000 -4.606000 1.487000
42.888000 34.279000 -3.039000 1.487000
45.983000 31.454000 -4.492000 1.824000
46.795000 30.833000 -5.527000 1.908000
45.939000 29.901000 -6.391000 1.908000
44.926000 29.429000 -5.911000 1.661200
47.939000 29.995000 -4.953000 1.908000
48.946000 30.773000 -4.107000 1.908000
49.648000 29.821000 -3.125000 1.908000
50.556000 30.586000 -2.245000 1.824000
51.266000 29.982000 -1.292000 1.908000
51.166000 28.650000 -1.074000 1.824000
52.041000 30.771000 -0.558000 1.824000
48.475000 31.461000 -3.579000 1.487000
47.179000 31.549000 -6.118000 1.387000
50.632000 31.557000 -2.371000 0.600000
49.635000 31.171000 -4.691000 1.487000
52.588000 30.348000 0.196000 0.600000
52.096000 31.742000 -0.728000 0.600000
45.849000 31.031000 -3.544000 0.600000
50.172000 29.173000 -3.650000 1.387000
48.958000 29.382000 -2.578000 1.387000
51.693000 28.236000 -0.347000 0.600000
50.564000 28.107000 -1.651000 0.600000
48.436000 29.580000 -5.713000 1.487000
47.545000 29.279000 -4.378000 1.487000
46.344000 29.670000 -7.638000 1.824000
45.611000 28.739000 -8.493000 1.908000
44.126000 29.064000 -8.536000 1.908000
43.250000 28.184000 -8.513000 1.661200
45.834000 27.336000 -7.926000 1.908000
47.024000 26.558000 -8.409000 1.908000
48.301000 27.314000 -8.587000 1.908000
47.193000 25.790000 -7.755000 1.487000
45.975000 28.829000 -9.431000 1.387000
46.782000 26.120000 -9.301000 1.487000
47.184000 30.184000 -7.934000 0.600000
44.995000 26.783000 -8.115000 1.487000
45.897000 27.414000 -6.909000 1.487000
48.229000 26.913000 -10.578000 0.600000
48.904000 27.860000 -7.666000 1.661200
48.741000 27.372000 -9.837000 1.824000
49.609000 27.886000 -10.055000 0.600000
43.800000 30.343000 -8.761000 1.824000
42.421000 30.811000 -8.782000 1.908000
41.574000 29.982000 -9.767000 1.908000
40.491000 29.554000 -9.363000 1.661200
42.306000 32.321000 -9.012000 1.908000
40.928000 32.868000 -8.792000 1.908000
40.439000 33.202000 -7.543000 1.908000
40.047000 32.972000 -9.889000 1.908000
39.136000 33.672000 -7.382000 1.908000
38.752000 33.410000 -9.710000 1.908000
38.292000 33.764000 -8.456000 1.908000
37.353000 34.084000 -8.337000 1.459000
42.035000 30.645000 -7.869000 1.387000
38.828000 33.942000 -6.455000 1.459000
38.128000 33.471000 -10.516000 1.459000
44.621000 30.970000 -8.919000 0.600000
40.377000 32.724000 -10.797000 1.459000
41.021000 33.110000 -6.737000 1.459000
42.564000 32.503000 -9.950000 1.487000
42.920000 32.769000 -8.379000 1.487000
42.049000 29.790000 -10.989000 1.824000
41.408000 29.097000 -12.069000 1.908000
41.027000 27.675000 -11.672000 1.908000
39.839000 27.335000 -11.746000 1.661200
42.198000 29.035000 -13.390000 1.908000
41.419000 28.317000 -14.510000 1.908000
40.192000 29.089000 -15.017000 1.908000
39.961000 30.281000 -14.729000 1.661200
39.366000 28.551000 -15.791000 1.661200
42.028000 28.197000 -15.274000 1.487000
40.574000 29.593000 -12.357000 1.387000
41.098000 27.456000 -14.155000 1.487000
43.030000 30.232000 -11.109000 0.600000
43.013000 28.526000 -13.229000 1.487000
42.358000 29.950000 -13.687000 1.487000
41.982000 26.931000 -11.112000 1.824000
41.638000 25.603000 -10.603000 1.908000
40.562000 25.632000 -9.534000 1.908000
39.671000 24.759000 -9.601000 1.661200
42.898000 24.855000 -10.146000 1.908000
43.810000 24.461000 -11.334000 1.908000
44.915000 23.530000 -10.863000 1.908000
43.258000 23.994000 -12.005000 1.487000
41.287000 25.056000 -11.384000 1.387000
44.213000 25.284000 -11.700000 1.487000
42.911000 27.345000 -11.074000 0.600000
42.631000 24.020000 -9.682000 1.487000
43.425000 25.441000 -9.545000 1.487000
44.683000 22.320000 -12.437000 0.600000
45.510000 23.777000 -9.808000 1.661200
45.246000 22.452000 -11.577000 1.824000
45.970000 21.830000 -11.306000 0.600000
40.519000 26.570000 -8.599000 1.824000
39.511000 26.652000 -7.551000 1.908000
38.120000 26.966000 -8.107000 1.908000
37.076000 26.707000 -7.509000 1.661200
39.949000 27.706000 -6.507000 1.908000
39.643000 29.029000 -6.945000 1.721000
41.304000 27.279000 -8.679000 0.600000
39.461000 25.753000 -7.091000 1.387000
40.931000 27.628000 -6.374000 1.387000
39.468000 27.527000 -5.656000 1.387000
39.997000 29.159000 -7.868000 1.100000
38.021000 27.486000 -9.318000 1.824000
36.756000 27.733000 -9.979000 1.908000
36.123000 26.454000 -10.530000 1.908000
34.907000 26.418000 -10.724000 1.661200
36.958000 28.659000 -11.169000 1.908000
37.279000 30.101000 -10.928000 1.908000
37.391000 30.894000 -12.211000 1.908000
36.362000 30.592000 -13.258000 1.908000
34.969000 30.549000 -12.733000 1.824000
36.110000 28.147000 -9.315000 1.387000
36.411000 31.294000 -13.988000 1.100000
36.573000 29.698000 -13.687000 1.100000
36.557000 30.514000 -10.357000 1.487000
38.152000 30.172000 -10.429000 1.487000
34.736000 31.437000 -12.339000 0.600000
34.340000 30.339000 -13.481000 0.600000
34.902000 29.842000 -12.030000 0.600000
38.313000 30.733000 -12.608000 1.487000
37.338000 31.883000 -11.981000 1.487000
38.949000 27.707000 -9.765000 0.600000
36.109000 28.611000 -11.742000 1.487000
37.703000 28.258000 -11.747000 1.487000
36.909000 25.409000 -10.765000 1.824000
36.407000 24.195000 -11.389000 1.908000
35.351000 23.436000 -10.604000 1.908000
34.427000 22.844000 -11.190000 1.661200
37.548000 23.216000 -11.717000 1.908000
38.578000 23.775000 -12.674000 1.908000
39.681000 22.794000 -12.976000 1.908000
38.122000 24.019000 -13.531000 1.487000
35.991000 24.459000 -12.290000 1.387000
38.981000 24.597000 -12.268000 1.487000
37.899000 25.534000 -10.468000 0.600000
37.149000 22.393000 -12.126000 1.487000
38.009000 22.971000 -10.863000 1.487000
40.558000 24.176000 -14.180000 0.600000
39.717000 21.664000 -12.484000 1.661200
40.635000 23.240000 -13.803000 1.824000
41.426000 22.639000 -14.047000 0.600000
35.549000 23.321000 -9.301000 1.824000
34.611000 22.518000 -8.514000 1.908000
33.800000 23.384000 -7.557000 1.908000
33.120000 22.861000 -6.668000 1.661200
35.396000 21.417000 -7.821000 1.908000
35.862000 20.214000 -8.653000 1.908000
36.821000 19.324000 -7.854000 1.908000
34.673000 19.384000 -9.104000 1.908000
34.063000 19.946000 -9.663000 1.487000
34.992000 18.605000 -9.644000 1.487000
34.173000 19.049000 -8.304000 1.487000
36.357000 23.807000 -8.917000 0.600000
36.355000 18.987000 -7.038000 1.487000
37.105000 18.553000 -8.422000 1.487000
37.621000 19.858000 -7.588000 1.487000
33.974000 22.060000 -9.147000 1.387000
36.329000 20.547000 -9.473000 1.487000
34.828000 21.053000 -7.075000 1.487000
36.222000 21.830000 -7.419000 1.487000
33.841000 24.706000 -7.732000 1.824000
33.072000 25.584000 -6.853000 1.908000
31.921000 26.242000 -7.608000 1.908000
31.158000 27.041000 -7.061000 1.661200
33.944000 26.711000 -6.276000 1.908000
34.463000 27.447000 -7.396000 1.721000
35.040000 26.115000 -5.402000 1.908000
32.685000 25.030000 -6.107000 1.387000
34.654000 25.399000 -4.815000 1.487000
35.756000 25.716000 -5.980000 1.487000
34.433000 25.034000 -8.503000 0.600000
33.363000 27.331000 -5.732000 1.387000
35.442000 26.831000 -4.827000 1.487000
35.446000 27.269000 -7.504000 1.100000
31.785000 25.854000 -8.861000 1.824000
30.798000 26.370000 -9.797000 1.908000
30.998000 27.873000 -9.965000 1.908000
31.999000 28.298000 -10.552000 1.661200
29.378000 26.012000 -9.383000 1.908000
29.156000 24.525000 -9.115000 1.908000
27.735000 24.156000 -8.698000 1.908000
26.830000 24.952000 -8.581000 1.661200
27.629000 22.929000 -8.483000 1.661200
29.357000 24.029000 -9.947000 1.487000
30.900000 25.919000 -10.684000 1.387000
29.759000 24.250000 -8.380000 1.487000
32.484000 25.102000 -9.146000 0.600000
28.772000 26.272000 -10.115000 1.487000
29.173000 26.494000 -8.548000 1.487000
30.116000 28.675000 -9.393000 1.824000
30.248000 30.129000 -9.475000 1.908000
30.816000 30.714000 -8.178000 1.908000
30.962000 31.923000 -7.979000 1.661200
28.871000 30.724000 -9.784000 1.908000
28.950000 32.188000 -10.191000 1.908000
30.916000 30.327000 -10.202000 1.387000
29.343000 28.200000 -8.894000 0.600000
28.307000 30.652000 -8.968000 1.487000
28.466000 30.209000 -10.532000 1.487000
30.024000 32.786000 -10.251000 1.661200
27.784000 32.770000 -10.494000 1.824000
27.769000 33.729000 -10.774000 0.600000
26.938000 32.246000 -10.439000 0.600000
31.180000 29.828000 -7.268000 1.824000
31.489000 30.193000 -5.911000 1.908000
32.801000 30.946000 -5.780000 1.908000
32.849000 31.898000 -5.001000 1.661200
31.223000 28.841000 -7.623000 0.600000
30.739000 30.769000 -5.532000 1.387000
31.530000 29.356000 -5.332000 1.387000
33.837000 30.532000 -6.505000 1.824000
35.136000 31.192000 -6.412000 1.908000
35.025000 32.663000 -6.782000 1.908000
35.442000 33.527000 -5.994000 1.661200
36.159000 30.501000 -7.296000 1.908000
33.646000 29.724000 -7.123000 0.600000
35.467000 31.122000 -5.463000 1.387000
35.814000 29.603000 -7.570000 1.487000
36.326000 31.054000 -8.112000 1.487000
37.016000 30.387000 -6.793000 1.487000
34.277000 32.968000 -7.851000 1.824000
34.117000 34.369000 -8.280000 1.908000
33.245000 35.103000 -7.290000 1.908000
33.590000 36.223000 -6.906000 1.661200
33.572000 34.500000 -9.694000 1.908000
34.544000 34.012000 -10.761000 1.908000
35.615000 34.984000 -11.176000 1.908000
35.752000 36.044000 -10.524000 1.661200
36.289000 34.693000 -12.210000 1.661200
34.996000 33.195000 -10.409000 1.487000
35.018000 34.802000 -8.333000 1.387000
34.014000 33.781000 -11.574000 1.487000
33.841000 32.170000 -8.328000 0.600000
33.397000 35.450000 -9.867000 1.487000
32.762000 33.950000 -9.760000 1.487000
32.153000 34.481000 -6.850000 1.824000
31.276000 35.136000 -5.863000 1.908000
32.084000 35.503000 -4.619000 1.908000
31.961000 36.624000 -4.169000 1.661200
30.102000 34.249000 -5.406000 1.908000
29.204000 34.099000 -6.509000 1.721000
31.980000 33.549000 -7.238000 0.600000
30.933000 35.982000 -6.271000 1.387000
29.634000 34.697000 -4.669000 1.387000
30.450000 33.368000 -5.152000 1.387000
29.587000 33.443000 -7.155000 1.100000
32.833000 34.546000 -4.081000 1.824000
33.594000 34.838000 -2.858000 1.908000
34.557000 35.969000 -3.057000 1.908000
34.638000 36.862000 -2.215000 1.661200
34.273000 33.540000 -2.353000 1.908000
35.321000 33.852000 -1.305000 1.908000
33.157000 32.650000 -1.747000 1.908000
32.928000 35.101000 -2.143000 1.387000
35.201000 34.790000 -0.976000 1.487000
32.432000 32.550000 -2.421000 1.487000
34.743000 33.129000 -3.129000 1.487000
35.228000 33.218000 -0.536000 1.487000
36.235000 33.757000 -1.702000 1.487000
32.835000 33.647000 -4.559000 0.600000
33.548000 31.763000 -1.523000 1.487000
32.810000 33.094000 -0.927000 1.487000
35.345000 35.949000 -4.129000 1.824000
36.261000 36.966000 -4.498000 1.908000
35.598000 38.338000 -4.491000 1.908000
36.170000 39.288000 -3.986000 1.661200
36.856000 36.820000 -5.927000 1.908000
37.798000 37.976000 -6.329000 1.908000
38.849000 38.313000 -5.259000 1.908000
38.467000 37.612000 -7.669000 1.908000
37.761000 37.486000 -8.361000 1.487000
39.078000 38.352000 -7.939000 1.487000
38.985000 36.768000 -7.555000 1.487000
35.212000 35.054000 -4.706000 0.600000
39.414000 37.508000 -5.091000 1.487000
39.419000 39.064000 -5.585000 1.487000
38.385000 38.582000 -4.418000 1.487000
37.026000 36.991000 -3.835000 1.387000
37.240000 38.797000 -6.511000 1.487000
36.108000 36.811000 -6.562000 1.487000
37.380000 35.989000 -5.948000 1.487000
34.458000 38.442000 -5.178000 1.824000
33.640000 39.628000 -5.232000 1.908000
33.294000 40.155000 -3.846000 1.908000
33.369000 41.374000 -3.683000 1.661200
32.314000 39.285000 -5.965000 1.908000
31.598000 40.491000 -6.535000 1.908000
30.321000 40.122000 -7.235000 1.908000
31.386000 41.121000 -5.786000 1.487000
34.162000 40.353000 -5.711000 1.387000
32.206000 40.946000 -7.188000 1.487000
34.205000 37.549000 -5.693000 0.600000
31.708000 38.832000 -5.311000 1.487000
32.528000 38.656000 -6.712000 1.487000
30.019000 42.083000 -7.680000 0.600000
29.920000 38.960000 -7.323000 1.661200
29.649000 41.148000 -7.780000 1.824000
28.777000 40.978000 -8.286000 0.600000
32.994000 39.283000 -2.871000 1.824000
32.662000 39.754000 -1.530000 1.908000
33.857000 40.463000 -0.877000 1.908000
33.806000 41.605000 -0.336000 1.661200
32.093000 38.621000 -0.667000 1.908000
31.908000 39.066000 0.799000 1.908000
30.702000 38.115000 -1.116000 1.908000
31.914000 40.424000 -1.606000 1.387000
32.365000 38.412000 1.396000 1.487000
30.462000 38.563000 -1.972000 1.487000
32.757000 37.877000 -0.653000 1.487000
32.309000 39.971000 0.915000 1.487000
30.934000 39.095000 1.008000 1.487000
33.020000 38.293000 -3.148000 0.600000
30.749000 37.128000 -1.243000 1.487000
30.038000 38.342000 -0.409000 1.487000
35.052000 39.851000 -1.057000 1.824000
36.245000 40.522000 -0.530000 1.908000
36.444000 41.856000 -1.266000 1.908000
36.804000 42.877000 -0.631000 1.661200
37.488000 39.679000 -0.714000 1.908000
37.677000 38.518000 0.223000 1.908000
37.220000 37.237000 -0.060000 1.908000
38.409000 38.745000 1.370000 1.908000
37.430000 36.216000 0.863000 1.908000
38.662000 37.732000 2.267000 1.908000
38.171000 36.472000 1.989000 1.908000
38.364000 35.712000 2.637000 1.459000
36.057000 40.747000 0.424000 1.387000
37.036000 35.308000 0.693000 1.459000
39.190000 37.909000 3.103000 1.459000
35.036000 38.972000 -1.543000 0.600000
38.765000 39.669000 1.553000 1.459000
36.751000 37.046000 -0.906000 1.459000
38.287000 40.280000 -0.613000 1.487000
37.477000 39.312000 -1.649000 1.487000
36.307000 41.844000 -2.604000 1.824000
36.491000 43.143000 -3.300000 1.908000
35.523000 44.219000 -2.823000 1.908000
35.918000 45.394000 -2.757000 1.661200
36.364000 43.059000 -4.824000 1.908000
37.222000 41.900000 -5.351000 1.908000
38.209000 42.419000 -6.353000 1.908000
37.741000 42.965000 -7.525000 1.824000
37.273000 43.517000 -8.579000 1.908000
36.507000 42.810000 -9.417000 1.824000
37.618000 44.771000 -8.829000 1.824000
36.632000 41.239000 -5.791000 1.487000
37.439000 43.456000 -3.131000 1.387000
38.432000 42.030000 -8.337000 0.600000
37.712000 41.494000 -4.593000 1.487000
37.278000 45.239000 -9.672000 0.600000
38.210000 45.273000 -8.202000 0.600000
36.093000 40.976000 -3.041000 0.600000
38.858000 41.634000 -6.557000 1.387000
38.803000 43.106000 -5.851000 1.387000
36.150000 43.246000 -10.266000 0.600000
36.283000 41.863000 -9.216000 0.600000
36.703000 43.887000 -5.213000 1.487000
35.433000 42.874000 -5.051000 1.487000
34.267000 43.839000 -2.529000 1.824000
33.332000 44.893000 -2.067000 1.908000
33.664000 45.399000 -0.671000 1.908000
33.663000 46.594000 -0.391000 1.661200
31.906000 44.360000 -2.089000 1.908000
31.434000 44.197000 -3.520000 1.908000
30.010000 43.688000 -3.576000 1.908000
29.232000 43.928000 -2.632000 1.661200
29.720000 43.039000 -4.589000 1.661200
31.454000 45.073000 -3.954000 1.487000
33.357000 45.662000 -2.724000 1.387000
32.003000 43.536000 -3.962000 1.487000
34.041000 42.871000 -2.640000 0.600000
31.334000 45.013000 -1.659000 1.487000
31.906000 43.484000 -1.674000 1.487000
34.044000 44.459000 0.195000 1.824000
34.554000 44.692000 1.519000 1.908000
35.720000 45.663000 1.410000 1.908000
35.757000 46.607000 2.170000 1.661200
35.017000 43.419000 2.250000 1.908000
33.929000 43.472000 -0.204000 0.600000
33.844000 45.112000 2.081000 1.387000
34.445000 42.654000 1.965000 1.487000
35.969000 43.237000 2.016000 1.487000
34.931000 43.559000 3.233000 1.487000
36.632000 45.438000 0.472000 1.824000
37.751000 46.347000 0.246000 1.908000
37.248000 47.697000 -0.272000 1.908000
37.726000 48.757000 0.159000 1.661200
38.718000 45.810000 -0.793000 1.908000
40.088000 46.452000 -0.849000 1.908000
40.914000 45.746000 -1.954000 1.908000
42.314000 46.352000 -2.060000 1.908000
43.074000 45.650000 -3.127000 1.824000
38.232000 46.497000 1.115000 1.387000
42.230000 47.314000 -2.289000 1.100000
42.779000 46.238000 -1.190000 1.100000
40.003000 47.404000 -1.089000 1.487000
40.553000 46.328000 0.010000 1.487000
43.309000 44.729000 -2.817000 0.600000
42.512000 45.592000 -3.952000 0.600000
43.911000 46.159000 -3.328000 0.600000
40.447000 45.866000 -2.817000 1.487000
40.996000 44.790000 -1.717000 1.487000
36.482000 44.569000 -0.081000 0.600000
38.287000 45.910000 -1.704000 1.487000
38.843000 44.820000 -0.624000 1.487000
36.288000 47.673000 -1.188000 1.824000
35.721000 48.933000 -1.670000 1.908000
35.032000 49.658000 -0.515000 1.908000
35.052000 50.877000 -0.453000 1.661200
34.774000 48.713000 -2.846000 1.908000
35.995000 46.748000 -1.510000 0.600000
36.462000 49.511000 -2.014000 1.387000
34.036000 49.385000 -2.809000 1.487000
35.278000 48.818000 -3.702000 1.487000
34.390000 47.792000 -2.795000 1.487000
34.460000 48.960000 0.457000 1.824000
33.786000 49.517000 1.602000 1.908000
34.751000 50.156000 2.602000 1.908000
34.272000 50.700000 3.597000 1.661200
33.027000 48.413000 2.337000 1.908000
31.937000 48.785000 3.324000 1.908000
30.631000 49.100000 2.613000 1.908000
30.492000 48.844000 1.394000 1.661200
29.716000 49.609000 3.286000 1.661200
31.776000 48.021000 3.911000 1.487000
33.113000 50.217000 1.303000 1.387000
32.213000 49.590000 3.804000 1.487000
34.547000 47.905000 0.310000 0.600000
33.708000 47.865000 2.838000 1.487000
32.605000 47.824000 1.636000 1.487000
36.065000 50.010000 2.462000 1.824000
36.993000 50.613000 3.389000 1.908000
37.848000 49.608000 4.131000 1.908000
38.907000 49.992000 4.632000 1.661200
36.352000 49.436000 1.644000 0.600000
37.601000 51.261000 2.886000 1.387000
36.477000 51.176000 4.067000 1.387000
37.430000 48.348000 4.171000 1.824000
38.243000 47.298000 4.791000 1.908000
39.659000 47.317000 4.207000 1.908000
39.879000 47.532000 3.013000 1.661200
37.630000 45.923000 4.587000 1.908000
36.507000 48.175000 3.739000 0.600000
38.302000 47.474000 5.776000 1.387000
36.819000 45.828000 5.165000 1.487000
37.369000 45.811000 3.628000 1.487000
38.296000 45.219000 4.833000 1.487000
40.610000 47.063000 5.086000 1.824000
42.032000 47.080000 4.762000 1.908000
42.454000 45.679000 4.355000 1.908000
43.044000 44.911000 5.122000 1.661200
42.863000 47.590000 5.928000 1.908000
44.331000 47.821000 5.665000 1.908000
44.893000 47.541000 4.597000 1.661200
45.005000 48.326000 6.602000 1.661200
40.255000 46.844000 6.053000 0.600000
42.147000 47.668000 3.963000 1.387000
42.775000 46.924000 6.685000 1.487000
42.453000 48.462000 6.241000 1.487000
42.125000 45.374000 3.111000 1.824000
42.330000 44.037000 2.561000 1.908000
43.227000 44.121000 1.334000 1.908000
42.981000 44.896000 0.405000 1.661200
40.979000 43.413000 2.177000 1.908000
40.032000 43.244000 3.365000 1.908000
41.185000 42.022000 1.552000 1.908000
38.633000 42.798000 3.046000 1.908000
42.837000 43.523000 3.253000 1.387000
40.300000 41.675000 1.256000 1.487000
41.801000 42.113000 0.775000 1.487000
40.535000 44.024000 1.513000 1.487000
40.449000 42.582000 4.006000 1.487000
39.987000 44.130000 3.853000 1.487000
38.659000 41.908000 2.590000 1.487000
41.712000 46.157000 2.562000 0.600000
38.103000 42.721000 3.892000 1.487000
41.581000 41.422000 2.241000 1.487000
38.196000 43.466000 2.442000 1.487000
44.288000 43.335000 1.343000 1.824000
45.150000 43.225000 0.149000 1.908000
44.839000 41.852000 -0.446000 1.908000
44.845000 40.829000 0.274000 1.661200
46.647000 43.402000 0.433000 1.908000
46.887000 44.747000 0.960000 1.721000
47.492000 43.235000 -0.805000 1.908000
44.880000 43.917000 -0.495000 1.387000
48.246000 42.595000 -0.626000 1.487000
46.934000 42.875000 -1.560000 1.487000
44.464000 42.821000 2.216000 0.600000
46.936000 42.740000 1.149000 1.387000
47.879000 44.120000 -1.083000 1.487000
46.103000 45.035000 1.510000 1.100000
44.571000 41.811000 -1.741000 1.824000
44.244000 40.577000 -2.462000 1.908000
45.319000 40.281000 -3.502000 1.908000
45.720000 41.120000 -4.329000 1.661200
42.887000 40.680000 -3.194000 1.908000
41.796000 41.052000 -2.182000 1.908000
42.460000 39.398000 -3.917000 1.908000
40.504000 41.463000 -2.891000 1.908000
44.286000 39.840000 -1.787000 1.387000
41.596000 39.568000 -4.384000 1.487000
43.167000 39.153000 -4.575000 1.487000
42.953000 41.410000 -3.857000 1.487000
41.611000 40.271000 -1.611000 1.487000
42.114000 41.814000 -1.642000 1.487000
40.184000 40.700000 -3.446000 1.487000
44.611000 42.746000 -2.220000 0.600000
39.820000 41.697000 -2.206000 1.487000
42.351000 38.673000 -3.242000 1.487000
40.690000 42.252000 -3.470000 1.487000
45.813000 39.064000 -3.436000 1.824000
46.857000 38.576000 -4.321000 1.908000
46.361000 37.334000 -5.037000 1.908000
45.861000 36.374000 -4.408000 1.661200
48.188000 38.300000 -3.646000 1.908000
48.704000 39.537000 -2.900000 1.908000
49.210000 37.828000 -4.675000 1.908000
49.786000 39.274000 -1.886000 1.908000
46.987000 39.279000 -5.020000 1.387000
50.058000 37.597000 -4.204000 1.487000
48.848000 37.025000 -5.143000 1.487000
48.058000 37.574000 -2.971000 1.487000
49.045000 40.193000 -3.582000 1.487000
47.921000 39.965000 -2.435000 1.487000
50.579000 38.867000 -2.340000 1.487000
45.386000 38.465000 -2.682000 0.600000
50.056000 40.135000 -1.454000 1.487000
49.371000 38.563000 -5.330000 1.487000
49.444000 38.645000 -1.187000 1.487000
46.225000 37.496000 -6.341000 1.824000
45.641000 36.452000 -7.181000 1.908000
46.742000 35.841000 -8.027000 1.908000
47.355000 36.592000 -8.777000 1.661200
44.518000 36.999000 -8.066000 1.908000
43.324000 37.694000 -7.419000 1.908000
42.485000 38.507000 -8.407000 1.908000
42.451000 36.714000 -6.698000 1.908000
42.973000 36.250000 -5.976000 1.487000
41.671000 37.187000 -6.278000 1.487000
42.102000 36.023000 -7.338000 1.487000
46.559000 38.405000 -6.712000 0.600000
42.132000 37.900000 -9.118000 1.487000
41.723000 38.934000 -7.921000 1.487000
43.056000 39.214000 -8.822000 1.487000
45.260000 35.744000 -6.590000 1.387000
43.658000 38.310000 -6.690000 1.487000
44.156000 36.227000 -8.608000 1.487000
44.934000 37.660000 -8.709000 1.487000
46.991000 34.543000 -7.867000 1.824000
48.009000 33.831000 -8.621000 1.908000
47.442000 32.495000 -9.155000 1.908000
49.291000 33.499000 -7.858000 1.908000
48.992000 33.205000 -6.487000 1.721000
46.178000 32.460000 -9.241000 1.661200
48.005000 31.575000 -9.468000 1.661200
46.385000 34.079000 -7.146000 0.600000
48.265000 34.385000 -9.416000 1.387000
49.899000 34.281000 -7.889000 1.387000
49.716000 32.703000 -8.267000 1.387000
48.003000 33.203000 -6.363000 1.100000
