0 2.563210639139e+01
1 4.691123544167e+00
2 3.694505291021e+00
3 1.336273560782e+01
4 4.011717037092e+00
5 3.429635386752e+00
6 1.165102896273e+01
7 1.149268181987e+01
8 1.027362476429e+01
9 0.000000000000e+00
10 0.000000000000e+00
11 0.000000000000e+00
12 1.088068278060e+01
13 0.000000000000e+00
14 0.000000000000e+00
15 1.104677026748e+01
16 6.548258633992e-01
17 2.038228025379e+00
18 2.991020197000e+00
19 1.646611850059e+01
20 2.226738561473e+01
21 0.000000000000e+00
22 4.243927298657e+00
23 9.691614281395e+00
24 8.999390320709e+00
25 1.066846464621e+01
26 6.003706651753e+00
27 0.000000000000e+00
28 0.000000000000e+00
29 5.477524302398e+00
30 0.000000000000e+00
31 0.000000000000e+00
32 1.097985399549e+01
33 0.000000000000e+00
34 9.994730676873e-01
35 1.439032506807e+00
36 0.000000000000e+00
37 0.000000000000e+00
38 1.030674957709e+01
39 3.118851074669e+00
40 0.000000000000e+00
41 1.100098964309e+01
42 0.000000000000e+00
43 1.312359833975e+01
44 6.354995294188e+00
45 0.000000000000e+00
46 0.000000000000e+00
47 0.000000000000e+00
48 0.000000000000e+00
49 0.000000000000e+00
50 1.237016247923e+00
51 0.000000000000e+00
52 4.258427420533e+00
53 0.000000000000e+00
54 5.229849658922e+00
55 0.000000000000e+00
56 5.808893970239e+00
57 6.671476617910e+00
58 3.414001925717e+00
59 2.422613831789e+00
60 0.000000000000e+00
61 4.870097141047e+00
62 1.140798466454e+01
63 8.750671943296e+00
64 0.000000000000e+00
65 0.000000000000e+00
66 0.000000000000e+00
67 0.000000000000e+00
68 0.000000000000e+00
69 0.000000000000e+00
70 0.000000000000e+00
71 0.000000000000e+00
72 0.000000000000e+00
73 0.000000000000e+00
74 1.351462358695e+01
75 9.063271483703e+00
76 0.000000000000e+00
77 0.000000000000e+00
78 0.000000000000e+00
79 0.000000000000e+00
80 0.000000000000e+00
81 0.000000000000e+00
82 3.196075702100e-01
83 1.239357399549e+01
84 3.564062640697e+00
85 0.000000000000e+00
86 0.000000000000e+00
87 1.031019065701e+01
88 9.982241253318e+00
89 8.005722779532e+00
90 1.170557491330e+01
91 0.000000000000e+00
92 2.624796691540e+00
93 0.000000000000e+00
94 0.000000000000e+00
95 0.000000000000e+00
96 7.146862999919e-01
97 0.000000000000e+00
98 0.000000000000e+00
99 6.510253151734e-01
100 0.000000000000e+00
101 2.052242686999e-01
102 0.000000000000e+00
103 0.000000000000e+00
104 0.000000000000e+00
105 9.893026171042e+00
106 5.650623906698e+00
107 0.000000000000e+00
108 1.279047389055e+01
109 0.000000000000e+00
110 8.706821227110e+00
111 0.000000000000e+00
112 2.672276686233e+00
113 0.000000000000e+00
114 0.000000000000e+00
115 0.000000000000e+00
116 1.626356013324e+00
117 6.404679140150e+00
118 1.355967853708e+01
119 2.063873263867e+01
120 0.000000000000e+00
121 0.000000000000e+00
122 1.007720553410e+01
123 9.778356793144e+00
124 3.547604312712e+00
125 3.733097136399e+00
126 0.000000000000e+00
127 5.216998889777e+00
128 0.000000000000e+00
129 8.977678124730e+00
130 4.060012107482e+00
131 0.000000000000e+00
132 0.000000000000e+00
133 0.000000000000e+00
134 0.000000000000e+00
135 0.000000000000e+00
136 0.000000000000e+00
137 0.000000000000e+00
138 0.000000000000e+00
139 0.000000000000e+00
140 0.000000000000e+00
141 0.000000000000e+00
142 0.000000000000e+00
143 0.000000000000e+00
144 0.000000000000e+00
145 0.000000000000e+00
146 0.000000000000e+00
147 0.000000000000e+00
148 0.000000000000e+00
149 0.000000000000e+00
150 0.000000000000e+00
151 0.000000000000e+00
152 0.000000000000e+00
153 0.000000000000e+00
154 0.000000000000e+00
155 0.000000000000e+00
156 0.000000000000e+00
157 0.000000000000e+00
158 0.000000000000e+00
159 2.553594293469e+00
160 0.000000000000e+00
161 8.122692950550e-01
162 3.636204461416e+00
163 7.469891773575e+00
164 1.990909600693e+01
165 0.000000000000e+00
166 5.071912692488e+00
167 4.532428499104e+00
168 1.167050279553e+01
169 2.065153233506e+00
170 3.963513352379e-01
171 0.000000000000e+00
172 0.000000000000e+00
173 0.000000000000e+00
174 0.000000000000e+00
175 0.000000000000e+00
176 0.000000000000e+00
177 0.000000000000e+00
178 2.608722508057e+00
179 0.000000000000e+00
180 1.744331187009e+01
181 0.000000000000e+00
182 2.205864079464e+00
183 1.696210000641e+00
184 0.000000000000e+00
185 0.000000000000e+00
186 1.073909678171e+01
187 0.000000000000e+00
188 1.294537974081e+01
189 0.000000000000e+00
190 0.000000000000e+00
191 0.000000000000e+00
192 0.000000000000e+00
193 0.000000000000e+00
194 0.000000000000e+00
195 0.000000000000e+00
196 0.000000000000e+00
197 0.000000000000e+00
198 0.000000000000e+00
199 0.000000000000e+00
200 0.000000000000e+00
201 0.000000000000e+00
202 0.000000000000e+00
203 0.000000000000e+00
204 0.000000000000e+00
205 0.000000000000e+00
206 0.000000000000e+00
207 0.000000000000e+00
208 0.000000000000e+00
209 0.000000000000e+00
210 0.000000000000e+00
211 1.554943455089e+00
212 1.091583431810e+01
213 0.000000000000e+00
214 0.000000000000e+00
215 1.085624497839e+00
216 1.855196546868e+01
217 1.031381204662e+01
218 0.000000000000e+00
219 0.000000000000e+00
220 3.173006457357e+00
221 1.093213524286e+01
222 5.846427235841e+00
223 0.000000000000e+00
224 0.000000000000e+00
225 0.000000000000e+00
226 0.000000000000e+00
227 0.000000000000e+00
228 0.000000000000e+00
229 1.627298558621e+01
230 0.000000000000e+00
231 1.972744271256e+01
232 3.369455976517e+00
233 0.000000000000e+00
234 6.793366032123e+00
235 0.000000000000e+00
236 2.041963585447e+00
237 1.163172742119e+01
238 9.503756730691e+00
239 0.000000000000e+00
240 0.000000000000e+00
241 0.000000000000e+00
242 2.773297305416e+00
243 1.037724726745e+01
244 0.000000000000e+00
245 0.000000000000e+00
246 7.004753850987e+00
247 0.000000000000e+00
248 6.345348062966e+00
249 2.434570428870e+00
250 4.324436869186e+00
251 2.152905703978e+01
252 0.000000000000e+00
253 5.017577187028e+00
254 0.000000000000e+00
255 4.345631307814e+00
256 9.794892915347e+00
257 0.000000000000e+00
258 1.159250945209e+01
259 1.024611719373e+01
260 0.000000000000e+00
261 0.000000000000e+00
262 0.000000000000e+00
263 0.000000000000e+00
264 1.111977992348e+01
265 6.695497481670e-01
266 1.888494365253e+00
267 0.000000000000e+00
268 8.515174386437e+00
269 5.868834940462e+00
270 1.395942314314e+01
271 0.000000000000e+00
272 0.000000000000e+00
273 8.041917945207e+00
274 4.343022671812e+00
275 0.000000000000e+00
276 1.140226641485e+01
277 7.343353263920e+00
278 0.000000000000e+00
279 0.000000000000e+00
280 0.000000000000e+00
281 0.000000000000e+00
282 1.787349223049e+00
283 0.000000000000e+00
284 1.945214922272e+00
285 1.232296254191e+01
286 1.341977515240e+01
287 0.000000000000e+00
288 7.655055221187e+00
289 8.896387163877e+00
290 6.092625459100e+00
291 0.000000000000e+00
292 0.000000000000e+00
293 1.093638979318e+01
294 1.047549081808e+01
295 2.183574700464e+00
296 2.310116766455e+00
297 0.000000000000e+00
298 0.000000000000e+00
299 0.000000000000e+00
300 5.064774200759e+00
301 0.000000000000e+00
302 0.000000000000e+00
303 8.443767669255e+00
304 0.000000000000e+00
305 0.000000000000e+00
306 0.000000000000e+00
307 0.000000000000e+00
308 0.000000000000e+00
309 0.000000000000e+00
310 8.587850156193e+00
311 0.000000000000e+00
312 3.722570737658e+00
313 7.178972104463e+00
314 0.000000000000e+00
315 0.000000000000e+00
316 0.000000000000e+00
317 0.000000000000e+00
318 0.000000000000e+00
319 0.000000000000e+00
320 0.000000000000e+00
321 0.000000000000e+00
322 4.746030900825e+00
323 0.000000000000e+00
324 0.000000000000e+00
325 0.000000000000e+00
326 0.000000000000e+00
327 0.000000000000e+00
328 7.429187935389e+00
329 0.000000000000e+00
330 0.000000000000e+00
331 0.000000000000e+00
332 0.000000000000e+00
333 6.586211496878e+00
334 0.000000000000e+00
335 2.338903137147e+00
336 8.486081762006e+00
337 1.348902586339e+00
338 6.457195053692e+00
339 2.284804110390e+01
340 1.595816056330e+01
341 0.000000000000e+00
342 8.189434144136e+00
343 1.123902030453e+01
344 1.137761901138e+01
345 5.769653884527e-01
346 0.000000000000e+00
347 0.000000000000e+00
348 0.000000000000e+00
349 0.000000000000e+00
350 0.000000000000e+00
351 5.593399100350e+00
352 0.000000000000e+00
353 0.000000000000e+00
354 2.086514361273e+00
355 0.000000000000e+00
356 1.243245151715e+01
357 0.000000000000e+00
358 0.000000000000e+00
359 0.000000000000e+00
360 0.000000000000e+00
361 1.279138663055e+00
362 1.380443841057e+01
363 6.360296153813e-01
364 0.000000000000e+00
365 0.000000000000e+00
366 0.000000000000e+00
367 0.000000000000e+00
368 0.000000000000e+00
369 0.000000000000e+00
370 0.000000000000e+00
371 0.000000000000e+00
372 0.000000000000e+00
373 3.542800410654e+00
374 2.509721934747e+00
375 0.000000000000e+00
376 0.000000000000e+00
377 0.000000000000e+00
378 0.000000000000e+00
379 0.000000000000e+00
380 0.000000000000e+00
381 0.000000000000e+00
382 0.000000000000e+00
383 0.000000000000e+00
384 0.000000000000e+00
385 0.000000000000e+00
386 1.324272776798e+00
387 0.000000000000e+00
388 0.000000000000e+00
389 4.070085936304e+00
390 0.000000000000e+00
391 0.000000000000e+00
392 0.000000000000e+00
393 0.000000000000e+00
394 7.999788315153e+00
395 1.112904762180e+01
396 0.000000000000e+00
397 0.000000000000e+00
398 0.000000000000e+00
399 0.000000000000e+00
400 0.000000000000e+00
401 0.000000000000e+00
402 0.000000000000e+00
403 0.000000000000e+00
404 5.883051690203e+00
405 3.052405703962e+00
406 0.000000000000e+00
407 0.000000000000e+00
408 2.772234868374e+00
409 0.000000000000e+00
410 8.373847624169e+00
411 1.418036340480e+01
412 0.000000000000e+00
413 0.000000000000e+00
414 0.000000000000e+00
415 2.478945104272e+00
416 0.000000000000e+00
417 4.351386111374e-01
418 0.000000000000e+00
419 5.353257414781e-01
420 1.071957322159e+01
421 2.811827484826e+01
422 0.000000000000e+00
423 0.000000000000e+00
424 7.199416841208e+00
425 9.132828987337e+00
426 0.000000000000e+00
427 0.000000000000e+00
428 7.535946543158e+00
429 1.320982325225e+01
430 0.000000000000e+00
431 0.000000000000e+00
432 0.000000000000e+00
433 0.000000000000e+00
434 0.000000000000e+00
435 2.482254169859e+00
436 1.082766774543e+00
437 2.876626377969e+00
438 4.111407122039e+00
439 5.500378160592e+00
440 2.371322479774e+01
441 0.000000000000e+00
442 5.356439540391e+00
443 9.800135675277e+00
444 6.139121471734e+00
445 0.000000000000e+00
446 1.738665086360e+00
447 0.000000000000e+00
448 0.000000000000e+00
449 0.000000000000e+00
450 0.000000000000e+00
451 1.271858581104e+00
452 5.938366517262e+00
453 6.277060883336e+00
454 2.039338257181e+01
455 0.000000000000e+00
456 4.855788359079e+00
457 0.000000000000e+00
458 1.195101770563e+01
459 1.146685981920e+01
460 2.262640944399e+00
461 0.000000000000e+00
462 0.000000000000e+00
463 0.000000000000e+00
464 0.000000000000e+00
465 0.000000000000e+00
466 0.000000000000e+00
467 0.000000000000e+00
468 0.000000000000e+00
469 0.000000000000e+00
470 0.000000000000e+00
471 0.000000000000e+00
472 0.000000000000e+00
473 0.000000000000e+00
474 1.092298773397e+01
475 0.000000000000e+00
476 9.131388402027e-01
477 3.912048646644e+00
478 0.000000000000e+00
479 0.000000000000e+00
480 2.293802516144e+00
481 4.629747327820e+00
482 8.774724188066e+00
483 8.748964304949e+00
484 2.087540431564e+01
485 2.676752190037e+01
486 0.000000000000e+00
487 0.000000000000e+00
488 1.762702972305e+00
489 4.733494019608e-01
490 0.000000000000e+00
491 1.701785159393e+01
492 3.685625610650e+00
493 0.000000000000e+00
494 9.267427309703e+00
495 9.762889956365e+00
496 5.551665634454e+00
497 1.196999894263e+01
498 0.000000000000e+00
499 0.000000000000e+00
500 3.738091163499e+00
501 1.009601524875e+01
502 0.000000000000e+00
503 0.000000000000e+00
504 8.720611986711e-01
505 4.216800052430e+00
506 0.000000000000e+00
507 4.542280067006e+00
508 0.000000000000e+00
509 2.421843486878e+00
510 5.111902927227e+00
511 0.000000000000e+00
512 6.826413012467e+00
513 1.318698098606e+01
514 1.071313772468e+01
515 8.375799749596e+00
516 1.138279933363e+01
517 3.181025903470e+00
518 3.376532861977e+00
519 1.164549675883e+00
520 8.638072731452e+00
521 0.000000000000e+00
522 1.005838321883e+01
523 7.592255983918e+00
524 0.000000000000e+00
525 0.000000000000e+00
526 0.000000000000e+00
527 1.096677146496e+01
528 0.000000000000e+00
529 0.000000000000e+00
530 0.000000000000e+00
531 0.000000000000e+00
532 5.469267035955e+00
533 0.000000000000e+00
534 5.740218292141e+00
535 0.000000000000e+00
536 5.979565335068e+00
537 1.829050488018e+00
538 0.000000000000e+00
539 0.000000000000e+00
540 0.000000000000e+00
541 0.000000000000e+00
542 0.000000000000e+00
543 0.000000000000e+00
544 0.000000000000e+00
545 2.157894037783e+00
546 3.134643590535e+00
547 8.863795189659e+00
548 0.000000000000e+00
549 0.000000000000e+00
550 0.000000000000e+00
551 0.000000000000e+00
552 0.000000000000e+00
553 1.676313685789e+00
554 3.029987218143e+00
555 0.000000000000e+00
556 5.226269090307e+00
557 0.000000000000e+00
558 0.000000000000e+00
559 9.036691527714e+00
560 8.145917453192e+00
561 1.060427617315e+01
562 5.710358584565e+00
563 1.215214056141e+01
564 6.390808946677e+00
565 0.000000000000e+00
566 1.141856505039e+00
567 7.686313531102e+00
568 2.462763468122e+00
569 0.000000000000e+00
570 2.600884727582e+00
571 6.830833153491e+00
572 1.159493325044e+01
573 1.384694904814e+01
574 5.752975001788e+00
575 0.000000000000e+00
576 0.000000000000e+00
577 1.353685789525e+01
578 4.745624382442e+00
579 1.591127523519e+01
580 0.000000000000e+00
581 9.636602149008e+00
582 8.509061695387e+00
583 8.852913229430e+00
584 0.000000000000e+00
585 0.000000000000e+00
586 0.000000000000e+00
587 0.000000000000e+00
588 1.506488853738e+01
589 0.000000000000e+00
590 0.000000000000e+00
591 8.742614570502e-01
592 1.027137508354e+01
593 2.614652662693e+01
594 0.000000000000e+00
595 0.000000000000e+00
596 0.000000000000e+00
597 5.148910604903e+00
598 3.869197591600e+00
599 8.012477830134e+00
600 1.217983434007e+01
601 1.090991480866e+01
602 2.059087561781e+00
603 3.749286470918e+00
604 0.000000000000e+00
605 0.000000000000e+00
606 0.000000000000e+00
607 0.000000000000e+00
608 0.000000000000e+00
609 0.000000000000e+00
610 1.139893063544e+01
611 0.000000000000e+00
612 6.424121539708e+00
613 2.716751195614e+00
614 0.000000000000e+00
615 0.000000000000e+00
616 0.000000000000e+00
617 0.000000000000e+00
618 7.970906008639e-01
619 0.000000000000e+00
620 0.000000000000e+00
621 5.523340055837e+00
622 3.731664225411e+00
623 7.828894225674e+00
624 0.000000000000e+00
625 1.533938515578e+01
626 0.000000000000e+00
627 0.000000000000e+00
628 0.000000000000e+00
629 0.000000000000e+00
630 0.000000000000e+00
631 0.000000000000e+00
632 0.000000000000e+00
633 0.000000000000e+00
634 0.000000000000e+00
635 0.000000000000e+00
636 0.000000000000e+00
637 0.000000000000e+00
638 5.670675452798e+00
639 0.000000000000e+00
640 0.000000000000e+00
641 0.000000000000e+00
642 0.000000000000e+00
643 0.000000000000e+00
644 0.000000000000e+00
645 0.000000000000e+00
646 0.000000000000e+00
647 0.000000000000e+00
648 0.000000000000e+00
649 1.749273292248e+00
650 5.350615440899e+00
651 0.000000000000e+00
652 0.000000000000e+00
653 0.000000000000e+00
654 0.000000000000e+00
655 8.572236938604e+00
656 1.344927825358e+01
657 0.000000000000e+00
658 0.000000000000e+00
659 1.310036565127e+00
660 1.550012624323e+01
661 3.568421916295e-01
662 6.340798257002e+00
663 1.631873760364e+01
664 1.752089876514e+01
665 0.000000000000e+00
666 7.380615965085e+00
667 1.030307199193e+00
668 1.223263113717e+01
669 0.000000000000e+00
670 0.000000000000e+00
671 0.000000000000e+00
672 1.366104724885e+01
673 0.000000000000e+00
674 2.769664812296e+00
675 0.000000000000e+00
676 0.000000000000e+00
677 6.629803313143e+00
678 2.432507539302e+00
679 1.243069845654e+01
680 1.883794891682e+00
681 2.225844839251e+00
682 0.000000000000e+00
683 0.000000000000e+00
684 0.000000000000e+00
685 0.000000000000e+00
686 0.000000000000e+00
687 0.000000000000e+00
688 0.000000000000e+00
689 0.000000000000e+00
690 0.000000000000e+00
691 6.150254698830e+00
692 0.000000000000e+00
693 0.000000000000e+00
694 2.026915535842e+00
695 0.000000000000e+00
696 0.000000000000e+00
697 1.885959032065e+00
698 1.256510413127e+01
699 1.495952667370e+00
700 2.380683072432e+00
701 3.167876680436e+00
702 1.816284003068e+00
703 9.769306577018e+00
704 1.183802664535e+01
705 1.308938750067e+01
706 5.681629205051e+00
707 9.044144509046e+00
708 2.344217956878e+00
709 1.024527150521e+01
710 2.005711108407e+00
711 4.754043503458e+00
712 6.685948696472e+00
713 0.000000000000e+00
714 1.008835609516e+01
715 8.631866963155e+00
716 0.000000000000e+00
717 0.000000000000e+00
718 0.000000000000e+00
719 4.506159540579e+00
720 0.000000000000e+00
721 9.188299023975e-01
722 0.000000000000e+00
723 1.144690365884e+01
724 2.171847680961e+01
725 0.000000000000e+00
726 0.000000000000e+00
727 0.000000000000e+00
728 0.000000000000e+00
729 3.016781835307e+00
730 3.719146727336e+00
731 0.000000000000e+00
732 4.278522264283e+00
733 3.535489655988e+00
734 3.149970245105e+00
735 0.000000000000e+00
736 0.000000000000e+00
737 0.000000000000e+00
738 0.000000000000e+00
739 0.000000000000e+00
740 0.000000000000e+00
741 0.000000000000e+00
742 0.000000000000e+00
743 5.779022592669e+00
744 0.000000000000e+00
745 0.000000000000e+00
746 0.000000000000e+00
747 0.000000000000e+00
748 0.000000000000e+00
749 0.000000000000e+00
750 0.000000000000e+00
751 0.000000000000e+00
752 0.000000000000e+00
753 0.000000000000e+00
754 0.000000000000e+00
755 0.000000000000e+00
756 0.000000000000e+00
757 0.000000000000e+00
758 0.000000000000e+00
759 0.000000000000e+00
760 0.000000000000e+00
761 0.000000000000e+00
762 0.000000000000e+00
763 1.659776847965e+00
764 7.950477798568e+00
765 0.000000000000e+00
766 0.000000000000e+00
767 0.000000000000e+00
768 0.000000000000e+00
769 0.000000000000e+00
770 0.000000000000e+00
771 4.812194177981e+00
772 0.000000000000e+00
773 0.000000000000e+00
774 0.000000000000e+00
775 0.000000000000e+00
776 2.043831327367e+00
777 0.000000000000e+00
778 5.824860469415e+00
779 0.000000000000e+00
780 1.898128723284e+00
781 6.294633701466e+00
782 0.000000000000e+00
783 0.000000000000e+00
784 0.000000000000e+00
785 0.000000000000e+00
786 0.000000000000e+00
787 6.858663036041e-01
788 1.561852324818e+01
789 0.000000000000e+00
790 0.000000000000e+00
791 5.221196546419e+00
792 0.000000000000e+00
793 9.466726043781e+00
794 2.564503694600e+00
795 0.000000000000e+00
796 0.000000000000e+00
797 1.411158688588e+01
798 0.000000000000e+00
799 1.600508126302e+00
800 2.390342181917e+00
801 3.751168907710e+00
802 0.000000000000e+00
803 0.000000000000e+00
804 8.913432530998e+00
805 1.145274993205e+01
806 3.464477030953e+00
807 6.937256258140e+00
808 1.066712132493e+01
809 2.409395091586e+00
810 1.144032533406e+01
811 6.544590648119e+00
812 1.890472691922e+00
813 0.000000000000e+00
814 0.000000000000e+00
815 0.000000000000e+00
816 7.007087461317e+00
817 0.000000000000e+00
818 0.000000000000e+00
819 2.407305386558e+00
820 0.000000000000e+00
821 5.023511808843e+00
822 0.000000000000e+00
823 1.984855167406e+00
824 0.000000000000e+00
825 4.042198312909e+00
826 0.000000000000e+00
827 0.000000000000e+00
828 2.796610686214e+00
829 0.000000000000e+00
830 9.359378781804e+00
831 0.000000000000e+00
832 8.926597187765e+00
833 3.497046036877e+00
834 0.000000000000e+00
835 1.494605528580e+00
836 1.148487045423e+01
837 1.729468589326e-01
838 1.765578370912e+01
839 0.000000000000e+00
840 7.501720358417e+00
841 0.000000000000e+00
842 7.626421655622e+00
843 0.000000000000e+00
844 0.000000000000e+00
845 0.000000000000e+00
846 0.000000000000e+00
847 8.524173305268e+00
848 0.000000000000e+00
849 0.000000000000e+00
850 0.000000000000e+00
851 2.808469303625e+00
852 0.000000000000e+00
853 7.102181550967e+00
854 5.704153538644e+00
855 1.273954796024e+01
856 0.000000000000e+00
857 0.000000000000e+00
858 7.885491567616e+00
859 0.000000000000e+00
860 1.089998827807e+00
861 1.807998028985e+01
862 1.103134493161e+00
863 0.000000000000e+00
864 4.103006452379e+00
865 1.014049790081e+01
866 3.411813240540e+00
867 2.217805807971e+01
868 2.288228782202e+01
869 0.000000000000e+00
870 7.144526399094e+00
871 8.542951205821e+00
872 1.102174534910e+01
873 8.662294086675e+00
874 0.000000000000e+00
875 1.024926357336e+01
876 6.873368719912e+00
877 0.000000000000e+00
878 0.000000000000e+00
879 0.000000000000e+00
880 0.000000000000e+00
881 0.000000000000e+00
882 2.763674073939e+00
883 0.000000000000e+00
884 3.532237067323e+00
885 1.528243687387e+01
886 0.000000000000e+00
887 2.515890239850e+00
888 7.468415141259e+00
889 1.683089976925e+01
890 2.042375890411e+01
891 0.000000000000e+00
892 2.816982153622e+00
893 8.379499201559e+00
894 3.049431701090e+00
895 9.229012408156e+00
896 6.143103148688e+00
897 2.836250071237e+00
898 3.097761481005e+00
899 2.214787875227e+00
900 1.595515852814e+01
901 0.000000000000e+00
902 5.499595130795e+00
903 9.512090753956e+00
904 0.000000000000e+00
905 0.000000000000e+00
906 0.000000000000e+00
907 1.848086805663e+01
908 0.000000000000e+00
909 5.820829137687e-01
910 0.000000000000e+00
911 1.020519254006e+01
912 1.471200913305e+01
913 0.000000000000e+00
914 8.611726667919e+00
915 3.108853212975e+00
916 6.974331971640e+00
917 1.245204730050e+01
918 1.677853431804e+00
919 0.000000000000e+00
920 5.578267461747e+00
921 4.244683781991e+00
922 0.000000000000e+00
923 0.000000000000e+00
924 0.000000000000e+00
925 0.000000000000e+00
926 0.000000000000e+00
927 0.000000000000e+00
928 2.624021263564e+00
929 5.988064641173e+00
930 0.000000000000e+00
931 0.000000000000e+00
932 0.000000000000e+00
933 0.000000000000e+00
934 0.000000000000e+00
935 0.000000000000e+00
936 0.000000000000e+00
937 0.000000000000e+00
938 0.000000000000e+00
939 0.000000000000e+00
940 0.000000000000e+00
941 0.000000000000e+00
942 0.000000000000e+00
943 3.252026553835e+00
944 0.000000000000e+00
945 2.050609548764e+00
946 7.401479181189e-01
947 0.000000000000e+00
948 0.000000000000e+00
949 2.730412866395e+00
950 0.000000000000e+00
951 0.000000000000e+00
952 8.653959144979e+00
953 8.134872640539e+00
954 1.127914752542e+01
955 0.000000000000e+00
956 6.293685230739e+00
957 0.000000000000e+00
958 7.424083667447e+00
959 8.868563772160e+00
960 3.330305762562e+00
961 3.297641586710e+00
962 1.508686788541e+01
963 0.000000000000e+00
964 6.910983858358e+00
965 1.045042589118e+01
966 7.325874846469e+00
967 1.048413501123e+00
968 2.913069527567e+00
969 6.043559981689e+00
970 0.000000000000e+00
971 0.000000000000e+00
972 0.000000000000e+00
973 1.412569120763e+01
974 2.502950805879e+01
975 0.000000000000e+00
976 6.619113934500e+00
977 3.348669251789e+00
978 0.000000000000e+00
979 3.109532684186e+00
980 9.010042146715e+00
981 7.340496965811e+00
982 6.859399083704e+00
983 3.427977264489e+00
984 3.653638353677e+00
985 0.000000000000e+00
986 0.000000000000e+00
987 0.000000000000e+00
988 7.450644037849e+00
989 0.000000000000e+00
990 2.003534330387e+00
991 1.340943346912e+01
992 4.688433761534e+00
993 2.273568674687e+01
994 0.000000000000e+00
995 8.569510258958e+00
996 8.853623033133e+00
997 8.839858650933e+00
998 0.000000000000e+00
999 1.163666957296e+01
1000 4.637813869150e+00
1001 6.362534437221e+00
1002 1.551551275095e+01
1003 0.000000000000e+00
1004 9.935694499578e+00
1005 7.739088887917e+00
1006 0.000000000000e+00
1007 0.000000000000e+00
1008 0.000000000000e+00
1009 1.637682176127e+01
1010 0.000000000000e+00
1011 0.000000000000e+00
1012 0.000000000000e+00
1013 0.000000000000e+00
1014 0.000000000000e+00
1015 6.416232708991e+00
1016 1.338476244698e+01
1017 0.000000000000e+00
1018 3.583074997622e+00
1019 7.590283706605e+00
1020 0.000000000000e+00
1021 0.000000000000e+00
1022 0.000000000000e+00
1023 0.000000000000e+00
1024 0.000000000000e+00
1025 0.000000000000e+00
1026 0.000000000000e+00
1027 0.000000000000e+00
1028 0.000000000000e+00
1029 0.000000000000e+00
1030 0.000000000000e+00
1031 0.000000000000e+00
1032 0.000000000000e+00
1033 5.204938048333e+00
1034 4.208093787020e-01
1035 1.605899479473e+01
1036 3.236166153620e+00
1037 0.000000000000e+00
1038 6.455501726339e+00
1039 3.252332167615e+00
1040 1.376680693680e+01
1041 8.824431409307e+00
1042 1.375883406318e+01
1043 0.000000000000e+00
1044 4.852259102022e+00
1045 0.000000000000e+00
1046 0.000000000000e+00
1047 0.000000000000e+00
1048 0.000000000000e+00
1049 0.000000000000e+00
1050 0.000000000000e+00
1051 0.000000000000e+00
1052 0.000000000000e+00
1053 0.000000000000e+00
1054 0.000000000000e+00
1055 0.000000000000e+00
1056 0.000000000000e+00
1057 0.000000000000e+00
1058 0.000000000000e+00
1059 0.000000000000e+00
1060 0.000000000000e+00
1061 0.000000000000e+00
1062 1.269508887378e+01
1063 0.000000000000e+00
1064 0.000000000000e+00
1065 0.000000000000e+00
1066 0.000000000000e+00
1067 0.000000000000e+00
1068 0.000000000000e+00
1069 0.000000000000e+00
1070 0.000000000000e+00
1071 0.000000000000e+00
1072 0.000000000000e+00
1073 0.000000000000e+00
1074 3.908812421886e+00
1075 1.115479463255e+01
1076 3.517132716688e+00
1077 9.390270012807e+00
1078 2.349881021863e+01
1079 0.000000000000e+00
1080 0.000000000000e+00
1081 3.095668030245e+00
1082 0.000000000000e+00
1083 0.000000000000e+00
1084 4.643503108088e+00
1085 6.160972680168e+00
1086 3.719500490364e+00
1087 0.000000000000e+00
1088 0.000000000000e+00
1089 0.000000000000e+00
1090 0.000000000000e+00
1091 0.000000000000e+00
1092 0.000000000000e+00
1093 0.000000000000e+00
1094 0.000000000000e+00
1095 0.000000000000e+00
1096 0.000000000000e+00
1097 0.000000000000e+00
1098 4.890506787053e+00
1099 5.441065242181e+00
1100 1.387527592333e+01
1101 0.000000000000e+00
1102 0.000000000000e+00
1103 0.000000000000e+00
1104 0.000000000000e+00
1105 0.000000000000e+00
1106 5.705743038999e+00
1107 0.000000000000e+00
1108 0.000000000000e+00
1109 0.000000000000e+00
1110 0.000000000000e+00
1111 0.000000000000e+00
1112 0.000000000000e+00
1113 0.000000000000e+00
1114 0.000000000000e+00
1115 0.000000000000e+00
1116 0.000000000000e+00
1117 0.000000000000e+00
1118 0.000000000000e+00
1119 0.000000000000e+00
1120 0.000000000000e+00
1121 0.000000000000e+00
1122 0.000000000000e+00
1123 4.730329941553e+00
1124 0.000000000000e+00
1125 0.000000000000e+00
1126 0.000000000000e+00
1127 0.000000000000e+00
1128 0.000000000000e+00
1129 0.000000000000e+00
1130 0.000000000000e+00
1131 0.000000000000e+00
1132 0.000000000000e+00
1133 0.000000000000e+00
1134 0.000000000000e+00
1135 0.000000000000e+00
1136 0.000000000000e+00
1137 0.000000000000e+00
1138 0.000000000000e+00
1139 0.000000000000e+00
1140 0.000000000000e+00
1141 0.000000000000e+00
1142 0.000000000000e+00
1143 0.000000000000e+00
1144 0.000000000000e+00
1145 0.000000000000e+00
1146 0.000000000000e+00
1147 0.000000000000e+00
1148 0.000000000000e+00
1149 0.000000000000e+00
1150 0.000000000000e+00
1151 1.210845705416e+01
1152 0.000000000000e+00
1153 2.893796264125e+00
1154 0.000000000000e+00
1155 6.611524958698e+00
1156 1.391803377484e+00
1157 1.114807840982e+01
1158 1.397392398512e+01
1159 1.432978589867e+01
1160 0.000000000000e+00
1161 0.000000000000e+00
1162 0.000000000000e+00
1163 0.000000000000e+00
1164 0.000000000000e+00
1165 5.217365582181e+00
1166 0.000000000000e+00
1167 0.000000000000e+00
1168 0.000000000000e+00
1169 3.779276172710e+00
1170 0.000000000000e+00
1171 0.000000000000e+00
1172 0.000000000000e+00
1173 0.000000000000e+00
1174 0.000000000000e+00
1175 4.629064043424e+00
1176 0.000000000000e+00
1177 0.000000000000e+00
1178 2.007321073943e+00
1179 3.060638344821e+00
1180 0.000000000000e+00
1181 0.000000000000e+00
1182 0.000000000000e+00
1183 4.345313532461e+00
1184 0.000000000000e+00
1185 0.000000000000e+00
1186 1.251022851034e+01
1187 4.451364328669e-01
1188 1.802153625152e+01
1189 3.010990263722e+00
1190 0.000000000000e+00
1191 8.216267809921e+00
1192 1.016568737821e+01
1193 1.151100332688e+01
1194 6.036766132050e+00
1195 1.263435358390e+01
1196 0.000000000000e+00
1197 0.000000000000e+00
1198 0.000000000000e+00
1199 0.000000000000e+00
1200 1.511961088919e+01
1201 2.350394714129e+00
1202 2.084887932879e+01
1203 0.000000000000e+00
1204 0.000000000000e+00
1205 6.005510559739e+00
1206 5.413459938490e+00
1207 0.000000000000e+00
1208 5.466251700311e+00
1209 3.551581456552e+00
1210 0.000000000000e+00
1211 6.095180884628e+00
1212 0.000000000000e+00
1213 7.812223388705e+00
1214 9.031368740928e+00
1215 4.248014435768e+00
1216 0.000000000000e+00
1217 0.000000000000e+00
1218 1.375744623519e+01
1219 7.745452257358e-01
1220 2.632101182346e+00
1221 4.758754512357e+00
1222 7.199054901491e+00
1223 4.667914098034e+00
1224 1.045936217163e+01
1225 7.406281602995e+00
1226 0.000000000000e+00
1227 3.171667292570e+00
1228 8.969022662338e+00
1229 9.878734028910e+00
1230 5.295790919887e+00
1231 1.006227959735e+01
1232 0.000000000000e+00
1233 1.264282365233e+01
1234 1.135209221589e+01
1235 4.668617504906e+00
1236 0.000000000000e+00
1237 0.000000000000e+00
1238 1.691335190450e+01
1239 0.000000000000e+00
1240 0.000000000000e+00
1241 0.000000000000e+00
1242 4.951198280274e+00
1243 0.000000000000e+00
1244 8.997809427630e+00
1245 2.974055554354e+01
1246 0.000000000000e+00
1247 0.000000000000e+00
1248 1.029560373325e+01
1249 0.000000000000e+00
1250 0.000000000000e+00
1251 1.271699441579e+01
1252 0.000000000000e+00
1253 0.000000000000e+00
1254 0.000000000000e+00
1255 0.000000000000e+00
1256 0.000000000000e+00
1257 0.000000000000e+00
1258 0.000000000000e+00
1259 0.000000000000e+00
1260 0.000000000000e+00
1261 3.858987350036e+00
1262 6.977737340900e+00
1263 2.686193767188e+00
1264 0.000000000000e+00
1265 0.000000000000e+00
1266 8.867490170920e+00
1267 9.494878517801e+00
1268 1.155867253756e+01
1269 0.000000000000e+00
1270 6.870657688728e+00
1271 0.000000000000e+00
1272 0.000000000000e+00
1273 3.270060564882e+00
1274 0.000000000000e+00
1275 0.000000000000e+00
1276 0.000000000000e+00
1277 3.538793196194e+00
1278 1.486821808097e+01
1279 0.000000000000e+00
1280 2.456728904033e+00
1281 0.000000000000e+00
1282 1.015188327039e+01
1283 0.000000000000e+00
1284 0.000000000000e+00
1285 0.000000000000e+00
1286 0.000000000000e+00
1287 0.000000000000e+00
1288 0.000000000000e+00
1289 1.885573492605e+00
1290 5.627763612054e+00
1291 1.390835370815e+01
1292 0.000000000000e+00
1293 0.000000000000e+00
1294 0.000000000000e+00
1295 0.000000000000e+00
1296 0.000000000000e+00
1297 0.000000000000e+00
1298 0.000000000000e+00
1299 0.000000000000e+00
1300 0.000000000000e+00
1301 0.000000000000e+00
1302 0.000000000000e+00
1303 0.000000000000e+00
1304 0.000000000000e+00
1305 0.000000000000e+00
1306 5.640214457705e+00
1307 0.000000000000e+00
1308 0.000000000000e+00
1309 0.000000000000e+00
1310 0.000000000000e+00
1311 0.000000000000e+00
1312 0.000000000000e+00
1313 0.000000000000e+00
1314 0.000000000000e+00
1315 0.000000000000e+00
1316 0.000000000000e+00
1317 0.000000000000e+00
1318 0.000000000000e+00
1319 0.000000000000e+00
1320 0.000000000000e+00
1321 0.000000000000e+00
1322 0.000000000000e+00
1323 0.000000000000e+00
1324 0.000000000000e+00
1325 0.000000000000e+00
1326 0.000000000000e+00
1327 0.000000000000e+00
1328 0.000000000000e+00
1329 0.000000000000e+00
1330 0.000000000000e+00
1331 0.000000000000e+00
1332 0.000000000000e+00
1333 0.000000000000e+00
1334 0.000000000000e+00
1335 0.000000000000e+00
1336 0.000000000000e+00
1337 0.000000000000e+00
1338 0.000000000000e+00
1339 0.000000000000e+00
1340 0.000000000000e+00
1341 0.000000000000e+00
1342 0.000000000000e+00
1343 0.000000000000e+00
1344 0.000000000000e+00
1345 0.000000000000e+00
1346 0.000000000000e+00
1347 0.000000000000e+00
1348 0.000000000000e+00
1349 0.000000000000e+00
1350 0.000000000000e+00
1351 0.000000000000e+00
1352 0.000000000000e+00
1353 0.000000000000e+00
1354 0.000000000000e+00
1355 0.000000000000e+00
1356 0.000000000000e+00
1357 0.000000000000e+00
1358 0.000000000000e+00
1359 0.000000000000e+00
1360 0.000000000000e+00
1361 3.475497833018e+00
1362 0.000000000000e+00
1363 0.000000000000e+00
1364 0.000000000000e+00
1365 2.208423884663e+00
1366 0.000000000000e+00
1367 0.000000000000e+00
1368 0.000000000000e+00
1369 6.361164160759e+00
1370 0.000000000000e+00
1371 0.000000000000e+00
1372 0.000000000000e+00
1373 0.000000000000e+00
1374 0.000000000000e+00
1375 4.277337694857e+00
1376 0.000000000000e+00
1377 1.022559109846e+01
1378 0.000000000000e+00
1379 0.000000000000e+00
1380 0.000000000000e+00
1381 3.263610745991e+00
1382 0.000000000000e+00
1383 0.000000000000e+00
1384 0.000000000000e+00
1385 0.000000000000e+00
1386 0.000000000000e+00
1387 0.000000000000e+00
1388 0.000000000000e+00
1389 0.000000000000e+00
1390 1.500868433970e+00
1391 8.624748575750e-01
1392 1.477749748519e+00
1393 1.326599782678e+01
1394 5.617263471760e+00
1395 3.803686101177e+00
1396 0.000000000000e+00
1397 8.967741225604e+00
1398 9.835558671385e+00
1399 7.427318952647e+00
1400 0.000000000000e+00
1401 0.000000000000e+00
1402 0.000000000000e+00
1403 0.000000000000e+00
1404 1.153392417461e+01
1405 1.800615099488e+00
1406 0.000000000000e+00
1407 0.000000000000e+00
1408 1.164782620302e+01
1409 0.000000000000e+00
1410 6.567224177561e+00
1411 9.791438771625e+00
1412 1.393801971848e+01
1413 0.000000000000e+00
1414 0.000000000000e+00
1415 0.000000000000e+00
1416 1.007861039020e+01
1417 1.998179708344e+00
1418 0.000000000000e+00
1419 1.520018671408e+00
1420 0.000000000000e+00
1421 8.654750798604e+00
1422 0.000000000000e+00
1423 0.000000000000e+00
1424 3.584674106433e+00
1425 0.000000000000e+00
1426 5.252348616736e+00
1427 0.000000000000e+00
1428 0.000000000000e+00
1429 8.830313185113e+00
1430 0.000000000000e+00
1431 9.952279111555e+00
1432 0.000000000000e+00
1433 0.000000000000e+00
1434 1.020659140970e+01
1435 0.000000000000e+00
1436 7.014426054176e+00
1437 0.000000000000e+00
1438 0.000000000000e+00
1439 0.000000000000e+00
1440 0.000000000000e+00
1441 0.000000000000e+00
1442 0.000000000000e+00
1443 1.645629655770e+00
1444 9.842439365459e-01
1445 0.000000000000e+00
1446 0.000000000000e+00
1447 0.000000000000e+00
1448 0.000000000000e+00
1449 2.782463798294e+00
1450 9.482620952288e+00
1451 0.000000000000e+00
1452 1.318254714764e+01
1453 0.000000000000e+00
1454 2.233819860585e+00
1455 7.650296353381e+00
1456 0.000000000000e+00
1457 0.000000000000e+00
1458 0.000000000000e+00
1459 0.000000000000e+00
1460 0.000000000000e+00
1461 0.000000000000e+00
1462 0.000000000000e+00
1463 0.000000000000e+00
1464 0.000000000000e+00
1465 0.000000000000e+00
1466 0.000000000000e+00
1467 0.000000000000e+00
1468 0.000000000000e+00
1469 0.000000000000e+00
1470 0.000000000000e+00
1471 0.000000000000e+00
1472 0.000000000000e+00
1473 0.000000000000e+00
1474 0.000000000000e+00
1475 0.000000000000e+00
1476 0.000000000000e+00
1477 0.000000000000e+00
1478 0.000000000000e+00
1479 0.000000000000e+00
1480 0.000000000000e+00
1481 0.000000000000e+00
1482 0.000000000000e+00
1483 2.353619629394e+00
1484 0.000000000000e+00
1485 0.000000000000e+00
1486 1.261166558359e+01
1487 0.000000000000e+00
1488 0.000000000000e+00
1489 0.000000000000e+00
1490 0.000000000000e+00
1491 0.000000000000e+00
1492 0.000000000000e+00
1493 1.257335371138e+01
1494 0.000000000000e+00
1495 0.000000000000e+00
1496 0.000000000000e+00
1497 0.000000000000e+00
1498 0.000000000000e+00
1499 0.000000000000e+00
1500 0.000000000000e+00
1501 0.000000000000e+00
1502 0.000000000000e+00
1503 7.477773047381e+00
1504 2.862658515373e+01
1505 0.000000000000e+00
1506 0.000000000000e+00
1507 0.000000000000e+00
1508 0.000000000000e+00
1509 0.000000000000e+00
1510 5.444012751255e+00
1511 0.000000000000e+00
1512 0.000000000000e+00
1513 0.000000000000e+00
1514 4.078718950783e+00
1515 0.000000000000e+00
1516 0.000000000000e+00
1517 0.000000000000e+00
1518 0.000000000000e+00
1519 0.000000000000e+00
1520 0.000000000000e+00
1521 0.000000000000e+00
1522 0.000000000000e+00
1523 0.000000000000e+00
1524 0.000000000000e+00
1525 0.000000000000e+00
1526 8.000786255450e+00
1527 0.000000000000e+00
1528 0.000000000000e+00
1529 0.000000000000e+00
1530 0.000000000000e+00
1531 0.000000000000e+00
1532 4.077256223391e+00
1533 0.000000000000e+00
1534 0.000000000000e+00
1535 1.110455379503e+01
1536 3.596679612597e-01
1537 2.138276447770e+01
1538 2.065980812555e+00
1539 0.000000000000e+00
1540 0.000000000000e+00
1541 7.604419642942e+00
1542 1.176787418271e+00
1543 4.309607060957e+00
1544 1.359002350795e+01
1545 0.000000000000e+00
1546 0.000000000000e+00
1547 0.000000000000e+00
1548 2.926344488627e+00
1549 0.000000000000e+00
1550 1.665198811767e+00
1551 0.000000000000e+00
1552 0.000000000000e+00
1553 1.084932192872e+01
1554 0.000000000000e+00
1555 7.511559817756e+00
1556 6.412838418849e+00
1557 1.140946189535e+01
1558 0.000000000000e+00
1559 0.000000000000e+00
1560 0.000000000000e+00
1561 8.573413039279e+00
1562 1.247399248422e+00
1563 2.824699609256e+00
1564 1.409411140871e+00
1565 1.051596815469e+01
1566 8.421114872623e+00
1567 1.519116729370e+01
1568 0.000000000000e+00
1569 0.000000000000e+00
1570 7.835214372175e+00
1571 7.201168864665e+00
1572 9.790236561542e+00
1573 6.275653775481e+00
1574 0.000000000000e+00
1575 0.000000000000e+00
1576 0.000000000000e+00
1577 1.920937274560e+00
1578 4.689363955626e+00
1579 6.328701999954e-01
1580 3.225558066682e+00
1581 5.404276323628e+00
1582 0.000000000000e+00
1583 4.989743772103e+00
1584 0.000000000000e+00
1585 3.406558139309e+00
1586 9.003084021744e+00
1587 0.000000000000e+00
1588 0.000000000000e+00
1589 8.096948176971e+00
1590 7.882307973923e+00
1591 3.767641084245e+00
1592 0.000000000000e+00
1593 3.433949419165e+00
1594 0.000000000000e+00
1595 0.000000000000e+00
1596 0.000000000000e+00
1597 0.000000000000e+00
1598 0.000000000000e+00
1599 9.388131636469e+00
1600 0.000000000000e+00
1601 9.604672097835e-01
1602 4.136327019774e+00
1603 2.115788021138e+01
1604 1.846324151255e+01
1605 0.000000000000e+00
1606 3.767782911780e+00
1607 0.000000000000e+00
1608 7.458391669828e+00
1609 1.177303788943e+01
1610 7.811900223786e+00
1611 0.000000000000e+00
1612 0.000000000000e+00
1613 0.000000000000e+00
1614 0.000000000000e+00
1615 1.827310401949e+00
1616 2.590579575959e+00
1617 1.065285180516e+00
1618 1.516818047294e+01
1619 4.588656837842e+00
1620 0.000000000000e+00
1621 4.864896828986e+00
1622 9.205510922173e+00
1623 1.092652488094e+01
1624 4.746931113931e+00
1625 1.129651020958e+01
1626 0.000000000000e+00
1627 4.653775312654e+00
1628 0.000000000000e+00
1629 0.000000000000e+00
1630 1.678299770390e+01
1631 0.000000000000e+00
1632 0.000000000000e+00
1633 0.000000000000e+00
1634 0.000000000000e+00
1635 0.000000000000e+00
1636 1.416141066605e+00
1637 2.395808611538e+00
1638 0.000000000000e+00
1639 2.686890180148e+00
1640 8.869675910633e+00
1641 0.000000000000e+00
1642 0.000000000000e+00
1643 3.673868936396e+00
1644 0.000000000000e+00
1645 1.899202889380e+00
1646 3.800829053256e+00
1647 0.000000000000e+00
1648 0.000000000000e+00
1649 0.000000000000e+00
1650 0.000000000000e+00
1651 0.000000000000e+00
1652 2.218714680965e+01
1653 2.691479731236e+00
1654 0.000000000000e+00
1655 6.135074627715e+00
1656 0.000000000000e+00
1657 2.054492843179e+00
1658 1.097642724128e+01
1659 1.204027738964e+01
1660 0.000000000000e+00
1661 4.681137323400e+00
1662 0.000000000000e+00
1663 0.000000000000e+00
1664 1.295526928337e+01
1665 2.753729901421e-01
1666 0.000000000000e+00
1667 1.244872839275e+00
1668 1.249645071778e+01
1669 1.304533784578e+01
1670 0.000000000000e+00
1671 0.000000000000e+00
1672 4.141715653945e+00
1673 9.770630909710e+00
1674 6.011426887485e+00
1675 0.000000000000e+00
1676 6.074165270208e+00
1677 1.087031938211e+01
1678 2.681993528598e+00
1679 2.971474394633e+00
1680 0.000000000000e+00
1681 0.000000000000e+00
1682 0.000000000000e+00
1683 0.000000000000e+00
1684 0.000000000000e+00
1685 4.149687712311e+00
1686 1.018421999575e+01
1687 0.000000000000e+00
1688 0.000000000000e+00
1689 9.341697850240e-01
1690 0.000000000000e+00
1691 0.000000000000e+00
1692 5.569391973264e+00
1693 5.093335562279e+00
1694 0.000000000000e+00
1695 0.000000000000e+00
1696 0.000000000000e+00
1697 5.533792254780e+00
1698 9.866972308188e+00
1699 0.000000000000e+00
1700 0.000000000000e+00
1701 3.655770518404e+00
1702 1.141868420441e+00
1703 5.213129638447e-01
1704 1.663258417736e+00
1705 0.000000000000e+00
1706 0.000000000000e+00
1707 0.000000000000e+00
1708 3.048803879525e+00
1709 6.002036537360e+00
1710 3.288497019512e+00
1711 8.456260971345e+00
1712 7.809222930712e+00
1713 2.386389499439e+01
1714 0.000000000000e+00
1715 6.327941107864e+00
1716 0.000000000000e+00
1717 1.278584903548e+00
1718 0.000000000000e+00
1719 0.000000000000e+00
1720 4.204480599167e+00
1721 4.624558755959e+00
1722 0.000000000000e+00
1723 0.000000000000e+00
1724 0.000000000000e+00
1725 0.000000000000e+00
1726 0.000000000000e+00
