104.838 52.885 68.824
103.561 53.524 68.389
102.681 52.542 67.603
102.313 52.794 66.455
103.861 54.758 67.542
103.064 53.818 69.211
104.393 55.408 68.084
104.386 54.487 66.736
103.006 55.182 67.256
105.596 53.465 68.542
104.827 52.791 69.815
105.041 52.046 68.282
102.354 51.425 68.248
101.52 50.365 67.676
101.756 50.065 66.194
101.207 50.717 65.305
100.039 50.671 67.923
99.115 49.481 67.69
99.663 48.187 68.27
99.661 47.15 67.607
100.145 48.247 69.511
102.717 51.325 69.192
101.714 49.505 68.197
99.927 50.97 68.871
99.756 51.409 67.307
98.233 49.673 68.119
98.99 49.361 66.706
100.343 47.282 69.404
100.37 48.713 70.373
102.581 49.05 65.961
102.953 48.58 64.634
101.902 47.648 64.019
101.371 46.758 64.685
104.314 47.821 64.707
104.382 46.715 63.661
105.461 48.797 64.51
102.966 48.587 66.786
103.041 49.385 64.026
104.361 47.386 65.601
103.655 46.051 63.815
104.279 47.115 62.747
105.273 46.254 63.722
105.397 49.23 63.615
105.425 49.501 65.223
106.335 48.302 64.578
101.596 47.864 62.746
100.655 47.001 62.041
101.501 46.212 61.053
101.961 46.772 60.061
99.625 47.797 61.226
98.836 48.731 62.14
98.694 46.828 60.495
98.014 48.009 63.183
102.03 48.636 62.286
100.318 46.355 62.704
100.118 48.354 60.567
99.479 49.343 62.599
98.223 49.28 61.573
98.198 46.275 61.159
98.053 47.356 59.941
99.232 46.233 59.903
98.626 47.489 63.78
97.502 48.674 63.725
97.377 47.384 62.732
101.709 44.921 61.311
102.525 44.119 60.408
102.041 42.689 60.198
102.829 41.801 59.872
103.98 44.11 60.892
104.171 43.287 62.146
101.297 44.533 62.123
102.497 44.577 59.495
104.547 43.728 60.168
104.251 45.05 61.08
103.259 43.155 62.954
105.367 42.741 62.321
106.088 42.89 61.641
105.552 42.182 63.128
100.75 42.46 60.389
100.189 41.132 60.174
99.484 41.143 58.814
99.141 42.204 58.301
99.176 40.765 61.27
98.152 41.765 61.326
99.877 40.675 62.628
100.177 43.22 60.683
100.93 40.471 60.135
98.739 39.875 61.031
100.569 39.961 62.64
100.315 41.56 62.839
99.181 40.474 63.348
97.696 41.686 62.202
99.28 39.968 58.227
98.624 39.887 56.92
97.28 40.61 56.844
97.045 41.385 55.92
98.442 38.425 56.508
99.711 37.765 56.041
100.364 38.221 54.896
100.261 36.703 56.749
101.547 37.628 54.462
101.448 36.099 56.326
102.093 36.565 55.178
99.585 39.148 58.7
99.241 40.348 56.254
98.111 37.927 57.295
97.792 38.399 55.764
99.983 38.982 54.38
99.805 36.365 57.571
102 37.97 53.633
101.832 35.328 56.851
102.94 36.141 54.871
96.412 40.363 57.82
95.083 40.97 57.836
95.042 42.438 58.228
94.216 43.201 57.714
94.16 40.184 58.77
93.695 38.879 58.164
92.984 38.924 57.137
94.038 37.812 58.713
96.7 39.742 58.55
94.717 40.906 56.882
94.663 39.99 59.605
93.367 40.75 58.964
95.909 42.826 59.162
95.936 44.204 59.594
96.389 45.098 58.462
95.84 46.176 58.247
96.521 42.144 59.54
95.017 44.484 59.894
96.567 44.304 60.372
97.395 44.64 57.728
97.937 45.406 56.616
96.972 45.411 55.422
96.752 46.444 54.802
99.316 44.838 56.198
99.868 45.6 54.996
100.279 44.937 57.378
97.772 43.743 57.967
98.056 46.36 56.915
99.178 43.897 55.908
99.256 45.51 54.216
99.964 46.57 55.234
100.771 45.23 54.754
100.406 45.887 57.645
99.906 44.419 58.152
101.166 44.544 57.116
96.392 44.254 55.117
95.45 44.148 54.011
94.299 45.118 54.258
93.978 45.933 53.397
94.931 42.711 53.897
96.625 43.457 55.674
95.91 44.408 53.164
95.702 42.096 53.738
94.471 42.459 54.747
94.291 42.647 53.14
93.696 45.036 55.444
92.59 45.923 55.811
92.989 47.372 55.629
92.21 48.19 55.129
92.186 45.732 57.276
91.506 44.403 57.533
91.297 43.632 56.57
91.175 44.135 58.709
94.027 44.34 56.083
91.838 45.735 55.17
93.011 45.783 57.83
91.561 46.465 57.519
94.207 47.687 56.06
94.732 49.042 55.971
94.928 49.495 54.519
94.603 50.636 54.161
96.052 49.124 56.741
96.43 50.525 57.151
97.053 51.398 56.255
96.153 50.983 58.432
97.395 52.693 56.638
96.487 52.274 58.821
97.108 53.117 57.926
97.481 54.367 58.342
94.76 46.947 56.455
94.068 49.671 56.403
95.967 48.568 57.564
96.775 48.762 56.158
97.257 51.09 55.327
95.705 50.375 59.086
97.841 53.308 55.99
96.276 52.587 59.748
96.672 54.881 58.632
95.459 48.602 53.688
95.676 48.91 52.275
94.348 49.187 51.567
94.251 50.074 50.715
96.396 47.744 51.587
97.897 47.65 51.868
98.429 46.294 51.459
98.615 48.772 51.113
95.707 47.709 54.062
96.246 49.735 52.21
95.98 46.901 51.903
96.281 47.85 50.609
98.051 47.791 52.846
97.961 45.575 51.975
98.272 46.15 50.48
99.418 46.252 51.649
98.437 48.669 50.134
98.27 49.654 51.426
99.594 48.716 51.283
93.325 48.432 51.938
92.007 48.583 51.337
91.211 49.753 51.887
90.404 50.346 51.18
91.182 47.318 51.547
91.595 46.14 50.707
90.621 45.007 50.87
89.97 44.597 49.908
90.523 44.475 52.083
93.488 47.747 52.652
92.138 48.739 50.339
91.246 47.053 52.518
90.216 47.529 51.343
91.612 46.413 49.751
92.496 45.834 50.997
89.849 43.861 51.69
90.754 44.397 53.062
91.431 50.074 53.155
90.698 51.153 53.786
91.318 52.518 53.555
90.602 53.505 53.416
90.574 50.904 55.294
89.958 49.628 55.508
89.73 51.984 55.954
92.115 49.548 53.656
89.753 51.165 53.406
91.507 50.879 55.704
90.142 52.887 55.856
88.81 52 55.537
89.634 51.768 56.952
90.647 48.93 55.369
92.644 52.574 53.488
93.332 53.848 53.307
94.18 53.933 52.047
94.749 54.98 51.744
94.193 54.12 54.537
93.389 54.012 55.802
92.433 54.972 56.122
93.53 52.915 56.647
91.635 54.839 57.253
92.737 52.772 57.772
91.791 53.737 58.073
91.003 53.602 59.199
93.152 51.721 53.566
92.625 54.584 53.26
94.918 53.449 54.565
94.552 55.038 54.47
92.317 55.771 55.531
94.215 52.219 56.435
90.951 55.538 57.469
92.846 51.975 58.368
91.581 53.632 60.013
94.267 52.828 51.318
95.038 52.789 50.084
96.485 53.232 50.249
96.979 54.058 49.487
94.337 53.63 49.011
93.095 52.988 48.466
92.712 51.704 48.793
92.148 53.46 47.62
91.584 51.413 48.168
91.22 52.461 47.45
93.782 52.016 51.647
95.039 51.83 49.739
94.086 54.519 49.405
94.973 53.782 48.249
93.21 51.092 49.406
92.127 54.363 47.198
91.091 50.549 48.227
97.151 52.67 51.255
98.559 52.948 51.548
98.976 52.062 52.716
98.13 51.578 53.455
98.779 54.426 51.905
98.106 54.885 53.193
98.383 56.359 53.452
97.548 56.896 54.602
97.773 56.14 55.867
96.634 52.019 51.835
99.108 52.714 50.753
99.764 54.58 51.994
98.426 54.982 51.15
97.121 54.75 53.111
98.461 54.35 53.955
99.346 56.469 53.68
98.163 56.877 52.63
97.782 57.862 54.752
96.575 56.838 54.354
97.538 55.178 55.705
98.73 56.213 56.129
97.197 56.509 56.585
100.273 51.834 52.873
100.762 50.992 53.964
100.713 51.719 55.284
100.648 52.945 55.318
102.205 50.558 53.708
102.391 49.555 52.574
103.876 49.347 52.283
101.718 48.246 52.965
100.905 52.253 52.226
100.172 50.174 54.02
102.731 51.369 53.479
102.55 50.139 54.538
101.941 49.901 51.752
104.287 50.219 52.018
104.329 49 53.103
103.981 48.689 51.54
102.136 47.896 53.804
100.743 48.404 53.12
101.836 47.577 52.229
100.71 50.967 56.398
100.682 51.589 57.728
101.97 52.403 57.843
102.892 52.208 57.053
100.676 50.389 58.674
99.961 49.338 57.875
100.566 49.504 56.5
99.888 52.161 57.839
101.605 50.1 58.889
100.18 50.597 59.511
100.148 48.434 58.239
98.985 49.516 57.858
101.453 49.058 56.438
99.957 49.159 55.791
102.034 53.29 58.829
103.195 54.159 59.026
104.513 53.471 59.385
105.583 54.066 59.264
102.865 55.213 60.089
101.846 56.235 59.604
101.242 56.919 60.461
101.657 56.368 58.371
101.244 53.349 59.449
103.352 54.651 58.137
102.493 54.745 60.881
103.704 55.687 60.323
104.444 52.221 59.819
105.642 51.491 60.207
106.389 50.848 59.038
107.187 49.934 59.235
105.271 50.435 61.249
104.228 49.451 60.743
103.024 49.673 60.889
104.687 48.352 60.153
103.542 51.795 59.872
106.281 52.164 60.628
106.093 49.927 61.491
104.906 50.899 62.052
105.675 48.208 60.069
104.051 47.671 59.796
106.137 51.332 57.827
106.795 50.796 56.638
107.684 51.815 55.934
107.36 52.998 55.882
105.75 50.273 55.636
105.207 48.914 55.987
105.944 47.756 55.723
103.992 48.785 56.651
105.483 46.501 56.122
103.522 47.541 57.057
104.266 46.404 56.791
103.785 45.179 57.195
105.477 52.08 57.754
107.379 50.016 56.925
104.995 50.921 55.614
106.183 50.22 54.741
106.816 47.826 55.24
103.447 49.6 56.841
106.02 45.683 55.931
102.649 47.469 57.539
104.455 44.47 56.976
108.809 51.34 55.403
109.74 52.181 54.657
110.363 51.337 53.543
110.619 50.133 53.722
110.888 52.756 55.559
111.854 51.649 55.965
110.304 53.411 56.814
113.063 52.157 56.717
109 50.36 55.537
109.192 52.88 54.209
111.38 53.424 55.015
111.366 50.996 56.539
112.164 51.183 55.138
109.808 52.72 57.336
111.051 53.783 57.356
109.686 54.139 56.553
112.766 52.589 57.568
113.673 51.393 56.924
113.548 52.828 56.154
110.601 51.964 52.396
111.195 51.269 51.254
112.664 50.916 51.503
113.269 51.402 52.461
111.118 52.129 49.994
111.881 53.323 50.195
109.672 52.507 49.693
110.36 52.932 52.336
110.687 50.41 51.103
111.531 51.617 49.215
109.108 51.706 49.514
109.283 53.01 50.478
109.653 53.118 48.87
111.469 53.827 50.943
113.227 50.072 50.638
114.625 49.651 50.755
115.575 50.847 50.634
116.571 50.944 51.349
114.972 48.629 49.666
114.222 47.308 49.757
114.364 46.529 48.459
113.385 45.358 48.391
113.416 44.654 47.062
112.652 49.728 49.891
114.762 49.223 51.656
114.771 49.044 48.776
115.955 48.437 49.723
114.602 46.768 50.502
113.258 47.49 49.922
114.179 47.138 47.694
115.289 46.168 48.396
113.616 44.698 49.112
112.455 45.701 48.554
113.19 45.33 46.357
114.326 44.292 46.909
112.757 43.927 47.053
115.257 51.752 49.718
116.079 52.93 49.499
116.084 53.812 50.749
117.131 54.321 51.154
115.551 53.712 48.293
116.546 54.571 47.759
114.427 51.595 49.18
117.023 52.631 49.333
115.27 53.065 47.59
114.772 54.261 48.584
116.156 55.479 47.664
114.914 53.983 51.363
114.794 54.797 52.569
115.565 54.152 53.716
116.353 54.806 54.402
113.323 54.945 52.97
112.431 55.519 51.88
110.983 55.658 52.313
110.384 54.659 52.768
110.437 56.774 52.195
114.114 53.531 50.966
115.158 55.716 52.395
112.983 54.048 53.193
113.283 55.556 53.741
112.761 56.417 51.653
112.453 54.909 51.109
115.323 52.863 53.925
115.991 52.131 54.984
117.496 52.338 54.844
118.194 52.633 55.814
115.643 50.66 54.887
114.66 52.414 53.323
115.701 52.494 55.868
114.655 50.535 54.981
115.937 50.302 53.997
116.115 50.156 55.621
117.982 52.198 53.62
119.396 52.365 53.328
119.828 53.799 53.64
120.924 54.029 54.149
119.65 52.044 51.857
121.11 51.952 51.468
121.289 51.513 50.024
117.331 51.969 52.888
119.916 51.754 53.93
119.212 51.164 51.641
119.22 52.76 51.294
121.533 52.849 51.58
121.562 51.288 52.059
120.825 50.44 49.625
121.96 52.342 49.231
121.802 51.674 48.516
122.475 53.182 49.025
118.956 54.755 53.34
119.244 56.162 53.59
119.403 56.403 55.087
119.987 57.405 55.51
118.121 57.037 53.033
118.085 54.474 52.931
120.104 56.404 53.133
118.042 56.884 52.049
117.261 56.794 53.479
118.328 57.995 53.206
118.874 55.482 55.886
118.963 55.595 57.329
120.101 54.729 57.851
120.287 54.597 59.061
117.636 55.186 57.981
116.447 56.131 57.765
115.193 55.543 58.381
116.75 57.48 58.389
118.411 54.707 55.454
119.157 56.55 57.569
117.377 54.296 57.613
117.787 55.119 58.963
116.312 56.258 56.784
114.985 54.663 57.954
115.332 55.408 59.364
114.422 56.175 58.237
116.919 57.356 59.371
117.561 57.875 57.961
115.968 58.093 58.258
120.858 54.137 56.931
121.982 53.308 57.328
121.741 51.813 57.355
122.555 51.066 57.891
120.629 54.281 55.975
122.779 53.506 56.702
122.305 53.61 58.261
120.634 51.359 56.777
120.349 49.929 56.771
121.299 49.169 55.857
121.609 49.616 54.756
118.9 49.666 56.339
118.601 48.209 56.134
118.859 47.191 57.003
117.997 47.607 54.984
118.459 45.995 56.47
117.924 46.218 55.23
117.506 48.107 53.767
117.38 45.318 54.305
116.964 47.21 52.844
116.908 45.83 53.123
120.019 52.012 56.358
120.489 49.585 57.71
118.29 49.996 57.045
118.733 50.126 55.478
119.282 47.301 57.905
118.542 45.102 56.912
117.539 49.078 53.56
117.346 44.338 54.516
116.616 47.554 51.982
116.513 45.22 52.436
121.776 48.027 56.336
122.665 47.165 55.565
122.135 45.743 55.723
122.402 45.077 56.725
124.125 47.219 56.075
124.958 46.14 55.377
124.727 48.595 55.804
121.499 47.769 57.27
122.594 47.415 54.61
124.115 46.997 57.04
124.603 45.235 55.581
124.931 46.294 54.385
125.911 46.201 55.693
124.733 48.777 54.824
124.18 49.292 56.271
125.665 48.622 56.153
121.366 45.305 54.728
120.748 43.984 54.704
121.61 42.849 55.262
121.153 42.083 56.109
120.314 43.65 53.268
121.218 45.948 53.956
119.881 44.022 55.249
119.656 44.33 52.956
121.117 43.659 52.674
119.897 42.75 53.248
122.842 42.733 54.774
123.755 41.677 55.219
124.066 41.762 56.718
124.519 40.793 57.327
125.055 41.722 54.404
125.613 43.024 54.399
123.131 43.399 54.083
123.308 40.786 55.048
125.708 41.089 54.81
124.852 41.451 53.467
124.89 43.674 54.196
123.813 42.922 57.306
124.042 43.115 58.728
122.776 42.796 59.516
122.836 42.502 60.708
124.474 44.557 58.999
125.85 44.907 58.454
126.966 44.535 59.423
127.055 43.033 59.676
128.164 42.699 60.618
123.458 43.664 56.736
124.773 42.495 59.031
123.805 45.167 58.578
124.482 44.699 59.988
125.995 44.415 57.592
125.892 45.893 58.278
127.838 44.843 59.043
126.801 44.993 60.296
126.187 42.718 60.065
127.213 42.566 58.804
129.026 43.021 60.222
128.003 43.153 61.49
128.204 41.717 60.752
121.631 42.856 58.843
120.366 42.579 59.502
120.121 43.567 60.622
119.596 43.206 61.679
121.671 43.097 57.877
119.617 42.639 58.831
120.379 41.644 59.876
120.477 44.825 60.369
120.36 45.891 61.361
119.197 46.86 61.172
119.239 47.969 61.69
121.655 46.697 61.373
121.793 47.575 60.147
120.839 45.022 59.449
120.221 45.436 62.27
121.659 47.277 62.181
122.421 46.063 61.398
121.176 47.312 59.107
122.604 48.619 60.256
123.09 48.787 61.116
122.733 49.239 59.482
118.164 46.453 60.445
117.025 47.335 60.209
116.426 47.924 61.49
116.176 49.131 61.57
115.932 46.595 59.43
114.667 47.429 59.206
115.014 48.695 58.416
113.623 46.598 58.482
118.19 45.533 60.067
117.332 48.106 59.622
116.294 46.361 58.544
115.675 45.798 59.947
114.286 47.687 60.088
115.675 49.238 58.93
115.406 48.435 57.534
114.187 49.232 58.267
114.001 46.298 57.601
113.388 45.799 59.032
112.804 47.151 58.325
116.195 47.076 62.487
115.616 47.525 63.748
116.542 48.487 64.494
116.077 49.387 65.197
115.284 46.323 64.63
116.432 46.115 62.343
114.747 48.005 63.555
114.629 45.736 64.156
116.12 45.808 64.817
114.888 46.639 65.489
117.847 48.299 64.329
118.839 49.152 64.982
118.797 50.57 64.43
118.798 51.535 65.191
120.248 48.578 64.79
120.41 47.198 65.409
121.331 46.464 64.994
119.623 46.849 66.314
118.135 47.544 63.735
118.588 49.206 65.957
120.422 48.512 63.815
120.893 49.198 65.219
118.755 50.697 63.107
118.729 52.012 62.474
117.329 52.594 62.285
117.169 53.806 62.143
119.44 51.978 61.104
120.887 51.532 61.287
118.707 51.042 60.153
118.742 49.862 62.56
119.254 52.656 63.067
119.464 52.905 60.754
121.386 52.169 61.864
120.902 50.619 61.709
121.336 51.482 60.383
118.701 50.116 60.521
117.764 51.361 60.035
119.17 51.043 59.262
116.317 51.734 62.272
114.942 52.19 62.104
114.016 51.344 62.964
113.291 50.481 62.464
114.531 52.105 60.633
116.528 50.765 62.381
114.878 53.144 62.404
115.141 52.68 60.089
114.601 51.158 60.325
113.594 52.421 60.53
114.029 51.588 64.282
113.201 50.863 65.252
111.72 50.826 64.877
111.136 51.849 64.528
113.447 51.628 66.551
114.83 52.173 66.368
114.799 52.654 64.95
113.557 49.92 65.388
112.785 52.366 66.66
113.406 51.017 67.337
114.996 52.921 67
115.506 51.456 66.491
114.329 53.528 64.867
115.714 52.719 64.562
111.123 49.639 64.951
109.71 49.486 64.633
109.364 49.54 63.155
108.195 49.442 62.778
111.677 48.858 65.231
109.376 48.596 65.021
109.177 50.212 65.126
110.368 49.696 62.305
110.116 49.756 60.873
110.274 48.397 60.199
110.931 47.491 60.718
111.065 50.755 60.202
110.967 52.177 60.727
109.539 52.692 60.667
109.465 54.173 61.024
108.054 54.642 61.067
111.288 49.77 62.672
109.169 50.082 60.72
112.003 50.432 60.339
110.86 50.765 59.221
111.278 52.197 61.677
111.549 52.772 60.173
109.191 52.573 59.743
108.983 52.184 61.316
109.887 54.31 61.92
109.967 54.697 60.336
107.635 54.5 60.169
107.553 54.123 61.756
108.031 55.613 61.297
109.642 48.269 59.041
109.719 47.057 58.229
109.833 47.525 56.793
109.353 48.604 56.454
108.458 46.207 58.381
108.396 45.572 59.645
109.091 49.055 58.729
110.55 46.578 58.467
107.658 46.797 58.275
108.455 45.508 57.667
107.834 46.127 60.247
110.492 46.733 55.958
110.615 47.077 54.556
109.271 46.807 53.875
108.656 45.763 54.098
111.702 46.239 53.854
113.086 46.783 54.21
111.494 46.259 52.344
113.736 46.061 55.352
110.896 45.9 56.327
110.758 48.062 54.513
111.638 45.31 54.194
113.667 46.713 53.401
112.986 47.749 54.448
111.567 47.198 52.013
112.192 45.69 51.915
110.59 45.898 52.127
113.877 45.101 55.106
114.621 46.482 55.562
113.14 46.114 56.164
108.822 47.759 53.061
107.57 47.609 52.341
107.31 48.792 51.427
107.811 49.894 51.673
109.38 48.584 52.964
107.597 46.762 51.791
106.81 47.524 53.001
106.548 48.57 50.358
106.225 49.661 49.455
106.939 49.689 48.118
106.52 50.404 47.212
106.216 47.649 50.204
105.203 49.661 49.286
106.398 50.558 49.943
108.016 48.929 47.984
108.747 48.899 46.727
107.903 48.236 45.658
107.026 47.419 45.958
110.057 48.127 46.877
111.102 48.898 47.657
111.586 49.925 47.144
111.435 48.478 48.779
108.306 48.385 48.765
108.892 49.851 46.444
109.861 47.279 47.356
110.41 47.939 45.968
108.168 48.604 44.41
107.463 48.035 43.275
107.771 46.537 43.249
108.907 46.126 43.519
107.96 48.671 41.946
107.26 50.009 41.707
107.748 47.715 40.773
107.784 51.14 42.55
108.882 49.299 44.277
106.493 48.118 43.47
108.933 48.84 42.04
107.36 50.247 40.739
106.284 49.887 41.899
106.771 47.525 40.684
108.091 48.145 39.943
108.238 46.869 40.939
108.75 51.29 42.331
107.266 51.973 42.358
107.693 50.904 43.52
106.758 45.728 42.954
106.949 44.284 42.844
106.818 43.941 41.363
105.753 44.114 40.76
105.903 43.506 43.646
106.098 42.009 43.594
107.269 41.431 44.087
105.131 41.184 43.023
107.475 40.052 44.007
105.324 39.803 42.937
106.501 39.233 43.429
105.86 46.14 42.81
107.886 44.093 43.101
105.971 43.788 44.589
105.016 43.709 43.266
107.967 42.004 44.502
104.286 41.584 42.67
108.325 39.655 44.365
104.612 39.223 42.518
106.648 38.252 43.371
107.902 43.454 40.777
107.898 43.133 39.36
107.262 41.817 38.911
107.259 41.523 37.716
109.313 43.255 38.811
109.677 44.622 38.787
108.715 43.317 41.337
107.397 43.897 38.868
109.932 42.764 39.403
109.333 42.898 37.89
110.669 44.683 38.773
106.733 41.04 39.86
106.042 39.786 39.554
106.744 39.082 38.391
106.148 38.823 37.344
104.588 40.137 39.215
103.759 38.94 38.822
106.828 41.351 40.811
106.136 39.193 40.354
104.176 40.565 40.019
104.595 40.788 38.456
103.797 37.898 39.468
102.979 39.096 37.765
102.963 39.965 37.269
102.397 38.339 37.454
108.022 38.776 38.601
108.88 38.171 37.584
108.567 36.742 37.14
109.038 36.305 36.088
110.336 38.271 38.054
110.761 39.709 38.377
111.916 39.79 39.38
111.947 41.105 40.027
112.545 42.184 39.53
113.192 42.125 38.377
112.458 43.339 40.173
108.394 38.983 39.52
108.859 38.778 36.744
110.437 37.732 38.877
110.922 37.936 37.332
111.052 40.164 37.533
109.981 40.203 38.765
111.777 39.089 40.064
112.76 39.646 38.885
111.478 41.197 40.918
113.227 41.278 37.85
113.656 42.945 38.022
111.926 43.4 41.021
112.92 44.15 39.816
107.788 36.01 37.931
107.43 34.645 37.569
106.05 34.639 36.924
105.6 33.615 36.416
107.429 33.742 38.804
108.808 33.459 39.378
109.599 32.496 38.526
109.074 32.072 37.481
110.743 32.159 38.898
107.46 36.424 38.775
108.102 34.277 36.925
106.901 34.193 39.504
107.031 32.879 38.544
109.304 34.305 39.415
108.695 33.052 40.265
105.387 35.793 36.959
104.068 35.923 36.373
102.983 35.201 37.148
101.876 35.008 36.645
105.835 36.568 37.407
103.826 36.912 36.304
104.087 35.567 35.417
103.282 34.813 38.38
102.302 34.095 39.185
101.13 34.973 39.616
100.031 34.472 39.854
102.989 33.464 40.4
103.993 32.377 40.027
104.825 31.94 41.227
105.924 30.956 40.822
106.989 30.834 41.871
104.186 35.025 38.733
101.939 33.318 38.641
103.472 34.18 40.892
102.289 33.058 40.978
103.496 31.584 39.672
104.606 32.729 39.319
105.254 32.741 41.631
104.231 31.493 41.887
105.511 30.055 40.669
106.343 31.272 39.967
107.385 31.743 42.016
106.58 30.504 42.714
107.688 30.209 41.567
101.359 36.28 39.723
100.285 37.188 40.097
99.596 37.641 38.813
100.229 37.746 37.764
100.823 38.4 40.858
101.438 38.153 42.237
101.673 39.492 42.913
100.507 37.301 43.086
102.278 36.609 39.541
99.624 36.696 40.652
101.53 38.828 40.291
100.066 39.044 40.982
102.303 37.679 42.126
102.307 40.048 42.38
100.8 39.981 43.002
102.06 39.336 43.834
99.629 37.781 43.176
100.361 36.42 42.643
100.908 37.163 43.989
98.286 37.908 38.88
97.526 38.341 37.706
97.978 39.691 37.135
97.883 40.73 37.799
96.086 38.362 38.222
96.26 38.74 39.665
97.439 37.893 40.085
97.552 37.626 36.98
95.546 39.044 37.74
95.665 37.465 38.138
96.468 39.706 39.751
95.45 38.506 40.187
97.919 38.297 40.858
97.157 36.963 40.307
98.468 39.656 35.898
98.928 40.862 35.241
97.84 41.542 34.431
96.881 40.909 33.98
98.506 38.768 35.442
99.28 41.513 35.937
99.707 40.637 34.628
97.998 42.846 34.236
97.032 43.627 33.481
97.631 44.991 33.158
98.298 45.605 33.997
95.756 43.787 34.308
94.622 44.512 33.617
93.428 44.622 34.557
92.2 45.176 33.846
91.772 44.311 32.699
98.813 43.277 34.631
96.827 43.155 32.622
95.436 42.87 34.564
95.991 44.291 35.146
94.918 45.428 33.368
94.347 44.004 32.808
93.21 43.716 34.907
93.663 45.234 35.306
91.444 45.242 34.503
92.41 46.095 33.5
92.536 44.251 32.054
91.544 43.406 33.04
90.988 44.711 32.253
97.401 45.461 31.936
97.921 46.755 31.51
97.493 47.843 32.489
96.32 47.949 32.843
97.41 47.089 30.108
97.714 46.041 29.202
96.858 44.895 31.316
98.924 46.708 31.52
96.424 47.209 30.145
97.85 47.924 29.797
96.876 45.774 28.741
98.457 48.639 32.936
98.157 49.707 33.867
98.25 49.301 35.322
98.284 50.159 36.203
99.384 48.476 32.611
98.793 50.489 33.697
97.217 50.063 33.679
98.286 47.997 35.578
98.365 47.49 36.943
99.806 47.278 37.387
100.566 46.553 36.752
97.599 46.167 37.066
97.721 45.484 38.431
97.075 44.093 38.427
95.614 44.155 38.455
94.811 43.192 38.008
95.313 42.083 37.48
93.499 43.329 38.114
98.256 47.371 34.798
97.932 48.16 37.564
96.633 46.349 36.901
97.95 45.538 36.378
98.682 45.376 38.662
97.259 46.035 39.119
97.371 43.623 37.6
97.402 43.605 39.233
95.186 44.983 38.838
96.299 41.944 37.428
94.693 41.373 37.129
93.115 44.148 38.548
92.888 42.619 37.764
100.175 47.927 38.484
101.514 47.791 39.034
101.386 47.122 40.392
100.456 47.388 41.151
102.209 49.159 39.215
101.351 50.04 39.938
102.528 49.781 37.877
99.495 48.518 38.923
102.047 47.198 38.439
103.062 49.021 39.759
103.161 49.222 37.343
101.678 49.902 37.34
102.953 50.709 38.034
100.414 49.755 39.782
102.315 46.233 40.688
102.298 45.545 41.957
103.37 46.113 42.863
104.381 46.627 42.394
102.568 44.058 41.763
101.457 43.312 41.124
101.315 43.022 39.801
100.331 42.733 41.788
100.171 42.289 39.597
99.546 42.099 40.802
99.908 42.69 43.121
98.353 41.423 41.109
98.722 42.017 43.427
97.961 41.394 42.42
103.025 46.054 40.008
101.409 45.717 42.393
103.374 43.951 41.184
102.735 43.643 42.655
101.948 43.3 39.079
99.846 41.949 38.716
100.434 43.125 43.844
97.823 40.985 40.378
98.417 41.982 44.37
97.118 40.923 42.681
103.131 46.007 44.164
104.076 46.446 45.184
104.037 45.37 46.269
103.063 44.624 46.37
103.673 47.81 45.756
104.065 48.99 44.871
103.567 50.323 45.432
103.805 51.427 44.503
104.984 52.014 44.298
106.067 51.618 44.957
105.076 53.014 43.429
102.245 45.6 44.434
104.983 46.475 44.798
102.685 47.822 45.865
104.121 47.924 46.636
105.059 49.037 44.801
103.667 48.871 43.964
102.591 50.238 45.602
104.052 50.496 46.283
103.015 51.773 43.975
106.018 50.859 45.603
106.942 52.084 44.804
104.266 53.308 42.919
105.951 53.472 43.282
105.088 45.289 47.075
105.153 44.285 48.125
105.612 44.886 49.45
106.176 45.968 49.477
106.123 43.173 47.714
107.562 43.655 47.542
108.554 42.516 47.511
108.545 41.722 48.475
109.339 42.414 46.536
105.832 45.94 46.936
104.244 43.861 48.248
106.121 42.496 48.423
105.825 42.818 46.85
107.622 44.131 46.686
107.785 44.228 48.307
105.357 44.175 50.544
105.768 44.625 51.865
105.98 43.418 52.781
105.294 42.389 52.646
104.722 45.572 52.462
104.866 43.308 50.426
106.636 45.12 51.787
104.618 46.361 51.857
103.851 45.092 52.541
105.019 45.875 53.358
106.939 43.556 53.701
107.289 42.506 54.667
106.216 42.342 55.732
105.712 43.32 56.277
108.621 42.838 55.354
109.827 42.574 54.466
109.666 42.572 53.23
110.943 42.381 55.006
107.434 44.437 53.712
107.336 41.639 54.153
108.608 43.801 55.597
108.694 42.275 56.168
105.866 41.098 56.03
104.86 40.814 57.046
105.507 40.031 58.195
106.431 39.259 57.974
103.683 40.016 56.425
102.861 40.957 55.547
102.805 39.383 57.508
102.246 42.144 56.305
106.317 40.356 55.532
104.583 41.694 57.426
104.068 39.311 55.852
103.446 41.316 54.823
102.117 40.437 55.131
102.428 40.114 58.077
102.073 38.875 57.068
103.349 38.774 58.065
102.992 42.684 56.689
101.715 42.692 55.669
101.668 41.815 57.026
105.027 40.26 59.417
105.547 39.595 60.612
106.996 39.919 60.953
107.604 39.191 61.732
105.436 38.067 60.503
104.017 37.594 60.378
104.273 40.926 59.493
104.978 39.914 61.399
105.949 37.778 59.697
105.842 37.67 61.324
103.112 38.15 60.993
103.811 36.544 59.591
104.582 36.109 59.125
102.886 36.186 59.464
107.562 40.977 60.383
108.95 41.308 60.697
109.067 42.17 61.943
108.324 43.131 62.118
109.638 42.029 59.532
111.041 42.502 59.871
111.254 43.705 60.555
112.153 41.725 59.553
112.537 44.114 60.913
113.436 42.123 59.904
113.624 43.318 60.586
114.901 43.704 60.943
107.029 41.52 59.755
109.449 40.443 60.863
109.699 41.4 58.767
109.094 42.823 59.291
110.472 44.282 60.791
112.024 40.863 59.063
112.67 44.975 61.403
114.222 41.553 59.667
115.539 42.962 60.742
110.021 41.819 62.797
110.262 42.56 64.03
111.69 43.107 64.051
111.896 44.318 64.11
110.04 41.666 65.268
110.887 40.517 65.183
108.592 41.206 65.333
110.578 41.017 62.564
109.628 43.337 64.067
110.298 42.193 66.102
107.961 41.97 65.43
108.358 40.697 64.491
108.479 40.577 66.138
111.659 40.748 64.605
112.676 42.22 63.98
114.059 42.668 63.982
114.977 41.601 63.418
114.562 40.466 63.21
114.493 43.018 65.407
114.39 41.884 66.25
112.44 41.259 63.927
114.126 43.481 63.39
115.438 43.324 65.388
113.901 43.736 65.755
113.527 41.431 66.061
116.229 41.975 63.175
117.193 41.03 62.642
117.104 40.897 61.135
116.78 41.856 60.436
116.479 42.919 63.37
118.13 41.326 62.897
117.043 40.12 63.067
117.4 39.706 60.63
117.345 39.458 59.196
115.904 39.24 58.746
115.086 38.684 59.486
118.189 38.237 58.844
119.631 38.37 59.232
120.456 39.279 58.582
120.165 37.589 60.253
121.794 39.409 58.94
121.499 37.711 60.62
122.316 38.624 59.962
117.663 38.983 61.268
117.667 40.293 58.739
117.813 37.459 59.324
118.145 38.11 57.864
120.09 39.848 57.851
119.579 36.932 60.729
122.376 40.07 58.456
121.871 37.135 61.363
123.276 38.719 60.221
115.605 39.672 57.524
114.262 39.541 56.969
113.783 38.102 56.819
114.558 37.2 56.499
114.184 40.275 55.629
114.328 41.796 55.782
113.815 42.523 54.558
114.495 42.031 53.38
113.914 41.814 52.211
112.616 42.05 52.041
114.641 41.326 51.224
116.341 40.096 56.991
113.61 40.035 57.58
114.921 39.958 55.053
113.303 40.095 55.221
113.802 42.093 56.572
115.29 42.019 55.903
112.844 42.351 54.48
114 43.488 54.673
115.487 41.838 53.452
112.064 42.414 52.788
112.189 41.861 51.153
115.616 41.14 51.344
114.213 41.136 50.332
112.493 37.896 57.059
111.897 36.57 56.974
111.473 36.255 55.546
111.944 36.893 54.604
110.685 36.471 57.913
109.588 37.48 57.575
111.936 38.694 57.304
112.611 35.905 57.223
110.303 35.555 57.839
110.994 36.642 58.844
109.368 37.817 56.412
108.885 37.949 58.596
109.091 37.643 59.528
108.149 38.608 58.44
110.573 35.285 55.393
110.084 34.884 54.073
108.613 35.248 53.838
107.959 34.66 52.967
110.234 33.379 53.91
109.367 32.717 54.816
110.237 34.832 56.222
110.635 35.37 53.375
109.988 33.127 52.985
111.169 33.123 54.113
108.581 32.383 54.309
108.098 36.2 54.614
106.702 36.614 54.5
106.506 37.973 53.844
107.131 38.956 54.241
106.041 36.633 55.878
106 35.263 56.522
106.013 34.263 55.779
105.938 35.185 57.765
108.706 36.627 55.286
106.236 35.928 53.907
106.563 37.245 56.461
105.112 36.964 55.769
105.603 38.026 52.866
105.317 39.268 52.14
103.847 39.427 51.788
103.129 38.44 51.594
106.106 39.314 50.829
107.568 38.958 50.954
108.385 40.091 51.517
109.805 39.751 51.506
110.451 39.171 52.516
109.813 38.863 53.641
111.74 38.887 52.393
105.118 37.179 52.638
105.599 40.051 52.722
105.68 38.673 50.19
106.04 40.242 50.461
107.668 38.166 51.56
107.933 38.727 50.05
108.238 40.896 50.957
108.095 40.254 52.452
110.335 39.97 50.676
108.837 39.043 53.738
110.319 38.443 54.4
112.218 39.091 51.536
112.238 38.469 53.152
103.397 40.675 51.718
102.027 40.95 51.311
102.181 41.608 49.946
103.104 42.393 49.728
101.26 41.891 52.3
99.847 42.157 51.763
102.006 43.212 52.495
98.838 42.588 52.838
104.025 41.411 51.952
101.601 40.08 51.156
101.182 41.414 53.161
99.898 42.874 51.072
99.509 41.321 51.336
102.076 43.671 51.61
101.496 43.776 53.136
102.911 43.034 52.852
99.163 43.443 53.238
97.951 42.722 52.412
98.776 41.898 53.532
101.312 41.247 49.013
101.378 41.804 47.675
100.092 42.538 47.372
99.002 41.977 47.514
101.575 40.703 46.634
102.77 39.766 46.728
104.053 40.569 46.691
102.67 38.93 47.995
100.612 40.579 49.262
102.138 42.457 47.635
100.741 40.124 46.645
101.617 41.15 45.725
102.75 39.133 45.957
104.118 41.08 45.834
104.07 41.214 47.46
104.842 39.941 46.766
102.649 39.544 48.788
101.834 38.387 47.973
103.463 38.325 48.061
100.226 43.791 46.948
99.07 44.607 46.621
99.244 45.33 45.296
100.337 45.805 44.955
98.77 45.601 47.745
99.893 46.545 48.102
100.986 46.113 48.857
99.841 47.885 47.717
102 47.002 49.228
100.843 48.778 48.079
101.92 48.331 48.834
102.909 49.216 49.175
101.155 44.153 46.862
98.264 44 46.544
97.974 46.15 47.471
98.53 45.077 48.568
101.048 45.157 49.138
99.07 48.208 47.171
102.773 46.68 49.77
100.79 49.735 47.799
103.615 49.221 48.465
98.146 45.389 44.548
98.118 46.001 43.226
97.541 47.408 43.256
96.912 47.811 44.231
97.262 45.144 42.294
95.908 45.169 42.726
97.307 44.982 44.939
99.071 46.063 42.89
97.315 45.513 41.377
97.592 44.211 42.322
95.351 45.518 41.982
97.742 48.143 42.164
97.231 49.506 42.058
95.703 49.539 42.102
95.112 50.557 42.466
97.747 50.161 40.776
98.008 49.189 39.781
98.258 47.728 41.415
97.572 50.031 42.848
97.057 50.794 40.439
98.59 50.649 40.983
97.62 48.324 40.078
95.068 48.425 41.74
93.611 48.347 41.768
93.165 47.584 43.011
92.046 47.086 43.095
93.061 47.703 40.485
93.736 46.391 40.14
94.727 46.032 40.807
93.274 45.72 39.189
95.621 47.649 41.45
93.264 49.282 41.857
92.089 47.539 40.62
93.202 48.344 39.739
94.088 47.499 43.964
93.891 46.883 45.268
93.575 45.401 45.429
92.73 45.013 46.232
92.893 47.736 46.051
93.347 49.158 46.037
92.813 50.182 45.309
94.535 49.682 46.651
93.596 51.305 45.423
94.659 51.026 46.24
95.507 49.142 47.503
95.718 51.84 46.652
96.56 49.951 47.911
96.656 51.287 47.484
95.001 47.908 43.734
94.768 47.064 45.822
92.024 47.696 45.61
92.876 47.437 46.979
91.974 50.126 44.77
93.42 52.184 44.982
95.449 48.198 47.814
95.774 52.792 46.34
97.255 49.575 48.514
97.429 51.836 47.801
94.264 44.568 44.668
94.102 43.135 44.81
95.175 42.804 45.862
96.265 43.39 45.836
94.399 42.44 43.481
93.255 42.272 42.47
92.306 43.448 42.508
93.851 42.101 41.086
94.893 44.955 43.999
93.231 42.941 45.195
95.125 42.961 43.018
94.747 41.52 43.687
92.757 41.428 42.689
91.916 43.53 43.429
92.799 44.289 42.284
91.567 43.304 41.843
94.396 42.909 40.854
94.438 41.291 41.069
93.111 41.993 40.414
94.872 41.904 46.797
95.843 41.563 47.834
96.174 40.077 47.881
95.284 39.231 47.987
95.353 41.961 49.25
94.786 43.384 49.254
96.504 41.847 50.242
95.758 44.459 48.85
93.977 41.479 46.766
96.7 42.042 47.586
94.622 41.335 49.504
93.995 43.407 48.635
94.452 43.581 50.182
97.234 42.475 49.982
96.167 42.074 51.154
96.854 40.911 50.24
96.06 44.28 47.91
95.313 45.351 48.893
96.546 44.446 49.463
97.463 39.774 47.801
97.95 38.403 47.86
99.01 38.322 48.946
99.493 39.352 49.448
98.574 37.979 46.533
97.574 37.676 45.446
97.242 36.358 45.12
96.967 38.706 44.732
96.326 36.075 44.101
96.054 38.438 43.718
95.737 37.12 43.409
94.821 36.876 42.423
98.109 40.541 47.695
97.192 37.808 48.117
99.167 38.718 46.216
99.12 37.157 46.693
97.664 35.603 45.62
97.19 39.654 44.952
96.102 35.128 43.88
95.628 39.187 43.213
94.478 35.939 42.506
99.378 37.095 49.298
100.386 36.885 50.322
101.207 35.656 50.003
100.748 34.75 49.306
99.733 36.695 51.692
98.92 35.4 51.816
98.558 35.12 53.262
97.781 33.815 53.408
97.546 33.477 54.843
98.939 36.328 48.837
100.995 37.686 50.35
100.45 36.676 52.383
99.119 37.462 51.857
98.084 35.496 51.281
99.465 34.644 51.461
99.394 35.049 53.798
97.991 35.863 53.606
96.899 33.91 52.944
98.303 33.077 52.978
98.432 33.388 55.3
97.018 34.206 55.271
97.049 32.62 54.907
102.429 35.639 50.518
103.318 34.506 50.349
104.074 34.323 51.65
104.437 35.309 52.306
104.333 34.717 49.218
105.087 33.512 49.041
105.279 35.87 49.544
102.721 36.45 51.036
102.772 33.69 50.182
103.83 34.907 48.353
104.788 36.731 49.641
105.767 35.674 50.405
105.964 35.961 48.792
104.541 32.887 48.499
104.293 33.065 52.027
105.015 32.744 53.252
106.168 31.803 52.949
106.877 31.357 53.856
104.092 32.092 54.314
103.363 31.004 53.731
103.119 33.113 54.869
103.94 32.338 51.433
105.39 33.594 53.634
104.674 31.721 55.066
103.586 33.862 55.334
102.56 33.498 54.118
102.491 32.645 55.538
103.701 30.163 54.13
106.357 31.518 51.664
107.422 30.628 51.218
108.366 31.312 50.227
108.815 30.705 49.249
106.829 29.358 50.589
105.839 29.654 49.464
105.846 30.782 48.913
105.062 28.737 49.117
105.732 31.942 51.002
107.974 30.389 52.03
107.578 28.821 50.218
106.357 28.854 51.302
108.665 32.578 50.507
109.56 33.403 49.693
109.205 33.44 48.198
110.009 33.064 47.345
111.018 32.947 49.866
112.023 34.041 49.662
111.765 35.359 49.974
113.275 34.017 49.141
112.813 36.101 49.656
113.743 35.31 49.148
108.234 32.972 51.338
109.521 34.358 50.046
111.135 32.578 50.794
111.209 32.215 49.204
113.764 33.214 48.814
112.889 37.085 49.776
114.643 35.604 48.823
107.993 33.895 47.898
107.51 34.025 46.521
107.36 32.732 45.724
107.291 32.77 44.502
108.403 34.99 45.732
108.803 36.24 46.499
110.021 36.301 47.19
107.961 37.359 46.543
110.391 37.451 47.906
108.32 38.506 47.254
109.537 38.546 47.932
109.901 39.681 48.623
107.397 34.156 48.67
106.587 34.481 46.556
109.236 34.505 45.474
107.909 35.275 44.914
110.638 35.517 47.176
107.092 37.336 46.058
111.263 37.476 48.39
107.708 39.293 47.277
109.262 40.42 48.409
107.315 31.588 46.402
107.133 30.321 45.707
105.668 30.175 45.3
105.357 29.858 44.154
107.536 29.159 46.606
108.975 28.728 46.443
109.408 27.736 47.506
109.325 26.517 47.315
109.889 28.252 48.629
107.41 31.628 47.391
107.681 30.342 44.871
107.395 29.428 47.562
106.947 28.373 46.399
109.086 28.299 45.547
109.565 29.534 46.503
110.006 27.312 48.929
110.153 29.007 49.242
104.77 30.421 46.247
103.341 30.315 45.996
102.657 31.511 46.636
103.192 32.121 47.567
102.751 29.021 46.601
102.943 29.03 48.02
103.445 27.783 46.016
105.115 30.685 47.152
103.185 30.35 45.012
101.75 29.001 46.414
103.308 27.723 45.033
104.433 27.831 46.21
103.065 26.951 46.455
103.903 28.861 48.199
101.477 31.85 46.132
100.737 32.99 46.648
99.306 32.608 46.957
98.791 31.625 46.436
100.733 34.126 45.622
102.099 34.633 45.265
102.648 35.72 45.937
102.835 34.03 44.244
103.909 36.204 45.596
104.1 34.508 43.895
104.639 35.6 44.574
101.114 31.294 45.384
101.167 33.249 47.521
100.306 33.785 44.797
100.217 34.878 46.007
102.14 36.159 46.67
102.453 33.246 43.757
104.288 36.994 46.092
104.616 34.061 43.152
105.54 35.948 44.333
98.666 33.406 47.803
97.278 33.173 48.165
96.535 34.487 48.171
96.95 35.439 48.823
97.134 32.566 49.556
97.852 31.334 49.614
95.662 32.331 49.87
99.176 34.179 48.186
96.865 32.573 47.476
97.542 33.204 50.243
95.14 33.178 49.888
95.26 31.717 49.173
95.587 31.875 50.79
98.304 31.2 48.741
95.43 34.525 47.439
94.606 35.712 47.353
93.878 35.864 48.677
93.206 34.935 49.14
93.602 35.557 46.213
92.777 36.799 45.906
91.901 36.565 44.684
91.019 37.754 44.37
91.815 38.962 44.025
95.182 33.687 46.939
95.187 36.509 47.212
94.106 35.304 45.384
92.972 34.813 46.45
92.194 37.004 46.687
93.39 37.561 45.724
92.491 36.387 43.897
91.319 35.771 44.854
90.421 37.523 43.596
90.445 37.957 45.17
92.408 39.188 44.801
92.373 38.774 43.221
91.203 39.724 43.839
94.019 37.029 49.298
93.353 37.26 50.562
92.337 38.383 50.465
91.492 38.534 51.34
94.368 37.524 51.707
95.358 38.623 51.328
95.126 36.25 52.01
96.271 39.026 52.492
94.587 37.721 48.871
92.834 36.42 50.77
93.851 37.829 52.502
95.925 38.302 50.579
94.848 39.426 51.04
95.645 35.959 51.209
95.751 36.414 52.775
94.473 35.526 52.265
96.814 38.236 52.761
96.867 39.767 52.195
95.722 39.327 53.256
92.418 39.162 49.391
91.462 40.239 49.157
91.22 40.369 47.655
92.205 40.313 46.882
91.983 41.57 49.707
92.174 41.608 51.219
90.853 41.539 51.98
91.065 41.776 53.404
91.698 40.936 54.224
91.856 41.241 55.51
92.16 39.783 53.768
90.049 40.543 47.265
93.161 38.985 48.745
90.597 40.01 49.602
92.866 41.759 49.281
91.331 42.285 49.462
92.735 40.83 51.503
92.633 42.46 51.474
90.251 42.236 51.614
90.471 40.634 51.847
90.709 42.633 53.798
91.488 42.088 55.882
92.352 40.607 56.112
92.014 39.536 52.805
92.65 39.159 54.373
