104.838000 52.885000 68.824000 1.824000
103.561000 53.524000 68.389000 1.908000
102.681000 52.542000 67.603000 1.908000
102.313000 52.794000 66.455000 1.661200
103.861000 54.758000 67.542000 1.908000
103.064000 53.818000 69.211000 1.100000
104.393000 55.408000 68.084000 1.487000
104.386000 54.487000 66.736000 1.487000
103.006000 55.182000 67.256000 1.487000
105.596000 53.465000 68.542000 0.600000
104.827000 52.791000 69.815000 0.600000
105.041000 52.046000 68.282000 0.600000
102.354000 51.425000 68.248000 1.824000
101.520000 50.365000 67.676000 1.908000
101.756000 50.065000 66.194000 1.908000
101.207000 50.717000 65.305000 1.661200
100.039000 50.671000 67.923000 1.908000
99.115000 49.481000 67.690000 1.908000
99.663000 48.187000 68.270000 1.908000
99.661000 47.150000 67.607000 1.661200
100.145000 48.247000 69.511000 1.824000
102.717000 51.325000 69.192000 0.600000
101.714000 49.505000 68.197000 1.387000
99.927000 50.970000 68.871000 1.487000
99.756000 51.409000 67.307000 1.487000
98.233000 49.673000 68.119000 1.487000
98.990000 49.361000 66.706000 1.487000
100.343000 47.282000 69.404000 0.600000
100.370000 48.713000 70.373000 0.600000
102.581000 49.050000 65.961000 1.824000
102.953000 48.580000 64.634000 1.908000
101.902000 47.648000 64.019000 1.908000
101.371000 46.758000 64.685000 1.661200
104.314000 47.821000 64.707000 1.908000
104.382000 46.715000 63.661000 1.908000
105.461000 48.797000 64.510000 1.908000
102.966000 48.587000 66.786000 0.600000
103.041000 49.385000 64.026000 1.387000
104.361000 47.386000 65.601000 1.487000
103.655000 46.051000 63.815000 1.487000
104.279000 47.115000 62.747000 1.487000
105.273000 46.254000 63.722000 1.487000
105.397000 49.230000 63.615000 1.487000
105.425000 49.501000 65.223000 1.487000
106.335000 48.302000 64.578000 1.487000
101.596000 47.864000 62.746000 1.824000
100.655000 47.001000 62.041000 1.908000
101.501000 46.212000 61.053000 1.908000
101.961000 46.772000 60.061000 1.661200
99.625000 47.797000 61.226000 1.908000
98.836000 48.731000 62.140000 1.908000
98.694000 46.828000 60.495000 1.908000
98.014000 48.009000 63.183000 1.908000
102.030000 48.636000 62.286000 0.600000
100.318000 46.355000 62.704000 1.387000
100.118000 48.354000 60.567000 1.487000
99.479000 49.343000 62.599000 1.487000
98.223000 49.280000 61.573000 1.487000
98.198000 46.275000 61.159000 1.487000
98.053000 47.356000 59.941000 1.487000
99.232000 46.233000 59.903000 1.487000
98.626000 47.489000 63.780000 1.487000
97.502000 48.674000 63.725000 1.487000
97.377000 47.384000 62.732000 1.487000
101.709000 44.921000 61.311000 1.824000
102.525000 44.119000 60.408000 1.908000
102.041000 42.689000 60.198000 1.908000
102.829000 41.801000 59.872000 1.661200
103.980000 44.110000 60.892000 1.908000
104.171000 43.287000 62.146000 1.908000
101.297000 44.533000 62.123000 0.600000
102.497000 44.577000 59.495000 1.387000
104.547000 43.728000 60.168000 1.487000
104.251000 45.050000 61.080000 1.487000
103.259000 43.155000 62.954000 1.661200
105.367000 42.741000 62.321000 1.824000
106.088000 42.890000 61.641000 0.600000
105.552000 42.182000 63.128000 0.600000
100.750000 42.460000 60.389000 1.824000
100.189000 41.132000 60.174000 1.908000
99.484000 41.143000 58.814000 1.908000
99.141000 42.204000 58.301000 1.661200
99.176000 40.765000 61.270000 1.908000
98.152000 41.765000 61.326000 1.721000
99.877000 40.675000 62.628000 1.908000
100.177000 43.220000 60.683000 0.600000
100.930000 40.471000 60.135000 1.387000
98.739000 39.875000 61.031000 1.387000
100.569000 39.961000 62.640000 1.487000
100.315000 41.560000 62.839000 1.487000
99.181000 40.474000 63.348000 1.487000
97.696000 41.686000 62.202000 0.100000
99.280000 39.968000 58.227000 1.824000
98.624000 39.887000 56.920000 1.908000
97.280000 40.610000 56.844000 1.908000
97.045000 41.385000 55.920000 1.661200
98.442000 38.425000 56.508000 1.908000
99.711000 37.765000 56.041000 1.908000
100.364000 38.221000 54.896000 1.908000
100.261000 36.703000 56.749000 1.908000
101.547000 37.628000 54.462000 1.908000
101.448000 36.099000 56.326000 1.908000
102.093000 36.565000 55.178000 1.908000
99.585000 39.148000 58.700000 0.600000
99.241000 40.348000 56.254000 1.387000
98.111000 37.927000 57.295000 1.487000
97.792000 38.399000 55.764000 1.487000
99.983000 38.982000 54.380000 1.459000
99.805000 36.365000 57.571000 1.459000
102.000000 37.970000 53.633000 1.459000
101.832000 35.328000 56.851000 1.459000
102.940000 36.141000 54.871000 1.459000
96.412000 40.363000 57.820000 1.824000
95.083000 40.970000 57.836000 1.908000
95.042000 42.438000 58.228000 1.908000
94.216000 43.201000 57.714000 1.661200
94.160000 40.184000 58.770000 1.908000
93.695000 38.879000 58.164000 1.908000
92.984000 38.924000 57.137000 1.661200
94.038000 37.812000 58.713000 1.661200
96.700000 39.742000 58.550000 0.600000
94.717000 40.906000 56.882000 1.387000
94.663000 39.990000 59.605000 1.487000
93.367000 40.750000 58.964000 1.487000
95.909000 42.826000 59.162000 1.824000
95.936000 44.204000 59.594000 1.908000
96.389000 45.098000 58.462000 1.908000
95.840000 46.176000 58.247000 1.661200
96.521000 42.144000 59.540000 0.600000
95.017000 44.484000 59.894000 1.387000
96.567000 44.304000 60.372000 1.387000
97.395000 44.640000 57.728000 1.824000
97.937000 45.406000 56.616000 1.908000
96.972000 45.411000 55.422000 1.908000
96.752000 46.444000 54.802000 1.661200
99.316000 44.838000 56.198000 1.908000
99.868000 45.600000 54.996000 1.908000
100.279000 44.937000 57.378000 1.908000
97.772000 43.743000 57.967000 0.600000
98.056000 46.360000 56.915000 1.387000
99.178000 43.897000 55.908000 1.487000
99.256000 45.510000 54.216000 1.487000
99.964000 46.570000 55.234000 1.487000
100.771000 45.230000 54.754000 1.487000
100.406000 45.887000 57.645000 1.487000
99.906000 44.419000 58.152000 1.487000
101.166000 44.544000 57.116000 1.487000
96.392000 44.254000 55.117000 1.824000
95.450000 44.148000 54.011000 1.908000
94.299000 45.118000 54.258000 1.908000
93.978000 45.933000 53.397000 1.661200
94.931000 42.711000 53.897000 1.908000
96.625000 43.457000 55.674000 0.600000
95.910000 44.408000 53.164000 1.387000
95.702000 42.096000 53.738000 1.487000
94.471000 42.459000 54.747000 1.487000
94.291000 42.647000 53.140000 1.487000
93.696000 45.036000 55.444000 1.824000
92.590000 45.923000 55.811000 1.908000
92.989000 47.372000 55.629000 1.908000
92.210000 48.190000 55.129000 1.661200
92.186000 45.732000 57.276000 1.908000
91.506000 44.403000 57.533000 1.908000
91.297000 43.632000 56.570000 1.661200
91.175000 44.135000 58.709000 1.661200
94.027000 44.340000 56.083000 0.600000
91.838000 45.735000 55.170000 1.387000
93.011000 45.783000 57.830000 1.487000
91.561000 46.465000 57.519000 1.487000
94.207000 47.687000 56.060000 1.824000
94.732000 49.042000 55.971000 1.908000
94.928000 49.495000 54.519000 1.908000
94.603000 50.636000 54.161000 1.661200
96.052000 49.124000 56.741000 1.908000
96.430000 50.525000 57.151000 1.908000
97.053000 51.398000 56.255000 1.908000
96.153000 50.983000 58.432000 1.908000
97.395000 52.693000 56.638000 1.908000
96.487000 52.274000 58.821000 1.908000
97.108000 53.117000 57.926000 1.908000
97.481000 54.367000 58.342000 1.721000
94.760000 46.947000 56.455000 0.600000
94.068000 49.671000 56.403000 1.387000
95.967000 48.568000 57.564000 1.487000
96.775000 48.762000 56.158000 1.487000
97.257000 51.090000 55.327000 1.459000
95.705000 50.375000 59.086000 1.459000
97.841000 53.308000 55.990000 1.459000
96.276000 52.587000 59.748000 1.459000
96.672000 54.881000 58.632000 0.100000
95.459000 48.602000 53.688000 1.824000
95.676000 48.910000 52.275000 1.908000
94.348000 49.187000 51.567000 1.908000
94.251000 50.074000 50.715000 1.661200
96.396000 47.744000 51.587000 1.908000
97.897000 47.650000 51.868000 1.908000
98.429000 46.294000 51.459000 1.908000
98.615000 48.772000 51.113000 1.908000
95.707000 47.709000 54.062000 0.600000
96.246000 49.735000 52.210000 1.387000
95.980000 46.901000 51.903000 1.487000
96.281000 47.850000 50.609000 1.487000
98.051000 47.791000 52.846000 1.487000
97.961000 45.575000 51.975000 1.487000
98.272000 46.150000 50.480000 1.487000
99.418000 46.252000 51.649000 1.487000
98.437000 48.669000 50.134000 1.487000
98.270000 49.654000 51.426000 1.487000
99.594000 48.716000 51.283000 1.487000
93.325000 48.432000 51.938000 1.824000
92.007000 48.583000 51.337000 1.908000
91.211000 49.753000 51.887000 1.908000
90.404000 50.346000 51.180000 1.661200
91.182000 47.318000 51.547000 1.908000
91.595000 46.140000 50.707000 1.908000
90.621000 45.007000 50.870000 1.908000
89.970000 44.597000 49.908000 1.661200
90.523000 44.475000 52.083000 1.824000
93.488000 47.747000 52.652000 0.600000
92.138000 48.739000 50.339000 1.387000
91.246000 47.053000 52.518000 1.487000
90.216000 47.529000 51.343000 1.487000
91.612000 46.413000 49.751000 1.487000
92.496000 45.834000 50.997000 1.487000
89.849000 43.861000 51.690000 0.600000
90.754000 44.397000 53.062000 0.600000
91.431000 50.074000 53.155000 1.824000
90.698000 51.153000 53.786000 1.908000
91.318000 52.518000 53.555000 1.908000
90.602000 53.505000 53.416000 1.661200
90.574000 50.904000 55.294000 1.908000
89.958000 49.628000 55.508000 1.721000
89.730000 51.984000 55.954000 1.908000
92.115000 49.548000 53.656000 0.600000
89.753000 51.165000 53.406000 1.387000
91.507000 50.879000 55.704000 1.387000
90.142000 52.887000 55.856000 1.487000
88.810000 52.000000 55.537000 1.487000
89.634000 51.768000 56.952000 1.487000
90.647000 48.930000 55.369000 0.100000
92.644000 52.574000 53.488000 1.824000
93.332000 53.848000 53.307000 1.908000
94.180000 53.933000 52.047000 1.908000
94.749000 54.980000 51.744000 1.661200
94.193000 54.120000 54.537000 1.908000
93.389000 54.012000 55.802000 1.908000
92.433000 54.972000 56.122000 1.908000
93.530000 52.915000 56.647000 1.908000
91.635000 54.839000 57.253000 1.908000
92.737000 52.772000 57.772000 1.908000
91.791000 53.737000 58.073000 1.908000
91.003000 53.602000 59.199000 1.721000
93.152000 51.721000 53.566000 0.600000
92.625000 54.584000 53.260000 1.387000
94.918000 53.449000 54.565000 1.487000
94.552000 55.038000 54.470000 1.487000
92.317000 55.771000 55.531000 1.459000
94.215000 52.219000 56.435000 1.459000
90.951000 55.538000 57.469000 1.459000
92.846000 51.975000 58.368000 1.459000
91.581000 53.632000 60.013000 0.100000
94.267000 52.828000 51.318000 1.824000
95.038000 52.789000 50.084000 1.908000
96.485000 53.232000 50.249000 1.908000
96.979000 54.058000 49.487000 1.661200
94.337000 53.630000 49.011000 1.908000
93.095000 52.988000 48.466000 1.908000
92.712000 51.704000 48.793000 1.824000
92.148000 53.460000 47.620000 1.908000
91.584000 51.413000 48.168000 1.908000
91.220000 52.461000 47.450000 1.824000
93.782000 52.016000 51.647000 0.600000
95.039000 51.830000 49.739000 1.387000
94.086000 54.519000 49.405000 1.487000
94.973000 53.782000 48.249000 1.487000
93.210000 51.092000 49.406000 0.600000
92.127000 54.363000 47.198000 1.409000
91.091000 50.549000 48.227000 1.359000
97.151000 52.670000 51.255000 1.824000
98.559000 52.948000 51.548000 1.908000
98.976000 52.062000 52.716000 1.908000
98.130000 51.578000 53.455000 1.661200
98.779000 54.426000 51.905000 1.908000
98.106000 54.885000 53.193000 1.908000
98.383000 56.359000 53.452000 1.908000
97.548000 56.896000 54.602000 1.908000
97.773000 56.140000 55.867000 1.824000
96.634000 52.019000 51.835000 0.600000
99.108000 52.714000 50.753000 1.387000
99.764000 54.580000 51.994000 1.487000
98.426000 54.982000 51.150000 1.487000
97.121000 54.750000 53.111000 1.487000
98.461000 54.350000 53.955000 1.487000
99.346000 56.469000 53.680000 1.487000
98.163000 56.877000 52.630000 1.487000
97.782000 57.862000 54.752000 1.100000
96.575000 56.838000 54.354000 1.100000
97.538000 55.178000 55.705000 0.600000
98.730000 56.213000 56.129000 0.600000
97.197000 56.509000 56.585000 0.600000
100.273000 51.834000 52.873000 1.824000
100.762000 50.992000 53.964000 1.908000
100.713000 51.719000 55.284000 1.908000
100.648000 52.945000 55.318000 1.661200
102.205000 50.558000 53.708000 1.908000
102.391000 49.555000 52.574000 1.908000
103.876000 49.347000 52.283000 1.908000
101.718000 48.246000 52.965000 1.908000
100.905000 52.253000 52.226000 0.600000
100.172000 50.174000 54.020000 1.387000
102.731000 51.369000 53.479000 1.487000
102.550000 50.139000 54.538000 1.487000
101.941000 49.901000 51.752000 1.487000
104.287000 50.219000 52.018000 1.487000
104.329000 49.000000 53.103000 1.487000
103.981000 48.689000 51.540000 1.487000
102.136000 47.896000 53.804000 1.487000
100.743000 48.404000 53.120000 1.487000
101.836000 47.577000 52.229000 1.487000
100.710000 50.967000 56.398000 1.824000
100.682000 51.589000 57.728000 1.908000
101.970000 52.403000 57.843000 1.908000
102.892000 52.208000 57.053000 1.661200
100.676000 50.389000 58.674000 1.908000
99.961000 49.338000 57.875000 1.908000
100.566000 49.504000 56.500000 1.908000
99.888000 52.161000 57.839000 1.387000
101.605000 50.100000 58.889000 1.487000
100.180000 50.597000 59.511000 1.487000
100.148000 48.434000 58.239000 1.487000
98.985000 49.516000 57.858000 1.487000
101.453000 49.058000 56.438000 1.387000
99.957000 49.159000 55.791000 1.387000
102.034000 53.290000 58.829000 1.824000
103.195000 54.159000 59.026000 1.908000
104.513000 53.471000 59.385000 1.908000
105.583000 54.066000 59.264000 1.661200
102.865000 55.213000 60.089000 1.908000
101.846000 56.235000 59.604000 1.908000
101.242000 56.919000 60.461000 1.661200
101.657000 56.368000 58.371000 1.661200
101.244000 53.349000 59.449000 0.600000
103.352000 54.651000 58.137000 1.387000
102.493000 54.745000 60.881000 1.487000
103.704000 55.687000 60.323000 1.487000
104.444000 52.221000 59.819000 1.824000
105.642000 51.491000 60.207000 1.908000
106.389000 50.848000 59.038000 1.908000
107.187000 49.934000 59.235000 1.661200
105.271000 50.435000 61.249000 1.908000
104.228000 49.451000 60.743000 1.908000
103.024000 49.673000 60.889000 1.661200
104.687000 48.352000 60.153000 1.824000
103.542000 51.795000 59.872000 0.600000
106.281000 52.164000 60.628000 1.387000
106.093000 49.927000 61.491000 1.487000
104.906000 50.899000 62.052000 1.487000
105.675000 48.208000 60.069000 0.600000
104.051000 47.671000 59.796000 0.600000
106.137000 51.332000 57.827000 1.824000
106.795000 50.796000 56.638000 1.908000
107.684000 51.815000 55.934000 1.908000
107.360000 52.998000 55.882000 1.661200
105.750000 50.273000 55.636000 1.908000
105.207000 48.914000 55.987000 1.908000
105.944000 47.756000 55.723000 1.908000
103.992000 48.785000 56.651000 1.908000
105.483000 46.501000 56.122000 1.908000
103.522000 47.541000 57.057000 1.908000
104.266000 46.404000 56.791000 1.908000
103.785000 45.179000 57.195000 1.721000
105.477000 52.080000 57.754000 0.600000
107.379000 50.016000 56.925000 1.387000
104.995000 50.921000 55.614000 1.487000
106.183000 50.220000 54.741000 1.487000
106.816000 47.826000 55.240000 1.459000
103.447000 49.600000 56.841000 1.459000
106.020000 45.683000 55.931000 1.459000
102.649000 47.469000 57.539000 1.459000
104.455000 44.470000 56.976000 0.100000
108.809000 51.340000 55.403000 1.824000
109.740000 52.181000 54.657000 1.908000
110.363000 51.337000 53.543000 1.908000
110.619000 50.133000 53.722000 1.661200
110.888000 52.756000 55.559000 1.908000
111.854000 51.649000 55.965000 1.908000
110.304000 53.411000 56.814000 1.908000
113.063000 52.157000 56.717000 1.908000
109.000000 50.360000 55.537000 0.600000
109.192000 52.880000 54.209000 1.387000
111.380000 53.424000 55.015000 1.487000
111.366000 50.996000 56.539000 1.487000
112.164000 51.183000 55.138000 1.487000
109.808000 52.720000 57.336000 1.487000
111.051000 53.783000 57.356000 1.487000
109.686000 54.139000 56.553000 1.487000
112.766000 52.589000 57.568000 1.487000
113.673000 51.393000 56.924000 1.487000
113.548000 52.828000 56.154000 1.487000
110.601000 51.964000 52.396000 1.824000
111.195000 51.269000 51.254000 1.908000
112.664000 50.916000 51.503000 1.908000
113.269000 51.402000 52.461000 1.661200
111.118000 52.129000 49.994000 1.908000
111.881000 53.323000 50.195000 1.721000
109.672000 52.507000 49.693000 1.908000
110.360000 52.932000 52.336000 0.600000
110.687000 50.410000 51.103000 1.387000
111.531000 51.617000 49.215000 1.387000
109.108000 51.706000 49.514000 1.487000
109.283000 53.010000 50.478000 1.487000
109.653000 53.118000 48.870000 1.487000
111.469000 53.827000 50.943000 0.100000
113.227000 50.072000 50.638000 1.824000
114.625000 49.651000 50.755000 1.908000
115.575000 50.847000 50.634000 1.908000
116.571000 50.944000 51.349000 1.661200
114.972000 48.629000 49.666000 1.908000
114.222000 47.308000 49.757000 1.908000
114.364000 46.529000 48.459000 1.908000
113.385000 45.358000 48.391000 1.908000
113.416000 44.654000 47.062000 1.824000
112.652000 49.728000 49.891000 0.600000
114.762000 49.223000 51.656000 1.387000
114.771000 49.044000 48.776000 1.487000
115.955000 48.437000 49.723000 1.487000
114.602000 46.768000 50.502000 1.487000
113.258000 47.490000 49.922000 1.487000
114.179000 47.138000 47.694000 1.487000
115.289000 46.168000 48.396000 1.487000
113.616000 44.698000 49.112000 1.100000
112.455000 45.701000 48.554000 1.100000
113.190000 45.330000 46.357000 0.600000
114.326000 44.292000 46.909000 0.600000
112.757000 43.927000 47.053000 0.600000
115.257000 51.752000 49.718000 1.824000
116.079000 52.930000 49.499000 1.908000
116.084000 53.812000 50.749000 1.908000
117.131000 54.321000 51.154000 1.661200
115.551000 53.712000 48.293000 1.908000
116.546000 54.571000 47.759000 1.721000
114.427000 51.595000 49.180000 0.600000
117.023000 52.631000 49.333000 1.387000
115.270000 53.065000 47.590000 1.387000
114.772000 54.261000 48.584000 1.387000
116.156000 55.479000 47.664000 0.100000
114.914000 53.983000 51.363000 1.824000
114.794000 54.797000 52.569000 1.908000
115.565000 54.152000 53.716000 1.908000
116.353000 54.806000 54.402000 1.661200
113.323000 54.945000 52.970000 1.908000
112.431000 55.519000 51.880000 1.908000
110.983000 55.658000 52.313000 1.908000
110.384000 54.659000 52.768000 1.661200
110.437000 56.774000 52.195000 1.661200
114.114000 53.531000 50.966000 0.600000
115.158000 55.716000 52.395000 1.387000
112.983000 54.048000 53.193000 1.487000
113.283000 55.556000 53.741000 1.487000
112.761000 56.417000 51.653000 1.487000
112.453000 54.909000 51.109000 1.487000
115.323000 52.863000 53.925000 1.824000
115.991000 52.131000 54.984000 1.908000
117.496000 52.338000 54.844000 1.908000
118.194000 52.633000 55.814000 1.661200
115.643000 50.660000 54.887000 1.908000
114.660000 52.414000 53.323000 0.600000
115.701000 52.494000 55.868000 1.387000
114.655000 50.535000 54.981000 1.487000
115.937000 50.302000 53.997000 1.487000
116.115000 50.156000 55.621000 1.487000
117.982000 52.198000 53.620000 1.824000
119.396000 52.365000 53.328000 1.908000
119.828000 53.799000 53.640000 1.908000
120.924000 54.029000 54.149000 1.661200
119.650000 52.044000 51.857000 1.908000
121.110000 51.952000 51.468000 1.908000
121.289000 51.513000 50.024000 1.908000
117.331000 51.969000 52.888000 0.600000
119.916000 51.754000 53.930000 1.387000
119.212000 51.164000 51.641000 1.487000
119.220000 52.760000 51.294000 1.487000
121.533000 52.849000 51.580000 1.487000
121.562000 51.288000 52.059000 1.487000
120.825000 50.440000 49.625000 1.661200
121.960000 52.342000 49.231000 1.824000
121.802000 51.674000 48.516000 0.600000
122.475000 53.182000 49.025000 0.600000
118.956000 54.755000 53.340000 1.824000
119.244000 56.162000 53.590000 1.908000
119.403000 56.403000 55.087000 1.908000
119.987000 57.405000 55.510000 1.661200
118.121000 57.037000 53.033000 1.908000
118.085000 54.474000 52.931000 0.600000
120.104000 56.404000 53.133000 1.387000
118.042000 56.884000 52.049000 1.487000
117.261000 56.794000 53.479000 1.487000
118.328000 57.995000 53.206000 1.487000
118.874000 55.482000 55.886000 1.824000
118.963000 55.595000 57.329000 1.908000
120.101000 54.729000 57.851000 1.908000
120.287000 54.597000 59.061000 1.661200
117.636000 55.186000 57.981000 1.908000
116.447000 56.131000 57.765000 1.908000
115.193000 55.543000 58.381000 1.908000
116.750000 57.480000 58.389000 1.908000
118.411000 54.707000 55.454000 0.600000
119.157000 56.550000 57.569000 1.387000
117.377000 54.296000 57.613000 1.487000
117.787000 55.119000 58.963000 1.487000
116.312000 56.258000 56.784000 1.487000
114.985000 54.663000 57.954000 1.487000
115.332000 55.408000 59.364000 1.487000
114.422000 56.175000 58.237000 1.487000
116.919000 57.356000 59.371000 1.487000
117.561000 57.875000 57.961000 1.487000
115.968000 58.093000 58.258000 1.487000
120.858000 54.137000 56.931000 1.824000
121.982000 53.308000 57.328000 1.908000
121.741000 51.813000 57.355000 1.908000
122.555000 51.066000 57.891000 1.661200
120.629000 54.281000 55.975000 0.600000
122.779000 53.506000 56.702000 1.387000
122.305000 53.610000 58.261000 1.387000
120.634000 51.359000 56.777000 1.824000
120.349000 49.929000 56.771000 1.908000
121.299000 49.169000 55.857000 1.908000
121.609000 49.616000 54.756000 1.661200
118.900000 49.666000 56.339000 1.908000
118.601000 48.209000 56.134000 1.908000
118.859000 47.191000 57.003000 1.908000
117.997000 47.607000 54.984000 1.908000
118.459000 45.995000 56.470000 1.824000
117.924000 46.218000 55.230000 1.908000
117.506000 48.107000 53.767000 1.908000
117.380000 45.318000 54.305000 1.908000
116.964000 47.210000 52.844000 1.908000
116.908000 45.830000 53.123000 1.908000
120.019000 52.012000 56.358000 0.600000
120.489000 49.585000 57.710000 1.387000
118.290000 49.996000 57.045000 1.487000
118.733000 50.126000 55.478000 1.487000
119.282000 47.301000 57.905000 1.409000
118.542000 45.102000 56.912000 0.600000
117.539000 49.078000 53.560000 1.459000
117.346000 44.338000 54.516000 1.459000
116.616000 47.554000 51.982000 1.459000
116.513000 45.220000 52.436000 1.459000
121.776000 48.027000 56.336000 1.824000
122.665000 47.165000 55.565000 1.908000
122.135000 45.743000 55.723000 1.908000
122.402000 45.077000 56.725000 1.661200
124.125000 47.219000 56.075000 1.908000
124.958000 46.140000 55.377000 1.908000
124.727000 48.595000 55.804000 1.908000
121.499000 47.769000 57.270000 0.600000
122.594000 47.415000 54.610000 1.387000
124.115000 46.997000 57.040000 1.487000
124.603000 45.235000 55.581000 1.487000
124.931000 46.294000 54.385000 1.487000
125.911000 46.201000 55.693000 1.487000
124.733000 48.777000 54.824000 1.487000
124.180000 49.292000 56.271000 1.487000
125.665000 48.622000 56.153000 1.487000
121.366000 45.305000 54.728000 1.824000
120.748000 43.984000 54.704000 1.908000
121.610000 42.849000 55.262000 1.908000
121.153000 42.083000 56.109000 1.661200
120.314000 43.650000 53.268000 1.908000
121.218000 45.948000 53.956000 0.600000
119.881000 44.022000 55.249000 1.387000
119.656000 44.330000 52.956000 1.487000
121.117000 43.659000 52.674000 1.487000
119.897000 42.750000 53.248000 1.487000
122.842000 42.733000 54.774000 1.824000
123.755000 41.677000 55.219000 1.908000
124.066000 41.762000 56.718000 1.908000
124.519000 40.793000 57.327000 1.661200
125.055000 41.722000 54.404000 1.908000
125.613000 43.024000 54.399000 1.721000
123.131000 43.399000 54.083000 0.600000
123.308000 40.786000 55.048000 1.387000
125.708000 41.089000 54.810000 1.387000
124.852000 41.451000 53.467000 1.387000
124.890000 43.674000 54.196000 0.100000
123.813000 42.922000 57.306000 1.824000
124.042000 43.115000 58.728000 1.908000
122.776000 42.796000 59.516000 1.908000
122.836000 42.502000 60.708000 1.661200
124.474000 44.557000 58.999000 1.908000
125.850000 44.907000 58.454000 1.908000
126.966000 44.535000 59.423000 1.908000
127.055000 43.033000 59.676000 1.908000
128.164000 42.699000 60.618000 1.824000
123.458000 43.664000 56.736000 0.600000
124.773000 42.495000 59.031000 1.387000
123.805000 45.167000 58.578000 1.487000
124.482000 44.699000 59.988000 1.487000
125.995000 44.415000 57.592000 1.487000
125.892000 45.893000 58.278000 1.487000
127.838000 44.843000 59.043000 1.487000
126.801000 44.993000 60.296000 1.487000
126.187000 42.718000 60.065000 1.100000
127.213000 42.566000 58.804000 1.100000
129.026000 43.021000 60.222000 0.600000
128.003000 43.153000 61.490000 0.600000
128.204000 41.717000 60.752000 0.600000
121.631000 42.856000 58.843000 1.824000
120.366000 42.579000 59.502000 1.908000
120.121000 43.567000 60.622000 1.908000
119.596000 43.206000 61.679000 1.661200
121.671000 43.097000 57.877000 0.600000
119.617000 42.639000 58.831000 1.387000
120.379000 41.644000 59.876000 1.387000
120.477000 44.825000 60.369000 1.824000
120.360000 45.891000 61.361000 1.908000
119.197000 46.860000 61.172000 1.908000
119.239000 47.969000 61.690000 1.661200
121.655000 46.697000 61.373000 1.908000
121.793000 47.575000 60.147000 1.908000
120.839000 45.022000 59.449000 0.600000
120.221000 45.436000 62.270000 1.387000
121.659000 47.277000 62.181000 1.487000
122.421000 46.063000 61.398000 1.487000
121.176000 47.312000 59.107000 1.661200
122.604000 48.619000 60.256000 1.824000
123.090000 48.787000 61.116000 0.600000
122.733000 49.239000 59.482000 0.600000
118.164000 46.453000 60.445000 1.824000
117.025000 47.335000 60.209000 1.908000
116.426000 47.924000 61.490000 1.908000
116.176000 49.131000 61.570000 1.661200
115.932000 46.595000 59.430000 1.908000
114.667000 47.429000 59.206000 1.908000
115.014000 48.695000 58.416000 1.908000
113.623000 46.598000 58.482000 1.908000
118.190000 45.533000 60.067000 0.600000
117.332000 48.106000 59.622000 1.387000
116.294000 46.361000 58.544000 1.487000
115.675000 45.798000 59.947000 1.487000
114.286000 47.687000 60.088000 1.487000
115.675000 49.238000 58.930000 1.487000
115.406000 48.435000 57.534000 1.487000
114.187000 49.232000 58.267000 1.487000
114.001000 46.298000 57.601000 1.487000
113.388000 45.799000 59.032000 1.487000
112.804000 47.151000 58.325000 1.487000
116.195000 47.076000 62.487000 1.824000
115.616000 47.525000 63.748000 1.908000
116.542000 48.487000 64.494000 1.908000
116.077000 49.387000 65.197000 1.661200
115.284000 46.323000 64.630000 1.908000
116.432000 46.115000 62.343000 0.600000
114.747000 48.005000 63.555000 1.387000
114.629000 45.736000 64.156000 1.487000
116.120000 45.808000 64.817000 1.487000
114.888000 46.639000 65.489000 1.487000
117.847000 48.299000 64.329000 1.824000
118.839000 49.152000 64.982000 1.908000
118.797000 50.570000 64.430000 1.908000
118.798000 51.535000 65.191000 1.661200
120.248000 48.578000 64.790000 1.908000
120.410000 47.198000 65.409000 1.908000
121.331000 46.464000 64.994000 1.661200
119.623000 46.849000 66.314000 1.661200
118.135000 47.544000 63.735000 0.600000
118.588000 49.206000 65.957000 1.387000
120.422000 48.512000 63.815000 1.487000
120.893000 49.198000 65.219000 1.487000
118.755000 50.697000 63.107000 1.824000
118.729000 52.012000 62.474000 1.908000
117.329000 52.594000 62.285000 1.908000
117.169000 53.806000 62.143000 1.661200
119.440000 51.978000 61.104000 1.908000
120.887000 51.532000 61.287000 1.908000
118.707000 51.042000 60.153000 1.908000
118.742000 49.862000 62.560000 0.600000
119.254000 52.656000 63.067000 1.387000
119.464000 52.905000 60.754000 1.487000
121.386000 52.169000 61.864000 1.487000
120.902000 50.619000 61.709000 1.487000
121.336000 51.482000 60.383000 1.487000
118.701000 50.116000 60.521000 1.487000
117.764000 51.361000 60.035000 1.487000
119.170000 51.043000 59.262000 1.487000
116.317000 51.734000 62.272000 1.824000
114.942000 52.190000 62.104000 1.908000
114.016000 51.344000 62.964000 1.908000
113.291000 50.481000 62.464000 1.661200
114.531000 52.105000 60.633000 1.908000
116.528000 50.765000 62.381000 0.600000
114.878000 53.144000 62.404000 1.387000
115.141000 52.680000 60.089000 1.487000
114.601000 51.158000 60.325000 1.487000
113.594000 52.421000 60.530000 1.487000
114.029000 51.588000 64.282000 1.824000
113.201000 50.863000 65.252000 1.908000
111.720000 50.826000 64.877000 1.908000
111.136000 51.849000 64.528000 1.661200
113.447000 51.628000 66.551000 1.908000
114.830000 52.173000 66.368000 1.908000
114.799000 52.654000 64.950000 1.908000
113.557000 49.920000 65.388000 1.387000
112.785000 52.366000 66.660000 1.487000
113.406000 51.017000 67.337000 1.487000
114.996000 52.921000 67.000000 1.487000
115.506000 51.456000 66.491000 1.487000
114.329000 53.528000 64.867000 1.387000
115.714000 52.719000 64.562000 1.387000
111.123000 49.639000 64.951000 1.824000
109.710000 49.486000 64.633000 1.908000
109.364000 49.540000 63.155000 1.908000
108.195000 49.442000 62.778000 1.661200
111.677000 48.858000 65.231000 0.600000
109.376000 48.596000 65.021000 1.387000
109.177000 50.212000 65.126000 1.387000
110.368000 49.696000 62.305000 1.824000
110.116000 49.756000 60.873000 1.908000
110.274000 48.397000 60.199000 1.908000
110.931000 47.491000 60.718000 1.661200
111.065000 50.755000 60.202000 1.908000
110.967000 52.177000 60.727000 1.908000
109.539000 52.692000 60.667000 1.908000
109.465000 54.173000 61.024000 1.908000
108.054000 54.642000 61.067000 1.824000
111.288000 49.770000 62.672000 0.600000
109.169000 50.082000 60.720000 1.387000
112.003000 50.432000 60.339000 1.487000
110.860000 50.765000 59.221000 1.487000
111.278000 52.197000 61.677000 1.487000
111.549000 52.772000 60.173000 1.487000
109.191000 52.573000 59.743000 1.487000
108.983000 52.184000 61.316000 1.487000
109.887000 54.310000 61.920000 1.100000
109.967000 54.697000 60.336000 1.100000
107.635000 54.500000 60.169000 0.600000
107.553000 54.123000 61.756000 0.600000
108.031000 55.613000 61.297000 0.600000
109.642000 48.269000 59.041000 1.824000
109.719000 47.057000 58.229000 1.908000
109.833000 47.525000 56.793000 1.908000
109.353000 48.604000 56.454000 1.661200
108.458000 46.207000 58.381000 1.908000
108.396000 45.572000 59.645000 1.721000
109.091000 49.055000 58.729000 0.600000
110.550000 46.578000 58.467000 1.387000
107.658000 46.797000 58.275000 1.387000
108.455000 45.508000 57.667000 1.387000
107.834000 46.127000 60.247000 0.100000
110.492000 46.733000 55.958000 1.824000
110.615000 47.077000 54.556000 1.908000
109.271000 46.807000 53.875000 1.908000
108.656000 45.763000 54.098000 1.661200
111.702000 46.239000 53.854000 1.908000
113.086000 46.783000 54.210000 1.908000
111.494000 46.259000 52.344000 1.908000
113.736000 46.061000 55.352000 1.908000
110.896000 45.900000 56.327000 0.600000
110.758000 48.062000 54.513000 1.387000
111.638000 45.310000 54.194000 1.487000
113.667000 46.713000 53.401000 1.487000
112.986000 47.749000 54.448000 1.487000
111.567000 47.198000 52.013000 1.487000
112.192000 45.690000 51.915000 1.487000
110.590000 45.898000 52.127000 1.487000
113.877000 45.101000 55.106000 1.487000
114.621000 46.482000 55.562000 1.487000
113.140000 46.114000 56.164000 1.487000
108.822000 47.759000 53.061000 1.824000
107.570000 47.609000 52.341000 1.908000
107.310000 48.792000 51.427000 1.908000
107.811000 49.894000 51.673000 1.661200
109.380000 48.584000 52.964000 0.600000
107.597000 46.762000 51.791000 1.387000
106.810000 47.524000 53.001000 1.387000
106.548000 48.570000 50.358000 1.824000
106.225000 49.661000 49.455000 1.908000
106.939000 49.689000 48.118000 1.908000
106.520000 50.404000 47.212000 1.661200
106.216000 47.649000 50.204000 0.600000
105.203000 49.661000 49.286000 1.387000
106.398000 50.558000 49.943000 1.387000
108.016000 48.929000 47.984000 1.824000
108.747000 48.899000 46.727000 1.908000
107.903000 48.236000 45.658000 1.908000
107.026000 47.419000 45.958000 1.661200
110.057000 48.127000 46.877000 1.908000
111.102000 48.898000 47.657000 1.908000
111.586000 49.925000 47.144000 1.661200
111.435000 48.478000 48.779000 1.661200
108.306000 48.385000 48.765000 0.600000
108.892000 49.851000 46.444000 1.387000
109.861000 47.279000 47.356000 1.487000
110.410000 47.939000 45.968000 1.487000
108.168000 48.604000 44.410000 1.824000
107.463000 48.035000 43.275000 1.908000
107.771000 46.537000 43.249000 1.908000
108.907000 46.126000 43.519000 1.661200
107.960000 48.671000 41.946000 1.908000
107.260000 50.009000 41.707000 1.908000
107.748000 47.715000 40.773000 1.908000
107.784000 51.140000 42.550000 1.908000
108.882000 49.299000 44.277000 0.600000
106.493000 48.118000 43.470000 1.387000
108.933000 48.840000 42.040000 1.487000
107.360000 50.247000 40.739000 1.487000
106.284000 49.887000 41.899000 1.487000
106.771000 47.525000 40.684000 1.487000
108.091000 48.145000 39.943000 1.487000
108.238000 46.869000 40.939000 1.487000
108.750000 51.290000 42.331000 1.487000
107.266000 51.973000 42.358000 1.487000
107.693000 50.904000 43.520000 1.487000
106.758000 45.728000 42.954000 1.824000
106.949000 44.284000 42.844000 1.908000
106.818000 43.941000 41.363000 1.908000
105.753000 44.114000 40.760000 1.661200
105.903000 43.506000 43.646000 1.908000
106.098000 42.009000 43.594000 1.908000
107.269000 41.431000 44.087000 1.908000
105.131000 41.184000 43.023000 1.908000
107.475000 40.052000 44.007000 1.908000
105.324000 39.803000 42.937000 1.908000
106.501000 39.233000 43.429000 1.908000
105.860000 46.140000 42.810000 0.600000
107.886000 44.093000 43.101000 1.387000
105.971000 43.788000 44.589000 1.487000
105.016000 43.709000 43.266000 1.487000
107.967000 42.004000 44.502000 1.459000
104.286000 41.584000 42.670000 1.459000
108.325000 39.655000 44.365000 1.459000
104.612000 39.223000 42.518000 1.459000
106.648000 38.252000 43.371000 1.459000
107.902000 43.454000 40.777000 1.824000
107.898000 43.133000 39.360000 1.908000
107.262000 41.817000 38.911000 1.908000
107.259000 41.523000 37.716000 1.661200
109.313000 43.255000 38.811000 1.908000
109.677000 44.622000 38.787000 1.721000
108.715000 43.317000 41.337000 0.600000
107.397000 43.897000 38.868000 1.387000
109.932000 42.764000 39.403000 1.387000
109.333000 42.898000 37.890000 1.387000
110.669000 44.683000 38.773000 0.100000
106.733000 41.040000 39.860000 1.824000
106.042000 39.786000 39.554000 1.908000
106.744000 39.082000 38.391000 1.908000
106.148000 38.823000 37.344000 1.661200
104.588000 40.137000 39.215000 1.908000
103.759000 38.940000 38.822000 1.908000
106.828000 41.351000 40.811000 0.600000
106.136000 39.193000 40.354000 1.387000
104.176000 40.565000 40.019000 1.487000
104.595000 40.788000 38.456000 1.487000
103.797000 37.898000 39.468000 1.661200
102.979000 39.096000 37.765000 1.824000
102.963000 39.965000 37.269000 0.600000
102.397000 38.339000 37.454000 0.600000
108.022000 38.776000 38.601000 1.824000
108.880000 38.171000 37.584000 1.908000
108.567000 36.742000 37.140000 1.908000
109.038000 36.305000 36.088000 1.661200
110.336000 38.271000 38.054000 1.908000
110.761000 39.709000 38.377000 1.908000
111.916000 39.790000 39.380000 1.908000
111.947000 41.105000 40.027000 1.824000
112.545000 42.184000 39.530000 1.908000
113.192000 42.125000 38.377000 1.824000
112.458000 43.339000 40.173000 1.824000
108.394000 38.983000 39.520000 0.600000
108.859000 38.778000 36.744000 1.387000
110.437000 37.732000 38.877000 1.487000
110.922000 37.936000 37.332000 1.487000
111.052000 40.164000 37.533000 1.487000
109.981000 40.203000 38.765000 1.487000
111.777000 39.089000 40.064000 1.387000
112.760000 39.646000 38.885000 1.387000
111.478000 41.197000 40.918000 0.600000
113.227000 41.278000 37.850000 0.600000
113.656000 42.945000 38.022000 0.600000
111.926000 43.400000 41.021000 0.600000
112.920000 44.150000 39.816000 0.600000
107.788000 36.010000 37.931000 1.824000
107.430000 34.645000 37.569000 1.908000
106.050000 34.639000 36.924000 1.908000
105.600000 33.615000 36.416000 1.661200
107.429000 33.742000 38.804000 1.908000
108.808000 33.459000 39.378000 1.908000
109.599000 32.496000 38.526000 1.908000
109.074000 32.072000 37.481000 1.661200
110.743000 32.159000 38.898000 1.661200
107.460000 36.424000 38.775000 0.600000
108.102000 34.277000 36.925000 1.387000
106.901000 34.193000 39.504000 1.487000
107.031000 32.879000 38.544000 1.487000
109.304000 34.305000 39.415000 1.487000
108.695000 33.052000 40.265000 1.487000
105.387000 35.793000 36.959000 1.824000
104.068000 35.923000 36.373000 1.908000
102.983000 35.201000 37.148000 1.908000
101.876000 35.008000 36.645000 1.661200
105.835000 36.568000 37.407000 0.600000
103.826000 36.912000 36.304000 1.387000
104.087000 35.567000 35.417000 1.387000
103.282000 34.813000 38.380000 1.824000
102.302000 34.095000 39.185000 1.908000
101.130000 34.973000 39.616000 1.908000
100.031000 34.472000 39.854000 1.661200
102.989000 33.464000 40.400000 1.908000
103.993000 32.377000 40.027000 1.908000
104.825000 31.940000 41.227000 1.908000
105.924000 30.956000 40.822000 1.908000
106.989000 30.834000 41.871000 1.824000
104.186000 35.025000 38.733000 0.600000
101.939000 33.318000 38.641000 1.387000
103.472000 34.180000 40.892000 1.487000
102.289000 33.058000 40.978000 1.487000
103.496000 31.584000 39.672000 1.487000
104.606000 32.729000 39.319000 1.487000
105.254000 32.741000 41.631000 1.487000
104.231000 31.493000 41.887000 1.487000
105.511000 30.055000 40.669000 1.100000
106.343000 31.272000 39.967000 1.100000
107.385000 31.743000 42.016000 0.600000
106.580000 30.504000 42.714000 0.600000
107.688000 30.209000 41.567000 0.600000
101.359000 36.280000 39.723000 1.824000
100.285000 37.188000 40.097000 1.908000
99.596000 37.641000 38.813000 1.908000
100.229000 37.746000 37.764000 1.661200
100.823000 38.400000 40.858000 1.908000
101.438000 38.153000 42.237000 1.908000
101.673000 39.492000 42.913000 1.908000
100.507000 37.301000 43.086000 1.908000
102.278000 36.609000 39.541000 0.600000
99.624000 36.696000 40.652000 1.387000
101.530000 38.828000 40.291000 1.487000
100.066000 39.044000 40.982000 1.487000
102.303000 37.679000 42.126000 1.487000
102.307000 40.048000 42.380000 1.487000
100.800000 39.981000 43.002000 1.487000
102.060000 39.336000 43.834000 1.487000
99.629000 37.781000 43.176000 1.487000
100.361000 36.420000 42.643000 1.487000
100.908000 37.163000 43.989000 1.487000
98.286000 37.908000 38.880000 1.824000
97.526000 38.341000 37.706000 1.908000
97.978000 39.691000 37.135000 1.908000
97.883000 40.730000 37.799000 1.661200
96.086000 38.362000 38.222000 1.908000
96.260000 38.740000 39.665000 1.908000
97.439000 37.893000 40.085000 1.908000
97.552000 37.626000 36.980000 1.387000
95.546000 39.044000 37.740000 1.487000
95.665000 37.465000 38.138000 1.487000
96.468000 39.706000 39.751000 1.487000
95.450000 38.506000 40.187000 1.487000
97.919000 38.297000 40.858000 1.387000
97.157000 36.963000 40.307000 1.387000
98.468000 39.656000 35.898000 1.824000
98.928000 40.862000 35.241000 1.908000
97.840000 41.542000 34.431000 1.908000
96.881000 40.909000 33.980000 1.661200
98.506000 38.768000 35.442000 0.600000
99.280000 41.513000 35.937000 1.387000
99.707000 40.637000 34.628000 1.387000
97.998000 42.846000 34.236000 1.824000
97.032000 43.627000 33.481000 1.908000
97.631000 44.991000 33.158000 1.908000
98.298000 45.605000 33.997000 1.661200
95.756000 43.787000 34.308000 1.908000
94.622000 44.512000 33.617000 1.908000
93.428000 44.622000 34.557000 1.908000
92.200000 45.176000 33.846000 1.908000
91.772000 44.311000 32.699000 1.824000
98.813000 43.277000 34.631000 0.600000
96.827000 43.155000 32.622000 1.387000
95.436000 42.870000 34.564000 1.487000
95.991000 44.291000 35.146000 1.487000
94.918000 45.428000 33.368000 1.487000
94.347000 44.004000 32.808000 1.487000
93.210000 43.716000 34.907000 1.487000
93.663000 45.234000 35.306000 1.487000
91.444000 45.242000 34.503000 1.100000
92.410000 46.095000 33.500000 1.100000
92.536000 44.251000 32.054000 0.600000
91.544000 43.406000 33.040000 0.600000
90.988000 44.711000 32.253000 0.600000
97.401000 45.461000 31.936000 1.824000
97.921000 46.755000 31.510000 1.908000
97.493000 47.843000 32.489000 1.908000
96.320000 47.949000 32.843000 1.661200
97.410000 47.089000 30.108000 1.908000
97.714000 46.041000 29.202000 1.721000
96.858000 44.895000 31.316000 0.600000
98.924000 46.708000 31.520000 1.387000
96.424000 47.209000 30.145000 1.387000
97.850000 47.924000 29.797000 1.387000
96.876000 45.774000 28.741000 0.100000
98.457000 48.639000 32.936000 1.824000
98.157000 49.707000 33.867000 1.908000
98.250000 49.301000 35.322000 1.908000
98.284000 50.159000 36.203000 1.661200
99.384000 48.476000 32.611000 0.600000
98.793000 50.489000 33.697000 1.387000
97.217000 50.063000 33.679000 1.387000
98.286000 47.997000 35.578000 1.824000
98.365000 47.490000 36.943000 1.908000
99.806000 47.278000 37.387000 1.908000
100.566000 46.553000 36.752000 1.661200
97.599000 46.167000 37.066000 1.908000
97.721000 45.484000 38.431000 1.908000
97.075000 44.093000 38.427000 1.908000
95.614000 44.155000 38.455000 1.824000
94.811000 43.192000 38.008000 1.908000
95.313000 42.083000 37.480000 1.824000
93.499000 43.329000 38.114000 1.824000
98.256000 47.371000 34.798000 0.600000
97.932000 48.160000 37.564000 1.387000
96.633000 46.349000 36.901000 1.487000
97.950000 45.538000 36.378000 1.487000
98.682000 45.376000 38.662000 1.487000
97.259000 46.035000 39.119000 1.487000
97.371000 43.623000 37.600000 1.387000
97.402000 43.605000 39.233000 1.387000
95.186000 44.983000 38.838000 0.600000
96.299000 41.944000 37.428000 0.600000
94.693000 41.373000 37.129000 0.600000
93.115000 44.148000 38.548000 0.600000
92.888000 42.619000 37.764000 0.600000
100.175000 47.927000 38.484000 1.824000
101.514000 47.791000 39.034000 1.908000
101.386000 47.122000 40.392000 1.908000
100.456000 47.388000 41.151000 1.661200
102.209000 49.159000 39.215000 1.908000
101.351000 50.040000 39.938000 1.721000
102.528000 49.781000 37.877000 1.908000
99.495000 48.518000 38.923000 0.600000
102.047000 47.198000 38.439000 1.387000
103.062000 49.021000 39.759000 1.387000
103.161000 49.222000 37.343000 1.487000
101.678000 49.902000 37.340000 1.487000
102.953000 50.709000 38.034000 1.487000
100.414000 49.755000 39.782000 0.100000
102.315000 46.233000 40.688000 1.824000
102.298000 45.545000 41.957000 1.908000
103.370000 46.113000 42.863000 1.908000
104.381000 46.627000 42.394000 1.661200
102.568000 44.058000 41.763000 1.908000
101.457000 43.312000 41.124000 1.908000
101.315000 43.022000 39.801000 1.908000
100.331000 42.733000 41.788000 1.908000
100.171000 42.289000 39.597000 1.824000
99.546000 42.099000 40.802000 1.908000
99.908000 42.690000 43.121000 1.908000
98.353000 41.423000 41.109000 1.908000
98.722000 42.017000 43.427000 1.908000
97.961000 41.394000 42.420000 1.908000
103.025000 46.054000 40.008000 0.600000
101.409000 45.717000 42.393000 1.387000
103.374000 43.951000 41.184000 1.487000
102.735000 43.643000 42.655000 1.487000
101.948000 43.300000 39.079000 1.409000
99.846000 41.949000 38.716000 0.600000
100.434000 43.125000 43.844000 1.459000
97.823000 40.985000 40.378000 1.459000
98.417000 41.982000 44.370000 1.459000
97.118000 40.923000 42.681000 1.459000
103.131000 46.007000 44.164000 1.824000
104.076000 46.446000 45.184000 1.908000
104.037000 45.370000 46.269000 1.908000
103.063000 44.624000 46.370000 1.661200
103.673000 47.810000 45.756000 1.908000
104.065000 48.990000 44.871000 1.908000
103.567000 50.323000 45.432000 1.908000
103.805000 51.427000 44.503000 1.824000
104.984000 52.014000 44.298000 1.908000
106.067000 51.618000 44.957000 1.824000
105.076000 53.014000 43.429000 1.824000
102.245000 45.600000 44.434000 0.600000
104.983000 46.475000 44.798000 1.387000
102.685000 47.822000 45.865000 1.487000
104.121000 47.924000 46.636000 1.487000
105.059000 49.037000 44.801000 1.487000
103.667000 48.871000 43.964000 1.487000
102.591000 50.238000 45.602000 1.387000
104.052000 50.496000 46.283000 1.387000
103.015000 51.773000 43.975000 0.600000
106.018000 50.859000 45.603000 0.600000
106.942000 52.084000 44.804000 0.600000
104.266000 53.308000 42.919000 0.600000
105.951000 53.472000 43.282000 0.600000
105.088000 45.289000 47.075000 1.824000
105.153000 44.285000 48.125000 1.908000
105.612000 44.886000 49.450000 1.908000
106.176000 45.968000 49.477000 1.661200
106.123000 43.173000 47.714000 1.908000
107.562000 43.655000 47.542000 1.908000
108.554000 42.516000 47.511000 1.908000
108.545000 41.722000 48.475000 1.661200
109.339000 42.414000 46.536000 1.661200
105.832000 45.940000 46.936000 0.600000
104.244000 43.861000 48.248000 1.387000
106.121000 42.496000 48.423000 1.487000
105.825000 42.818000 46.850000 1.487000
107.622000 44.131000 46.686000 1.487000
107.785000 44.228000 48.307000 1.487000
105.357000 44.175000 50.544000 1.824000
105.768000 44.625000 51.865000 1.908000
105.980000 43.418000 52.781000 1.908000
105.294000 42.389000 52.646000 1.661200
104.722000 45.572000 52.462000 1.908000
104.866000 43.308000 50.426000 0.600000
106.636000 45.120000 51.787000 1.387000
104.618000 46.361000 51.857000 1.487000
103.851000 45.092000 52.541000 1.487000
105.019000 45.875000 53.358000 1.487000
106.939000 43.556000 53.701000 1.824000
107.289000 42.506000 54.667000 1.908000
106.216000 42.342000 55.732000 1.908000
105.712000 43.320000 56.277000 1.661200
108.621000 42.838000 55.354000 1.908000
109.827000 42.574000 54.466000 1.908000
109.666000 42.572000 53.230000 1.661200
110.943000 42.381000 55.006000 1.661200
107.434000 44.437000 53.712000 0.600000
107.336000 41.639000 54.153000 1.387000
108.608000 43.801000 55.597000 1.487000
108.694000 42.275000 56.168000 1.487000
105.866000 41.098000 56.030000 1.824000
104.860000 40.814000 57.046000 1.908000
105.507000 40.031000 58.195000 1.908000
106.431000 39.259000 57.974000 1.661200
103.683000 40.016000 56.425000 1.908000
102.861000 40.957000 55.547000 1.908000
102.805000 39.383000 57.508000 1.908000
102.246000 42.144000 56.305000 1.908000
106.317000 40.356000 55.532000 0.600000
104.583000 41.694000 57.426000 1.387000
104.068000 39.311000 55.852000 1.487000
103.446000 41.316000 54.823000 1.487000
102.117000 40.437000 55.131000 1.487000
102.428000 40.114000 58.077000 1.487000
102.073000 38.875000 57.068000 1.487000
103.349000 38.774000 58.065000 1.487000
102.992000 42.684000 56.689000 1.487000
101.715000 42.692000 55.669000 1.487000
101.668000 41.815000 57.026000 1.487000
105.027000 40.260000 59.417000 1.824000
105.547000 39.595000 60.612000 1.908000
106.996000 39.919000 60.953000 1.908000
107.604000 39.191000 61.732000 1.661200
105.436000 38.067000 60.503000 1.908000
104.017000 37.594000 60.378000 1.908000
104.273000 40.926000 59.493000 0.600000
104.978000 39.914000 61.399000 1.387000
105.949000 37.778000 59.697000 1.487000
105.842000 37.670000 61.324000 1.487000
103.112000 38.150000 60.993000 1.661200
103.811000 36.544000 59.591000 1.824000
104.582000 36.109000 59.125000 0.600000
102.886000 36.186000 59.464000 0.600000
107.562000 40.977000 60.383000 1.824000
108.950000 41.308000 60.697000 1.908000
109.067000 42.170000 61.943000 1.908000
108.324000 43.131000 62.118000 1.661200
109.638000 42.029000 59.532000 1.908000
111.041000 42.502000 59.871000 1.908000
111.254000 43.705000 60.555000 1.908000
112.153000 41.725000 59.553000 1.908000
112.537000 44.114000 60.913000 1.908000
113.436000 42.123000 59.904000 1.908000
113.624000 43.318000 60.586000 1.908000
114.901000 43.704000 60.943000 1.721000
107.029000 41.520000 59.755000 0.600000
109.449000 40.443000 60.863000 1.387000
109.699000 41.400000 58.767000 1.487000
109.094000 42.823000 59.291000 1.487000
110.472000 44.282000 60.791000 1.459000
112.024000 40.863000 59.063000 1.459000
112.670000 44.975000 61.403000 1.459000
114.222000 41.553000 59.667000 1.459000
115.539000 42.962000 60.742000 0.100000
110.021000 41.819000 62.797000 1.824000
110.262000 42.560000 64.030000 1.908000
111.690000 43.107000 64.051000 1.908000
111.896000 44.318000 64.110000 1.661200
110.040000 41.666000 65.268000 1.908000
110.887000 40.517000 65.183000 1.721000
108.592000 41.206000 65.333000 1.908000
110.578000 41.017000 62.564000 0.600000
109.628000 43.337000 64.067000 1.387000
110.298000 42.193000 66.102000 1.387000
107.961000 41.970000 65.430000 1.487000
108.358000 40.697000 64.491000 1.487000
108.479000 40.577000 66.138000 1.487000
111.659000 40.748000 64.605000 0.100000
112.676000 42.220000 63.980000 1.824000
114.059000 42.668000 63.982000 1.908000
114.977000 41.601000 63.418000 1.908000
114.562000 40.466000 63.210000 1.661200
114.493000 43.018000 65.407000 1.908000
114.390000 41.884000 66.250000 1.721000
112.440000 41.259000 63.927000 0.600000
114.126000 43.481000 63.390000 1.387000
115.438000 43.324000 65.388000 1.387000
113.901000 43.736000 65.755000 1.387000
113.527000 41.431000 66.061000 0.100000
116.229000 41.975000 63.175000 1.824000
117.193000 41.030000 62.642000 1.908000
117.104000 40.897000 61.135000 1.908000
116.780000 41.856000 60.436000 1.661200
116.479000 42.919000 63.370000 0.600000
118.130000 41.326000 62.897000 1.387000
117.043000 40.120000 63.067000 1.387000
117.400000 39.706000 60.630000 1.824000
117.345000 39.458000 59.196000 1.908000
115.904000 39.240000 58.746000 1.908000
115.086000 38.684000 59.486000 1.661200
118.189000 38.237000 58.844000 1.908000
119.631000 38.370000 59.232000 1.908000
120.456000 39.279000 58.582000 1.908000
120.165000 37.589000 60.253000 1.908000
121.794000 39.409000 58.940000 1.908000
121.499000 37.711000 60.620000 1.908000
122.316000 38.624000 59.962000 1.908000
117.663000 38.983000 61.268000 0.600000
117.667000 40.293000 58.739000 1.387000
117.813000 37.459000 59.324000 1.487000
118.145000 38.110000 57.864000 1.487000
120.090000 39.848000 57.851000 1.459000
119.579000 36.932000 60.729000 1.459000
122.376000 40.070000 58.456000 1.459000
121.871000 37.135000 61.363000 1.459000
123.276000 38.719000 60.221000 1.459000
115.605000 39.672000 57.524000 1.824000
114.262000 39.541000 56.969000 1.908000
113.783000 38.102000 56.819000 1.908000
114.558000 37.200000 56.499000 1.661200
114.184000 40.275000 55.629000 1.908000
114.328000 41.796000 55.782000 1.908000
113.815000 42.523000 54.558000 1.908000
114.495000 42.031000 53.380000 1.824000
113.914000 41.814000 52.211000 1.908000
112.616000 42.050000 52.041000 1.824000
114.641000 41.326000 51.224000 1.824000
116.341000 40.096000 56.991000 0.600000
113.610000 40.035000 57.580000 1.387000
114.921000 39.958000 55.053000 1.487000
113.303000 40.095000 55.221000 1.487000
113.802000 42.093000 56.572000 1.487000
115.290000 42.019000 55.903000 1.487000
112.844000 42.351000 54.480000 1.387000
114.000000 43.488000 54.673000 1.387000
115.487000 41.838000 53.452000 0.600000
112.064000 42.414000 52.788000 0.600000
112.189000 41.861000 51.153000 0.600000
115.616000 41.140000 51.344000 0.600000
114.213000 41.136000 50.332000 0.600000
112.493000 37.896000 57.059000 1.824000
111.897000 36.570000 56.974000 1.908000
111.473000 36.255000 55.546000 1.908000
111.944000 36.893000 54.604000 1.661200
110.685000 36.471000 57.913000 1.908000
109.588000 37.480000 57.575000 1.908000
111.936000 38.694000 57.304000 0.600000
112.611000 35.905000 57.223000 1.387000
110.303000 35.555000 57.839000 1.487000
110.994000 36.642000 58.844000 1.487000
109.368000 37.817000 56.412000 1.661200
108.885000 37.949000 58.596000 1.824000
109.091000 37.643000 59.528000 0.600000
108.149000 38.608000 58.440000 0.600000
110.573000 35.285000 55.393000 1.824000
110.084000 34.884000 54.073000 1.908000
108.613000 35.248000 53.838000 1.908000
107.959000 34.660000 52.967000 1.661200
110.234000 33.379000 53.910000 1.908000
109.367000 32.717000 54.816000 1.721000
110.237000 34.832000 56.222000 0.600000
110.635000 35.370000 53.375000 1.387000
109.988000 33.127000 52.985000 1.387000
111.169000 33.123000 54.113000 1.387000
108.581000 32.383000 54.309000 0.100000
108.098000 36.200000 54.614000 1.824000
106.702000 36.614000 54.500000 1.908000
106.506000 37.973000 53.844000 1.908000
107.131000 38.956000 54.241000 1.661200
106.041000 36.633000 55.878000 1.908000
106.000000 35.263000 56.522000 1.908000
106.013000 34.263000 55.779000 1.661200
105.938000 35.185000 57.765000 1.661200
108.706000 36.627000 55.286000 0.600000
106.236000 35.928000 53.907000 1.387000
106.563000 37.245000 56.461000 1.487000
105.112000 36.964000 55.769000 1.487000
105.603000 38.026000 52.866000 1.824000
105.317000 39.268000 52.140000 1.908000
103.847000 39.427000 51.788000 1.908000
103.129000 38.440000 51.594000 1.661200
106.106000 39.314000 50.829000 1.908000
107.568000 38.958000 50.954000 1.908000
108.385000 40.091000 51.517000 1.908000
109.805000 39.751000 51.506000 1.824000
110.451000 39.171000 52.516000 1.908000
109.813000 38.863000 53.641000 1.824000
111.740000 38.887000 52.393000 1.824000
105.118000 37.179000 52.638000 0.600000
105.599000 40.051000 52.722000 1.387000
105.680000 38.673000 50.190000 1.487000
106.040000 40.242000 50.461000 1.487000
107.668000 38.166000 51.560000 1.487000
107.933000 38.727000 50.050000 1.487000
108.238000 40.896000 50.957000 1.387000
108.095000 40.254000 52.452000 1.387000
110.335000 39.970000 50.676000 0.600000
108.837000 39.043000 53.738000 0.600000
110.319000 38.443000 54.400000 0.600000
112.218000 39.091000 51.536000 0.600000
112.238000 38.469000 53.152000 0.600000
103.397000 40.675000 51.718000 1.824000
102.027000 40.950000 51.311000 1.908000
102.181000 41.608000 49.946000 1.908000
103.104000 42.393000 49.728000 1.661200
101.260000 41.891000 52.300000 1.908000
99.847000 42.157000 51.763000 1.908000
102.006000 43.212000 52.495000 1.908000
98.838000 42.588000 52.838000 1.908000
104.025000 41.411000 51.952000 0.600000
101.601000 40.080000 51.156000 1.387000
101.182000 41.414000 53.161000 1.487000
99.898000 42.874000 51.072000 1.487000
99.509000 41.321000 51.336000 1.487000
102.076000 43.671000 51.610000 1.487000
101.496000 43.776000 53.136000 1.487000
102.911000 43.034000 52.852000 1.487000
99.163000 43.443000 53.238000 1.487000
97.951000 42.722000 52.412000 1.487000
98.776000 41.898000 53.532000 1.487000
101.312000 41.247000 49.013000 1.824000
101.378000 41.804000 47.675000 1.908000
100.092000 42.538000 47.372000 1.908000
99.002000 41.977000 47.514000 1.661200
101.575000 40.703000 46.634000 1.908000
102.770000 39.766000 46.728000 1.908000
104.053000 40.569000 46.691000 1.908000
102.670000 38.930000 47.995000 1.908000
100.612000 40.579000 49.262000 0.600000
102.138000 42.457000 47.635000 1.387000
100.741000 40.124000 46.645000 1.487000
101.617000 41.150000 45.725000 1.487000
102.750000 39.133000 45.957000 1.487000
104.118000 41.080000 45.834000 1.487000
104.070000 41.214000 47.460000 1.487000
104.842000 39.941000 46.766000 1.487000
102.649000 39.544000 48.788000 1.487000
101.834000 38.387000 47.973000 1.487000
103.463000 38.325000 48.061000 1.487000
100.226000 43.791000 46.948000 1.824000
99.070000 44.607000 46.621000 1.908000
99.244000 45.330000 45.296000 1.908000
100.337000 45.805000 44.955000 1.661200
98.770000 45.601000 47.745000 1.908000
99.893000 46.545000 48.102000 1.908000
100.986000 46.113000 48.857000 1.908000
99.841000 47.885000 47.717000 1.908000
102.000000 47.002000 49.228000 1.908000
100.843000 48.778000 48.079000 1.908000
101.920000 48.331000 48.834000 1.908000
102.909000 49.216000 49.175000 1.721000
101.155000 44.153000 46.862000 0.600000
98.264000 44.000000 46.544000 1.387000
97.974000 46.150000 47.471000 1.487000
98.530000 45.077000 48.568000 1.487000
101.048000 45.157000 49.138000 1.459000
99.070000 48.208000 47.171000 1.459000
102.773000 46.680000 49.770000 1.459000
100.790000 49.735000 47.799000 1.459000
103.615000 49.221000 48.465000 0.100000
98.146000 45.389000 44.548000 1.824000
98.118000 46.001000 43.226000 1.908000
97.541000 47.408000 43.256000 1.908000
96.912000 47.811000 44.231000 1.661200
97.262000 45.144000 42.294000 1.908000
95.908000 45.169000 42.726000 1.721000
97.307000 44.982000 44.939000 0.600000
99.071000 46.063000 42.890000 1.387000
97.315000 45.513000 41.377000 1.387000
97.592000 44.211000 42.322000 1.387000
95.351000 45.518000 41.982000 0.100000
97.742000 48.143000 42.164000 1.824000
97.231000 49.506000 42.058000 1.908000
95.703000 49.539000 42.102000 1.908000
95.112000 50.557000 42.466000 1.661200
97.747000 50.161000 40.776000 1.908000
98.008000 49.189000 39.781000 1.721000
98.258000 47.728000 41.415000 0.600000
97.572000 50.031000 42.848000 1.387000
97.057000 50.794000 40.439000 1.387000
98.590000 50.649000 40.983000 1.387000
97.620000 48.324000 40.078000 0.100000
95.068000 48.425000 41.740000 1.824000
93.611000 48.347000 41.768000 1.908000
93.165000 47.584000 43.011000 1.908000
92.046000 47.086000 43.095000 1.661200
93.061000 47.703000 40.485000 1.908000
93.736000 46.391000 40.140000 1.908000
94.727000 46.032000 40.807000 1.661200
93.274000 45.720000 39.189000 1.661200
95.621000 47.649000 41.450000 0.600000
93.264000 49.282000 41.857000 1.387000
92.089000 47.539000 40.620000 1.487000
93.202000 48.344000 39.739000 1.487000
94.088000 47.499000 43.964000 1.824000
93.891000 46.883000 45.268000 1.908000
93.575000 45.401000 45.429000 1.908000
92.730000 45.013000 46.232000 1.661200
92.893000 47.736000 46.051000 1.908000
93.347000 49.158000 46.037000 1.908000
92.813000 50.182000 45.309000 1.908000
94.535000 49.682000 46.651000 1.908000
93.596000 51.305000 45.423000 1.824000
94.659000 51.026000 46.240000 1.908000
95.507000 49.142000 47.503000 1.908000
95.718000 51.840000 46.652000 1.908000
96.560000 49.951000 47.911000 1.908000
96.656000 51.287000 47.484000 1.908000
95.001000 47.908000 43.734000 0.600000
94.768000 47.064000 45.822000 1.387000
92.024000 47.696000 45.610000 1.487000
92.876000 47.437000 46.979000 1.487000
91.974000 50.126000 44.770000 1.409000
93.420000 52.184000 44.982000 0.600000
95.449000 48.198000 47.814000 1.459000
95.774000 52.792000 46.340000 1.459000
97.255000 49.575000 48.514000 1.459000
97.429000 51.836000 47.801000 1.459000
94.264000 44.568000 44.668000 1.824000
94.102000 43.135000 44.810000 1.908000
95.175000 42.804000 45.862000 1.908000
96.265000 43.390000 45.836000 1.661200
94.399000 42.440000 43.481000 1.908000
93.255000 42.272000 42.470000 1.908000
92.306000 43.448000 42.508000 1.908000
93.851000 42.101000 41.086000 1.908000
94.893000 44.955000 43.999000 0.600000
93.231000 42.941000 45.195000 1.387000
95.125000 42.961000 43.018000 1.487000
94.747000 41.520000 43.687000 1.487000
92.757000 41.428000 42.689000 1.487000
91.916000 43.530000 43.429000 1.487000
92.799000 44.289000 42.284000 1.487000
91.567000 43.304000 41.843000 1.487000
94.396000 42.909000 40.854000 1.487000
94.438000 41.291000 41.069000 1.487000
93.111000 41.993000 40.414000 1.487000
94.872000 41.904000 46.797000 1.824000
95.843000 41.563000 47.834000 1.908000
96.174000 40.077000 47.881000 1.908000
95.284000 39.231000 47.987000 1.661200
95.353000 41.961000 49.250000 1.908000
94.786000 43.384000 49.254000 1.908000
96.504000 41.847000 50.242000 1.908000
95.758000 44.459000 48.850000 1.908000
93.977000 41.479000 46.766000 0.600000
96.700000 42.042000 47.586000 1.387000
94.622000 41.335000 49.504000 1.487000
93.995000 43.407000 48.635000 1.487000
94.452000 43.581000 50.182000 1.487000
97.234000 42.475000 49.982000 1.487000
96.167000 42.074000 51.154000 1.487000
96.854000 40.911000 50.240000 1.487000
96.060000 44.280000 47.910000 1.487000
95.313000 45.351000 48.893000 1.487000
96.546000 44.446000 49.463000 1.487000
97.463000 39.774000 47.801000 1.824000
97.950000 38.403000 47.860000 1.908000
99.010000 38.322000 48.946000 1.908000
99.493000 39.352000 49.448000 1.661200
98.574000 37.979000 46.533000 1.908000
97.574000 37.676000 45.446000 1.908000
97.242000 36.358000 45.120000 1.908000
96.967000 38.706000 44.732000 1.908000
96.326000 36.075000 44.101000 1.908000
96.054000 38.438000 43.718000 1.908000
95.737000 37.120000 43.409000 1.908000
94.821000 36.876000 42.423000 1.721000
98.109000 40.541000 47.695000 0.600000
97.192000 37.808000 48.117000 1.387000
99.167000 38.718000 46.216000 1.487000
99.120000 37.157000 46.693000 1.487000
97.664000 35.603000 45.620000 1.459000
97.190000 39.654000 44.952000 1.459000
96.102000 35.128000 43.880000 1.459000
95.628000 39.187000 43.213000 1.459000
94.478000 35.939000 42.506000 0.100000
99.378000 37.095000 49.298000 1.824000
100.386000 36.885000 50.322000 1.908000
101.207000 35.656000 50.003000 1.908000
100.748000 34.750000 49.306000 1.661200
99.733000 36.695000 51.692000 1.908000
98.920000 35.400000 51.816000 1.908000
98.558000 35.120000 53.262000 1.908000
97.781000 33.815000 53.408000 1.908000
97.546000 33.477000 54.843000 1.824000
98.939000 36.328000 48.837000 0.600000
100.995000 37.686000 50.350000 1.387000
100.450000 36.676000 52.383000 1.487000
99.119000 37.462000 51.857000 1.487000
98.084000 35.496000 51.281000 1.487000
99.465000 34.644000 51.461000 1.487000
99.394000 35.049000 53.798000 1.487000
97.991000 35.863000 53.606000 1.487000
96.899000 33.910000 52.944000 1.100000
98.303000 33.077000 52.978000 1.100000
98.432000 33.388000 55.300000 0.600000
97.018000 34.206000 55.271000 0.600000
97.049000 32.620000 54.907000 0.600000
102.429000 35.639000 50.518000 1.824000
103.318000 34.506000 50.349000 1.908000
104.074000 34.323000 51.650000 1.908000
104.437000 35.309000 52.306000 1.661200
104.333000 34.717000 49.218000 1.908000
105.087000 33.512000 49.041000 1.721000
105.279000 35.870000 49.544000 1.908000
102.721000 36.450000 51.036000 0.600000
102.772000 33.690000 50.182000 1.387000
103.830000 34.907000 48.353000 1.387000
104.788000 36.731000 49.641000 1.487000
105.767000 35.674000 50.405000 1.487000
105.964000 35.961000 48.792000 1.487000
104.541000 32.887000 48.499000 0.100000
104.293000 33.065000 52.027000 1.824000
105.015000 32.744000 53.252000 1.908000
106.168000 31.803000 52.949000 1.908000
106.877000 31.357000 53.856000 1.661200
104.092000 32.092000 54.314000 1.908000
103.363000 31.004000 53.731000 1.721000
103.119000 33.113000 54.869000 1.908000
103.940000 32.338000 51.433000 0.600000
105.390000 33.594000 53.634000 1.387000
104.674000 31.721000 55.066000 1.387000
103.586000 33.862000 55.334000 1.487000
102.560000 33.498000 54.118000 1.487000
102.491000 32.645000 55.538000 1.487000
103.701000 30.163000 54.130000 0.100000
106.357000 31.518000 51.664000 1.824000
107.422000 30.628000 51.218000 1.908000
108.366000 31.312000 50.227000 1.908000
108.815000 30.705000 49.249000 1.661200
106.829000 29.358000 50.589000 1.908000
105.839000 29.654000 49.464000 1.908000
105.846000 30.782000 48.913000 1.661200
105.062000 28.737000 49.117000 1.661200
105.732000 31.942000 51.002000 0.600000
107.974000 30.389000 52.030000 1.387000
107.578000 28.821000 50.218000 1.487000
106.357000 28.854000 51.302000 1.487000
108.665000 32.578000 50.507000 1.824000
109.560000 33.403000 49.693000 1.908000
109.205000 33.440000 48.198000 1.908000
110.009000 33.064000 47.345000 1.661200
111.018000 32.947000 49.866000 1.908000
112.023000 34.041000 49.662000 1.908000
111.765000 35.359000 49.974000 1.824000
113.275000 34.017000 49.141000 1.908000
112.813000 36.101000 49.656000 1.908000
113.743000 35.310000 49.148000 1.824000
108.234000 32.972000 51.338000 0.600000
109.521000 34.358000 50.046000 1.387000
111.135000 32.578000 50.794000 1.487000
111.209000 32.215000 49.204000 1.487000
113.764000 33.214000 48.814000 1.409000
112.889000 37.085000 49.776000 1.359000
114.643000 35.604000 48.823000 0.600000
107.993000 33.895000 47.898000 1.824000
107.510000 34.025000 46.521000 1.908000
107.360000 32.732000 45.724000 1.908000
107.291000 32.770000 44.502000 1.661200
108.403000 34.990000 45.732000 1.908000
108.803000 36.240000 46.499000 1.908000
110.021000 36.301000 47.190000 1.908000
107.961000 37.359000 46.543000 1.908000
110.391000 37.451000 47.906000 1.908000
108.320000 38.506000 47.254000 1.908000
109.537000 38.546000 47.932000 1.908000
109.901000 39.681000 48.623000 1.721000
107.397000 34.156000 48.670000 0.600000
106.587000 34.481000 46.556000 1.387000
109.236000 34.505000 45.474000 1.487000
107.909000 35.275000 44.914000 1.487000
110.638000 35.517000 47.176000 1.459000
107.092000 37.336000 46.058000 1.459000
111.263000 37.476000 48.390000 1.459000
107.708000 39.293000 47.277000 1.459000
109.262000 40.420000 48.409000 0.100000
107.315000 31.588000 46.402000 1.824000
107.133000 30.321000 45.707000 1.908000
105.668000 30.175000 45.300000 1.908000
105.357000 29.858000 44.154000 1.661200
107.536000 29.159000 46.606000 1.908000
108.975000 28.728000 46.443000 1.908000
109.408000 27.736000 47.506000 1.908000
109.325000 26.517000 47.315000 1.661200
109.889000 28.252000 48.629000 1.824000
107.410000 31.628000 47.391000 0.600000
107.681000 30.342000 44.871000 1.387000
107.395000 29.428000 47.562000 1.487000
106.947000 28.373000 46.399000 1.487000
109.086000 28.299000 45.547000 1.487000
109.565000 29.534000 46.503000 1.487000
110.006000 27.312000 48.929000 0.600000
110.153000 29.007000 49.242000 0.600000
104.770000 30.421000 46.247000 1.824000
103.341000 30.315000 45.996000 1.908000
102.657000 31.511000 46.636000 1.908000
103.192000 32.121000 47.567000 1.661200
102.751000 29.021000 46.601000 1.908000
102.943000 29.030000 48.020000 1.721000
103.445000 27.783000 46.016000 1.908000
105.115000 30.685000 47.152000 0.600000
103.185000 30.350000 45.012000 1.387000
101.750000 29.001000 46.414000 1.387000
103.308000 27.723000 45.033000 1.487000
104.433000 27.831000 46.210000 1.487000
103.065000 26.951000 46.455000 1.487000
103.903000 28.861000 48.199000 0.100000
101.477000 31.850000 46.132000 1.824000
100.737000 32.990000 46.648000 1.908000
99.306000 32.608000 46.957000 1.908000
98.791000 31.625000 46.436000 1.661200
100.733000 34.126000 45.622000 1.908000
102.099000 34.633000 45.265000 1.908000
102.648000 35.720000 45.937000 1.908000
102.835000 34.030000 44.244000 1.908000
103.909000 36.204000 45.596000 1.908000
104.100000 34.508000 43.895000 1.908000
104.639000 35.600000 44.574000 1.908000
101.114000 31.294000 45.384000 0.600000
101.167000 33.249000 47.521000 1.387000
100.306000 33.785000 44.797000 1.487000
100.217000 34.878000 46.007000 1.487000
102.140000 36.159000 46.670000 1.459000
102.453000 33.246000 43.757000 1.459000
104.288000 36.994000 46.092000 1.459000
104.616000 34.061000 43.152000 1.459000
105.540000 35.948000 44.333000 1.459000
98.666000 33.406000 47.803000 1.824000
97.278000 33.173000 48.165000 1.908000
96.535000 34.487000 48.171000 1.908000
96.950000 35.439000 48.823000 1.661200
97.134000 32.566000 49.556000 1.908000
97.852000 31.334000 49.614000 1.721000
95.662000 32.331000 49.870000 1.908000
99.176000 34.179000 48.186000 0.600000
96.865000 32.573000 47.476000 1.387000
97.542000 33.204000 50.243000 1.387000
95.140000 33.178000 49.888000 1.487000
95.260000 31.717000 49.173000 1.487000
95.587000 31.875000 50.790000 1.487000
98.304000 31.200000 48.741000 0.100000
95.430000 34.525000 47.439000 1.824000
94.606000 35.712000 47.353000 1.908000
93.878000 35.864000 48.677000 1.908000
93.206000 34.935000 49.140000 1.661200
93.602000 35.557000 46.213000 1.908000
92.777000 36.799000 45.906000 1.908000
91.901000 36.565000 44.684000 1.908000
91.019000 37.754000 44.370000 1.908000
91.815000 38.962000 44.025000 1.824000
95.182000 33.687000 46.939000 0.600000
95.187000 36.509000 47.212000 1.387000
94.106000 35.304000 45.384000 1.487000
92.972000 34.813000 46.450000 1.487000
92.194000 37.004000 46.687000 1.487000
93.390000 37.561000 45.724000 1.487000
92.491000 36.387000 43.897000 1.487000
91.319000 35.771000 44.854000 1.487000
90.421000 37.523000 43.596000 1.100000
90.445000 37.957000 45.170000 1.100000
92.408000 39.188000 44.801000 0.600000
92.373000 38.774000 43.221000 0.600000
91.203000 39.724000 43.839000 0.600000
94.019000 37.029000 49.298000 1.824000
93.353000 37.260000 50.562000 1.908000
92.337000 38.383000 50.465000 1.908000
91.492000 38.534000 51.340000 1.661200
94.368000 37.524000 51.707000 1.908000
95.358000 38.623000 51.328000 1.908000
95.126000 36.250000 52.010000 1.908000
96.271000 39.026000 52.492000 1.908000
94.587000 37.721000 48.871000 0.600000
92.834000 36.420000 50.770000 1.387000
93.851000 37.829000 52.502000 1.487000
95.925000 38.302000 50.579000 1.487000
94.848000 39.426000 51.040000 1.487000
95.645000 35.959000 51.209000 1.487000
95.751000 36.414000 52.775000 1.487000
94.473000 35.526000 52.265000 1.487000
96.814000 38.236000 52.761000 1.487000
96.867000 39.767000 52.195000 1.487000
95.722000 39.327000 53.256000 1.487000
92.418000 39.162000 49.391000 1.824000
91.462000 40.239000 49.157000 1.908000
91.220000 40.369000 47.655000 1.908000
92.205000 40.313000 46.882000 1.661200
91.983000 41.570000 49.707000 1.908000
92.174000 41.608000 51.219000 1.908000
90.853000 41.539000 51.980000 1.908000
91.065000 41.776000 53.404000 1.824000
91.698000 40.936000 54.224000 1.908000
91.856000 41.241000 55.510000 1.824000
92.160000 39.783000 53.768000 1.824000
90.049000 40.543000 47.265000 1.661200
93.161000 38.985000 48.745000 0.600000
90.597000 40.010000 49.602000 1.387000
92.866000 41.759000 49.281000 1.487000
91.331000 42.285000 49.462000 1.487000
92.735000 40.830000 51.503000 1.487000
92.633000 42.460000 51.474000 1.487000
90.251000 42.236000 51.614000 1.387000
90.471000 40.634000 51.847000 1.387000
90.709000 42.633000 53.798000 0.600000
91.488000 42.088000 55.882000 0.600000
92.352000 40.607000 56.112000 0.600000
92.014000 39.536000 52.805000 0.600000
92.650000 39.159000 54.373000 0.600000
