0 2.638223522987e+01
1 4.538849616999e+00
2 3.464616368550e+00
3 1.343524172795e+01
4 3.956276628338e+00
5 3.592623357639e+00
6 1.183175599010e+01
7 1.241671363287e+01
8 1.090686492426e+01
9 0.000000000000e+00
10 0.000000000000e+00
11 0.000000000000e+00
12 1.109723786464e+01
13 0.000000000000e+00
14 0.000000000000e+00
15 1.091484181306e+01
16 7.566332453977e-01
17 1.300880998712e+00
18 3.598846314285e+00
19 1.671574245869e+01
20 2.314590761516e+01
21 0.000000000000e+00
22 4.258385760140e+00
23 9.514885805547e+00
24 9.174549790321e+00
25 1.159315754801e+01
26 4.625016913090e+00
27 0.000000000000e+00
28 0.000000000000e+00
29 5.557808693399e+00
30 0.000000000000e+00
31 0.000000000000e+00
32 1.065826352465e+01
33 0.000000000000e+00
34 1.113580744731e+00
35 1.653234906867e+00
36 0.000000000000e+00
37 0.000000000000e+00
38 9.480264411759e+00
39 3.135902012990e+00
40 0.000000000000e+00
41 1.018511674016e+01
42 0.000000000000e+00
43 1.408472723581e+01
44 6.780682227552e+00
45 0.000000000000e+00
46 0.000000000000e+00
47 0.000000000000e+00
48 0.000000000000e+00
49 0.000000000000e+00
50 7.262947061361e-01
51 0.000000000000e+00
52 4.345870337529e+00
53 0.000000000000e+00
54 4.613055549396e+00
55 0.000000000000e+00
56 5.968296011521e+00
57 6.310920816200e+00
58 3.388258000725e+00
59 2.296461730503e+00
60 0.000000000000e+00
61 4.512782874957e+00
62 1.186721135757e+01
63 9.039895926009e+00
64 0.000000000000e+00
65 0.000000000000e+00
66 0.000000000000e+00
67 0.000000000000e+00
68 0.000000000000e+00
69 0.000000000000e+00
70 0.000000000000e+00
71 0.000000000000e+00
72 0.000000000000e+00
73 0.000000000000e+00
74 1.304382636314e+01
75 8.736827334586e+00
76 0.000000000000e+00
77 0.000000000000e+00
78 0.000000000000e+00
79 0.000000000000e+00
80 0.000000000000e+00
81 0.000000000000e+00
82 4.988267278667e-01
83 1.222134051906e+01
84 3.371309929103e+00
85 0.000000000000e+00
86 0.000000000000e+00
87 1.145745259238e+01
88 1.114184642999e+01
89 7.963278264232e+00
90 1.201642920524e+01
91 0.000000000000e+00
92 3.361426480437e+00
93 0.000000000000e+00
94 0.000000000000e+00
95 0.000000000000e+00
96 4.825146420939e-01
97 0.000000000000e+00
98 0.000000000000e+00
99 7.657178821779e-01
100 0.000000000000e+00
101 3.181592582910e-01
102 0.000000000000e+00
103 0.000000000000e+00
104 0.000000000000e+00
105 9.984340144687e+00
106 5.687721926763e+00
107 0.000000000000e+00
108 1.281115908136e+01
109 0.000000000000e+00
110 8.312651983170e+00
111 0.000000000000e+00
112 2.723601385788e+00
113 0.000000000000e+00
114 0.000000000000e+00
115 0.000000000000e+00
116 1.535126170859e+00
117 6.026660018541e+00
118 1.349385862665e+01
119 2.064848776390e+01
120 0.000000000000e+00
121 0.000000000000e+00
122 1.064820450880e+01
123 9.666814891278e+00
124 3.684754916303e+00
125 3.412187430575e+00
126 0.000000000000e+00
127 6.038018106371e+00
128 0.000000000000e+00
129 9.408966394063e+00
130 4.365048213832e+00
131 0.000000000000e+00
132 0.000000000000e+00
133 0.000000000000e+00
134 0.000000000000e+00
135 0.000000000000e+00
136 0.000000000000e+00
137 0.000000000000e+00
138 0.000000000000e+00
139 0.000000000000e+00
140 0.000000000000e+00
141 0.000000000000e+00
142 0.000000000000e+00
143 0.000000000000e+00
144 0.000000000000e+00
145 0.000000000000e+00
146 0.000000000000e+00
147 0.000000000000e+00
148 0.000000000000e+00
149 0.000000000000e+00
150 0.000000000000e+00
151 0.000000000000e+00
152 0.000000000000e+00
153 0.000000000000e+00
154 0.000000000000e+00
155 0.000000000000e+00
156 0.000000000000e+00
157 0.000000000000e+00
158 0.000000000000e+00
159 1.843249998040e+00
160 0.000000000000e+00
161 7.418673612785e-01
162 3.967171350010e+00
163 6.854680188971e+00
164 2.012685338397e+01
165 0.000000000000e+00
166 4.942389879385e+00
167 4.581438265861e+00
168 1.251973594025e+01
169 1.989344060752e+00
170 5.508907888658e-01
171 0.000000000000e+00
172 0.000000000000e+00
173 0.000000000000e+00
174 0.000000000000e+00
175 0.000000000000e+00
176 0.000000000000e+00
177 0.000000000000e+00
178 3.599877955709e+00
179 0.000000000000e+00
180 1.830174529301e+01
181 0.000000000000e+00
182 2.586667326932e+00
183 1.542545791160e+00
184 0.000000000000e+00
185 0.000000000000e+00
186 1.045222153567e+01
187 0.000000000000e+00
188 1.283217676233e+01
189 0.000000000000e+00
190 0.000000000000e+00
191 0.000000000000e+00
192 0.000000000000e+00
193 0.000000000000e+00
194 0.000000000000e+00
195 0.000000000000e+00
196 0.000000000000e+00
197 0.000000000000e+00
198 0.000000000000e+00
199 0.000000000000e+00
200 0.000000000000e+00
201 0.000000000000e+00
202 0.000000000000e+00
203 0.000000000000e+00
204 0.000000000000e+00
205 0.000000000000e+00
206 0.000000000000e+00
207 0.000000000000e+00
208 0.000000000000e+00
209 0.000000000000e+00
210 0.000000000000e+00
211 1.699089474632e+00
212 1.174041791770e+01
213 0.000000000000e+00
214 0.000000000000e+00
215 1.735099827270e+00
216 1.810782074375e+01
217 1.011666761264e+01
218 0.000000000000e+00
219 0.000000000000e+00
220 3.421769138143e+00
221 1.023574630104e+01
222 5.993946642103e+00
223 0.000000000000e+00
224 0.000000000000e+00
225 0.000000000000e+00
226 0.000000000000e+00
227 0.000000000000e+00
228 0.000000000000e+00
229 1.611790212447e+01
230 0.000000000000e+00
231 1.902232062313e+01
232 3.227008679597e+00
233 0.000000000000e+00
234 6.618460903875e+00
235 0.000000000000e+00
236 2.598780618377e+00
237 1.071840596353e+01
238 9.176788171305e+00
239 0.000000000000e+00
240 0.000000000000e+00
241 0.000000000000e+00
242 2.673395904451e+00
243 1.108846128578e+01
244 0.000000000000e+00
245 0.000000000000e+00
246 7.229256284800e+00
247 0.000000000000e+00
248 7.042666531426e+00
249 2.637289986381e+00
250 3.923544611949e+00
251 2.265981957711e+01
252 0.000000000000e+00
253 5.788700434181e+00
254 0.000000000000e+00
255 4.596939461201e+00
256 9.023263875245e+00
257 0.000000000000e+00
258 1.165619230554e+01
259 1.041032514795e+01
260 0.000000000000e+00
261 0.000000000000e+00
262 0.000000000000e+00
263 0.000000000000e+00
264 1.134019790798e+01
265 5.249094166300e-01
266 1.846059828926e+00
267 0.000000000000e+00
268 9.347887317696e+00
269 6.146365538417e+00
270 1.389185822150e+01
271 0.000000000000e+00
272 0.000000000000e+00
273 8.864312151509e+00
274 4.056573594918e+00
275 0.000000000000e+00
276 1.116618409862e+01
277 7.146339925481e+00
278 0.000000000000e+00
279 0.000000000000e+00
280 0.000000000000e+00
281 0.000000000000e+00
282 1.505155690251e+00
283 0.000000000000e+00
284 1.668084270074e+00
285 1.199762665896e+01
286 1.280415049781e+01
287 0.000000000000e+00
288 7.649516070823e+00
289 9.830827988101e+00
290 6.079310059670e+00
291 0.000000000000e+00
292 0.000000000000e+00
293 1.140679661645e+01
294 1.087652986085e+01
295 3.550026502141e+00
296 1.896199512821e+00
297 0.000000000000e+00
298 0.000000000000e+00
299 0.000000000000e+00
300 4.440552770290e+00
301 0.000000000000e+00
302 0.000000000000e+00
303 8.464490926756e+00
304 0.000000000000e+00
305 0.000000000000e+00
306 0.000000000000e+00
307 0.000000000000e+00
308 0.000000000000e+00
309 0.000000000000e+00
310 8.836388543036e+00
311 0.000000000000e+00
312 3.573163244579e+00
313 7.102587715598e+00
314 0.000000000000e+00
315 0.000000000000e+00
316 0.000000000000e+00
317 0.000000000000e+00
318 0.000000000000e+00
319 0.000000000000e+00
320 0.000000000000e+00
321 0.000000000000e+00
322 4.977228882694e+00
323 0.000000000000e+00
324 0.000000000000e+00
325 0.000000000000e+00
326 0.000000000000e+00
327 0.000000000000e+00
328 6.905633350933e+00
329 0.000000000000e+00
330 0.000000000000e+00
331 0.000000000000e+00
332 0.000000000000e+00
333 6.506153143284e+00
334 0.000000000000e+00
335 2.855467576461e+00
336 8.165716075538e+00
337 1.781368858061e+00
338 5.724802897034e+00
339 2.182878380417e+01
340 1.506047587228e+01
341 0.000000000000e+00
342 7.944684019530e+00
343 1.098216907758e+01
344 1.094617567673e+01
345 7.427240798170e-01
346 0.000000000000e+00
347 0.000000000000e+00
348 0.000000000000e+00
349 0.000000000000e+00
350 0.000000000000e+00
351 6.336155437608e+00
352 0.000000000000e+00
353 0.000000000000e+00
354 2.881498151400e+00
355 0.000000000000e+00
356 1.169594972013e+01
357 0.000000000000e+00
358 0.000000000000e+00
359 0.000000000000e+00
360 0.000000000000e+00
361 1.625243855257e+00
362 1.324850344285e+01
363 5.332847056811e-01
364 0.000000000000e+00
365 0.000000000000e+00
366 0.000000000000e+00
367 0.000000000000e+00
368 0.000000000000e+00
369 0.000000000000e+00
370 0.000000000000e+00
371 0.000000000000e+00
372 0.000000000000e+00
373 3.444700955464e+00
374 2.566752798779e+00
375 0.000000000000e+00
376 0.000000000000e+00
377 0.000000000000e+00
378 0.000000000000e+00
379 0.000000000000e+00
380 0.000000000000e+00
381 0.000000000000e+00
382 0.000000000000e+00
383 0.000000000000e+00
384 0.000000000000e+00
385 0.000000000000e+00
386 1.242925447819e+00
387 0.000000000000e+00
388 0.000000000000e+00
389 4.410987030076e+00
390 0.000000000000e+00
391 0.000000000000e+00
392 0.000000000000e+00
393 0.000000000000e+00
394 6.206056622350e+00
395 1.110809081790e+01
396 0.000000000000e+00
397 0.000000000000e+00
398 0.000000000000e+00
399 0.000000000000e+00
400 0.000000000000e+00
401 0.000000000000e+00
402 0.000000000000e+00
403 2.760489250552e-01
404 5.913752797457e+00
405 3.093458257371e+00
406 0.000000000000e+00
407 0.000000000000e+00
408 2.711626171425e+00
409 0.000000000000e+00
410 8.145319991424e+00
411 1.424598429415e+01
412 0.000000000000e+00
413 0.000000000000e+00
414 0.000000000000e+00
415 2.578339692694e+00
416 0.000000000000e+00
417 7.274284204047e-01
418 0.000000000000e+00
419 3.198812472000e-01
420 1.006545485361e+01
421 0.000000000000e+00
422 0.000000000000e+00
423 0.000000000000e+00
424 7.021929336501e+00
425 9.254940367291e+00
426 0.000000000000e+00
427 0.000000000000e+00
428 1.150364071476e+01
429 8.294671581198e-01
430 0.000000000000e+00
431 0.000000000000e+00
432 0.000000000000e+00
433 0.000000000000e+00
434 0.000000000000e+00
435 2.605082767024e+00
436 7.123981811595e-01
437 2.805080819912e+00
438 4.279942531961e+00
439 4.647925657038e+00
440 2.244942368981e+01
441 0.000000000000e+00
442 5.660089318366e+00
443 9.972226992211e+00
444 6.537253995025e+00
445 0.000000000000e+00
446 1.370637891646e+00
447 0.000000000000e+00
448 0.000000000000e+00
449 0.000000000000e+00
450 0.000000000000e+00
451 1.271362715069e+00
452 5.655903616917e+00
453 6.699842072704e+00
454 2.129745933631e+01
455 0.000000000000e+00
456 5.516898304864e+00
457 0.000000000000e+00
458 1.025300052503e+01
459 1.038520266384e+01
460 2.299693751776e+00
461 0.000000000000e+00
462 0.000000000000e+00
463 0.000000000000e+00
464 0.000000000000e+00
465 0.000000000000e+00
466 0.000000000000e+00
467 0.000000000000e+00
468 0.000000000000e+00
469 0.000000000000e+00
470 0.000000000000e+00
471 0.000000000000e+00
472 0.000000000000e+00
473 0.000000000000e+00
474 1.119023887409e+01
475 0.000000000000e+00
476 1.235134940641e+00
477 5.240974938856e+00
478 0.000000000000e+00
479 0.000000000000e+00
480 2.244016635156e+00
481 4.312599701966e+00
482 8.508004273134e+00
483 9.228505787146e+00
484 2.213266418685e+01
485 2.691859858828e+01
486 0.000000000000e+00
487 0.000000000000e+00
488 1.993179341538e+00
489 0.000000000000e+00
490 0.000000000000e+00
491 1.824025189703e+01
492 4.391524406771e+00
493 0.000000000000e+00
494 9.743196268009e+00
495 9.450309358998e+00
496 5.193985563585e+00
497 1.157427661396e+01
498 0.000000000000e+00
499 0.000000000000e+00
500 3.372718847616e+00
501 1.058931322230e+01
502 0.000000000000e+00
503 0.000000000000e+00
504 9.017962712545e-01
505 4.633884317156e+00
506 0.000000000000e+00
507 4.706987499387e+00
508 0.000000000000e+00
509 1.825514034542e+00
510 5.016816891558e+00
511 0.000000000000e+00
512 7.272672749194e+00
513 1.252989385301e+01
514 1.100224898740e+01
515 8.300926334061e+00
516 1.076322607994e+01
517 3.148988505929e+00
518 2.341398486063e+00
519 1.465203747734e+00
520 8.385792038951e+00
521 0.000000000000e+00
522 1.073869498063e+01
523 7.672888642087e+00
524 0.000000000000e+00
525 0.000000000000e+00
526 0.000000000000e+00
527 1.061429665127e+01
528 0.000000000000e+00
529 0.000000000000e+00
530 0.000000000000e+00
531 0.000000000000e+00
532 5.132244633171e+00
533 0.000000000000e+00
534 5.679024099583e+00
535 0.000000000000e+00
536 5.142430113402e+00
537 0.000000000000e+00
538 0.000000000000e+00
539 0.000000000000e+00
540 0.000000000000e+00
541 0.000000000000e+00
542 0.000000000000e+00
543 0.000000000000e+00
544 0.000000000000e+00
545 0.000000000000e+00
546 3.060648497517e+00
547 0.000000000000e+00
548 0.000000000000e+00
549 0.000000000000e+00
550 0.000000000000e+00
551 0.000000000000e+00
552 0.000000000000e+00
553 7.645674229895e-01
554 3.535556113932e+00
555 0.000000000000e+00
556 5.946659102211e+00
557 0.000000000000e+00
558 0.000000000000e+00
559 1.062076366912e+01
560 9.026802598407e+00
561 1.043737213014e+01
562 5.394064876361e+00
563 1.080013458310e+01
564 6.337105011093e+00
565 0.000000000000e+00
566 0.000000000000e+00
567 6.204144438014e+00
568 3.356598491588e-01
569 0.000000000000e+00
570 2.809432212632e+00
571 5.947005332320e+00
572 9.474254110837e+00
573 0.000000000000e+00
574 2.652988653531e+00
575 0.000000000000e+00
576 0.000000000000e+00
577 1.379313740687e+01
578 1.851139919227e+00
579 1.434847672297e+01
580 0.000000000000e+00
581 9.719904418327e+00
582 8.476452932235e+00
583 0.000000000000e+00
584 0.000000000000e+00
585 0.000000000000e+00
586 0.000000000000e+00
587 0.000000000000e+00
588 1.502950881942e+01
589 0.000000000000e+00
590 0.000000000000e+00
591 9.589112921708e-01
592 9.906475945559e+00
593 2.715193944990e+01
594 0.000000000000e+00
595 0.000000000000e+00
596 0.000000000000e+00
597 5.456942956726e+00
598 3.996547336138e+00
599 8.495874067880e+00
600 1.214686853105e+01
601 1.107324972032e+01
602 1.922380373987e+00
603 3.958012404399e+00
604 0.000000000000e+00
605 0.000000000000e+00
606 0.000000000000e+00
607 0.000000000000e+00
608 0.000000000000e+00
609 0.000000000000e+00
610 1.138863873225e+01
611 0.000000000000e+00
612 6.437570319938e+00
613 3.077873219150e+00
614 0.000000000000e+00
615 0.000000000000e+00
616 0.000000000000e+00
617 0.000000000000e+00
618 3.385868750431e-01
619 0.000000000000e+00
620 0.000000000000e+00
621 5.611278161494e+00
622 3.692229151561e+00
623 8.107423314376e+00
624 0.000000000000e+00
625 1.487376095919e+01
626 0.000000000000e+00
627 0.000000000000e+00
628 0.000000000000e+00
629 0.000000000000e+00
630 0.000000000000e+00
631 0.000000000000e+00
632 0.000000000000e+00
633 0.000000000000e+00
634 0.000000000000e+00
635 0.000000000000e+00
636 0.000000000000e+00
637 0.000000000000e+00
638 5.107469023863e+00
639 0.000000000000e+00
640 0.000000000000e+00
641 0.000000000000e+00
642 0.000000000000e+00
643 0.000000000000e+00
644 0.000000000000e+00
645 0.000000000000e+00
646 0.000000000000e+00
647 0.000000000000e+00
648 0.000000000000e+00
649 2.033590314071e+00
650 4.220529127458e+00
651 0.000000000000e+00
652 0.000000000000e+00
653 0.000000000000e+00
654 0.000000000000e+00
655 8.320705542976e+00
656 1.246895629218e+01
657 0.000000000000e+00
658 0.000000000000e+00
659 1.345217254706e+00
660 1.546014956446e+01
661 1.096963010303e+00
662 5.594406191999e+00
663 1.713169227471e+01
664 1.657290683788e+01
665 0.000000000000e+00
666 7.420014058333e+00
667 9.740612728517e-01
668 1.183656554470e+01
669 0.000000000000e+00
670 0.000000000000e+00
671 0.000000000000e+00
672 1.362436554595e+01
673 0.000000000000e+00
674 2.371867215943e+00
675 0.000000000000e+00
676 0.000000000000e+00
677 6.354445897934e+00
678 2.546227846910e+00
679 1.262463658130e+01
680 2.234446641414e+00
681 2.786704297516e+00
682 0.000000000000e+00
683 0.000000000000e+00
684 0.000000000000e+00
685 0.000000000000e+00
686 0.000000000000e+00
687 0.000000000000e+00
688 0.000000000000e+00
689 0.000000000000e+00
690 0.000000000000e+00
691 6.023576936780e+00
692 0.000000000000e+00
693 0.000000000000e+00
694 2.066889812607e+00
695 0.000000000000e+00
696 0.000000000000e+00
697 2.435817620797e+00
698 1.202422351672e+01
699 1.435094364735e+00
700 2.382859858840e+00
701 2.163142277227e+00
702 2.213339194455e+00
703 9.353044344299e+00
704 1.254675838239e+01
705 1.312281307695e+01
706 6.233129378728e+00
707 9.744893356821e+00
708 2.615470071454e+00
709 9.573405987001e+00
710 2.488832786604e+00
711 5.364104937806e+00
712 7.283586502491e+00
713 0.000000000000e+00
714 1.010624351820e+01
715 9.283158298363e+00
716 0.000000000000e+00
717 0.000000000000e+00
718 0.000000000000e+00
719 4.239090669854e+00
720 0.000000000000e+00
721 1.041030280071e+00
722 0.000000000000e+00
723 1.150226694413e+01
724 2.109064170588e+01
725 0.000000000000e+00
726 0.000000000000e+00
727 0.000000000000e+00
728 0.000000000000e+00
729 2.810596729018e+00
730 3.606986566575e+00
731 0.000000000000e+00
732 3.859223771628e+00
733 3.785552829100e+00
734 2.878869943712e+00
735 0.000000000000e+00
736 0.000000000000e+00
737 0.000000000000e+00
738 0.000000000000e+00
739 0.000000000000e+00
740 0.000000000000e+00
741 0.000000000000e+00
742 0.000000000000e+00
743 5.987973840248e+00
744 0.000000000000e+00
745 0.000000000000e+00
746 0.000000000000e+00
747 0.000000000000e+00
748 0.000000000000e+00
749 0.000000000000e+00
750 0.000000000000e+00
751 0.000000000000e+00
752 0.000000000000e+00
753 0.000000000000e+00
754 0.000000000000e+00
755 0.000000000000e+00
756 0.000000000000e+00
757 0.000000000000e+00
758 0.000000000000e+00
759 0.000000000000e+00
760 0.000000000000e+00
761 0.000000000000e+00
762 0.000000000000e+00
763 1.600990606810e+00
764 7.630208401789e+00
765 0.000000000000e+00
766 0.000000000000e+00
767 0.000000000000e+00
768 0.000000000000e+00
769 0.000000000000e+00
770 0.000000000000e+00
771 4.494209682541e+00
772 0.000000000000e+00
773 0.000000000000e+00
774 0.000000000000e+00
775 0.000000000000e+00
776 9.730512058015e-01
777 0.000000000000e+00
778 5.515016649676e+00
779 0.000000000000e+00
780 2.343912743993e+00
781 6.490991932389e+00
782 0.000000000000e+00
783 0.000000000000e+00
784 0.000000000000e+00
785 0.000000000000e+00
786 0.000000000000e+00
787 7.401177152302e-01
788 1.562388177918e+01
789 0.000000000000e+00
790 0.000000000000e+00
791 5.157313108866e+00
792 0.000000000000e+00
793 9.692915458370e+00
794 2.983978807720e+00
795 0.000000000000e+00
796 0.000000000000e+00
797 8.191491006727e+00
798 0.000000000000e+00
799 1.977537011602e+00
800 3.200248489704e+00
801 3.070688770774e+00
802 0.000000000000e+00
803 0.000000000000e+00
804 9.077035316673e+00
805 1.094299964670e+01
806 3.291052996551e+00
807 7.070492771568e+00
808 1.148105350152e+01
809 2.242221422276e+00
810 1.188145513768e+01
811 7.517495781074e+00
812 1.637118528754e+00
813 0.000000000000e+00
814 0.000000000000e+00
815 0.000000000000e+00
816 7.080326519878e+00
817 0.000000000000e+00
818 0.000000000000e+00
819 0.000000000000e+00
820 0.000000000000e+00
821 0.000000000000e+00
822 0.000000000000e+00
823 0.000000000000e+00
824 0.000000000000e+00
825 0.000000000000e+00
826 0.000000000000e+00
827 0.000000000000e+00
828 0.000000000000e+00
829 0.000000000000e+00
830 0.000000000000e+00
831 0.000000000000e+00
832 0.000000000000e+00
833 0.000000000000e+00
834 0.000000000000e+00
835 1.434622761290e+00
836 1.186601375974e+01
837 5.800291458365e-01
838 1.884772759599e+01
839 0.000000000000e+00
840 7.137853166824e+00
841 0.000000000000e+00
842 7.408843718547e+00
843 0.000000000000e+00
844 0.000000000000e+00
845 0.000000000000e+00
846 0.000000000000e+00
847 8.986632127543e+00
848 0.000000000000e+00
849 0.000000000000e+00
850 0.000000000000e+00
851 0.000000000000e+00
852 0.000000000000e+00
853 7.309893022394e+00
854 0.000000000000e+00
855 1.192176551669e+01
856 0.000000000000e+00
857 0.000000000000e+00
858 0.000000000000e+00
859 0.000000000000e+00
860 1.245772695375e+00
861 1.320337202463e+01
862 0.000000000000e+00
863 0.000000000000e+00
864 0.000000000000e+00
865 0.000000000000e+00
866 0.000000000000e+00
867 7.470569817688e+00
868 9.395626770306e+00
869 0.000000000000e+00
870 7.452874343386e+00
871 0.000000000000e+00
872 5.334497228351e+00
873 9.786232758960e+00
874 0.000000000000e+00
875 0.000000000000e+00
876 0.000000000000e+00
877 0.000000000000e+00
878 0.000000000000e+00
879 0.000000000000e+00
880 0.000000000000e+00
881 0.000000000000e+00
882 0.000000000000e+00
883 0.000000000000e+00
884 3.636135697489e+00
885 1.575695854695e+01
886 0.000000000000e+00
887 0.000000000000e+00
888 3.993130408738e+00
889 1.693156927894e+01
890 9.005476612062e+00
891 0.000000000000e+00
892 4.085545197213e+00
893 0.000000000000e+00
894 3.168460039631e+00
895 0.000000000000e+00
896 0.000000000000e+00
897 2.074716809559e+00
898 3.557365253917e+00
899 2.568471212991e+00
900 1.600999573414e+01
901 0.000000000000e+00
902 5.027470122994e+00
903 8.476291456305e+00
904 0.000000000000e+00
905 0.000000000000e+00
906 0.000000000000e+00
907 1.835758197312e+01
908 0.000000000000e+00
909 0.000000000000e+00
910 0.000000000000e+00
911 1.002671464412e+01
912 1.068348078653e+01
913 0.000000000000e+00
914 7.786332906084e+00
915 0.000000000000e+00
916 7.297698710006e+00
917 1.162114882208e+01
918 1.741758389813e+00
919 0.000000000000e+00
920 5.890415848629e+00
921 3.454726036952e+00
922 0.000000000000e+00
923 0.000000000000e+00
924 0.000000000000e+00
925 0.000000000000e+00
926 0.000000000000e+00
927 0.000000000000e+00
928 2.170361494809e+00
929 5.548600344030e+00
930 0.000000000000e+00
931 0.000000000000e+00
932 0.000000000000e+00
933 0.000000000000e+00
934 0.000000000000e+00
935 0.000000000000e+00
936 0.000000000000e+00
937 0.000000000000e+00
938 0.000000000000e+00
939 0.000000000000e+00
940 0.000000000000e+00
941 0.000000000000e+00
942 0.000000000000e+00
943 2.442319567436e+00
944 0.000000000000e+00
945 1.854698671440e+00
946 5.672367320640e-01
947 0.000000000000e+00
948 0.000000000000e+00
949 3.386643101561e+00
950 0.000000000000e+00
951 0.000000000000e+00
952 8.782338173654e+00
953 8.387075072285e+00
954 1.174568838993e+01
955 0.000000000000e+00
956 6.331964363178e+00
957 0.000000000000e+00
958 7.367072051935e+00
959 8.000452616170e+00
960 3.137449579563e+00
961 3.076961404797e+00
962 1.544781211214e+01
963 0.000000000000e+00
964 6.938780452259e+00
965 1.081342995758e+01
966 7.060130496413e+00
967 8.921251203252e-01
968 3.458327079355e+00
969 5.773791343223e+00
970 0.000000000000e+00
971 4.266560051789e-01
972 0.000000000000e+00
973 1.479814069201e+01
974 2.544472870828e+01
975 0.000000000000e+00
976 6.647236875453e+00
977 3.785420246568e+00
978 0.000000000000e+00
979 3.062704801627e+00
980 9.379078645077e+00
981 7.171381588432e+00
982 7.105895026886e+00
983 2.583833767242e+00
984 4.085327618418e+00
985 0.000000000000e+00
986 0.000000000000e+00
987 0.000000000000e+00
988 7.556739414353e+00
989 0.000000000000e+00
990 2.037571095434e+00
991 1.302954677164e+01
992 3.912977460799e+00
993 2.277845322833e+01
994 0.000000000000e+00
995 9.115504768998e+00
996 9.469856281123e+00
997 9.435558450056e+00
998 0.000000000000e+00
999 1.295844757584e+01
1000 4.660245585112e+00
1001 6.513317839867e+00
1002 1.688051539248e+01
1003 0.000000000000e+00
1004 1.088793842151e+01
1005 7.364842769321e+00
1006 0.000000000000e+00
1007 0.000000000000e+00
1008 0.000000000000e+00
1009 1.623192590768e+01
1010 0.000000000000e+00
1011 0.000000000000e+00
1012 0.000000000000e+00
1013 0.000000000000e+00
1014 0.000000000000e+00
1015 6.642099829252e+00
1016 1.345073036620e+01
1017 0.000000000000e+00
1018 3.559133423206e+00
1019 7.433481640942e+00
1020 0.000000000000e+00
1021 0.000000000000e+00
1022 0.000000000000e+00
1023 0.000000000000e+00
1024 0.000000000000e+00
1025 0.000000000000e+00
1026 0.000000000000e+00
1027 0.000000000000e+00
1028 0.000000000000e+00
1029 0.000000000000e+00
1030 0.000000000000e+00
1031 0.000000000000e+00
1032 0.000000000000e+00
1033 5.608709877820e+00
1034 8.354397927548e-01
1035 1.690524859776e+01
1036 4.048881915659e+00
1037 0.000000000000e+00
1038 6.541294628392e+00
1039 2.463585409794e+00
1040 1.396873497427e+01
1041 8.350309838920e+00
1042 1.241011218084e+01
1043 0.000000000000e+00
1044 5.003155176621e+00
1045 0.000000000000e+00
1046 0.000000000000e+00
1047 0.000000000000e+00
1048 0.000000000000e+00
1049 0.000000000000e+00
1050 0.000000000000e+00
1051 0.000000000000e+00
1052 0.000000000000e+00
1053 0.000000000000e+00
1054 0.000000000000e+00
1055 0.000000000000e+00
1056 0.000000000000e+00
1057 0.000000000000e+00
1058 0.000000000000e+00
1059 0.000000000000e+00
1060 0.000000000000e+00
1061 0.000000000000e+00
1062 1.228563936067e+01
1063 0.000000000000e+00
1064 0.000000000000e+00
1065 0.000000000000e+00
1066 0.000000000000e+00
1067 0.000000000000e+00
1068 0.000000000000e+00
1069 0.000000000000e+00
1070 0.000000000000e+00
1071 0.000000000000e+00
1072 0.000000000000e+00
1073 0.000000000000e+00
1074 3.634551347220e+00
1075 1.268865005649e+01
1076 3.340693398800e+00
1077 1.001948564605e+01
1078 2.346964862168e+01
1079 0.000000000000e+00
1080 0.000000000000e+00
1081 3.045773087012e+00
1082 0.000000000000e+00
1083 0.000000000000e+00
1084 4.233250808220e+00
1085 5.787438333720e+00
1086 3.296430814836e+00
1087 0.000000000000e+00
1088 0.000000000000e+00
1089 0.000000000000e+00
1090 0.000000000000e+00
1091 0.000000000000e+00
1092 0.000000000000e+00
1093 0.000000000000e+00
1094 0.000000000000e+00
1095 0.000000000000e+00
1096 0.000000000000e+00
1097 0.000000000000e+00
1098 6.004019965016e+00
1099 3.955325383579e+00
1100 0.000000000000e+00
1101 0.000000000000e+00
1102 0.000000000000e+00
1103 0.000000000000e+00
1104 0.000000000000e+00
1105 0.000000000000e+00
1106 5.746607165685e+00
1107 0.000000000000e+00
1108 0.000000000000e+00
1109 0.000000000000e+00
1110 0.000000000000e+00
1111 0.000000000000e+00
1112 0.000000000000e+00
1113 0.000000000000e+00
1114 0.000000000000e+00
1115 0.000000000000e+00
1116 0.000000000000e+00
1117 0.000000000000e+00
1118 0.000000000000e+00
1119 0.000000000000e+00
1120 0.000000000000e+00
1121 0.000000000000e+00
1122 0.000000000000e+00
1123 4.361561582327e+00
1124 0.000000000000e+00
1125 0.000000000000e+00
1126 0.000000000000e+00
1127 0.000000000000e+00
1128 0.000000000000e+00
1129 0.000000000000e+00
1130 0.000000000000e+00
1131 0.000000000000e+00
1132 0.000000000000e+00
1133 0.000000000000e+00
1134 0.000000000000e+00
1135 0.000000000000e+00
1136 0.000000000000e+00
1137 0.000000000000e+00
1138 0.000000000000e+00
1139 0.000000000000e+00
1140 0.000000000000e+00
1141 0.000000000000e+00
1142 0.000000000000e+00
1143 0.000000000000e+00
1144 0.000000000000e+00
1145 0.000000000000e+00
1146 0.000000000000e+00
1147 0.000000000000e+00
1148 0.000000000000e+00
1149 0.000000000000e+00
1150 0.000000000000e+00
1151 1.220842441240e+01
1152 0.000000000000e+00
1153 3.982696700775e+00
1154 0.000000000000e+00
1155 5.849422729314e+00
1156 1.077430295544e+00
1157 1.124723439172e+01
1158 1.324810402624e+01
1159 1.421221041889e+01
1160 0.000000000000e+00
1161 0.000000000000e+00
1162 0.000000000000e+00
1163 0.000000000000e+00
1164 0.000000000000e+00
1165 4.643101728756e+00
1166 0.000000000000e+00
1167 0.000000000000e+00
1168 0.000000000000e+00
1169 4.123501550543e+00
1170 0.000000000000e+00
1171 0.000000000000e+00
1172 0.000000000000e+00
1173 0.000000000000e+00
1174 0.000000000000e+00
1175 5.162749201414e+00
1176 0.000000000000e+00
1177 0.000000000000e+00
1178 2.094347037777e+00
1179 3.388472573287e+00
1180 0.000000000000e+00
1181 0.000000000000e+00
1182 0.000000000000e+00
1183 4.899839398156e+00
1184 0.000000000000e+00
1185 0.000000000000e+00
1186 1.192484281536e+01
1187 6.725469744863e-01
1188 1.653684857305e+01
1189 4.214270449300e+00
1190 0.000000000000e+00
1191 7.275413482040e+00
1192 1.039739048176e+01
1193 1.094976942996e+01
1194 6.295468121088e+00
1195 1.262694792705e+01
1196 0.000000000000e+00
1197 0.000000000000e+00
1198 0.000000000000e+00
1199 0.000000000000e+00
1200 1.478691759062e+01
1201 2.568181372758e+00
1202 1.982454922404e+01
1203 0.000000000000e+00
1204 0.000000000000e+00
1205 5.614021341522e+00
1206 5.978358219260e+00
1207 0.000000000000e+00
1208 5.709852187723e+00
1209 3.846463533274e+00
1210 0.000000000000e+00
1211 6.030290458975e+00
1212 0.000000000000e+00
1213 8.047067107137e+00
1214 7.956620944267e+00
1215 4.085745673845e+00
1216 0.000000000000e+00
1217 0.000000000000e+00
1218 1.402025644013e+01
1219 0.000000000000e+00
1220 0.000000000000e+00
1221 5.141915514725e+00
1222 6.954440089371e+00
1223 5.314044371255e+00
1224 1.125115505324e+01
1225 9.916210863086e+00
1226 0.000000000000e+00
1227 3.115963543295e+00
1228 8.481139954488e+00
1229 0.000000000000e+00
1230 4.154440720143e+00
1231 1.049232445766e+01
1232 0.000000000000e+00
1233 1.143176301510e+01
1234 1.083644452360e+01
1235 4.807652763808e+00
1236 0.000000000000e+00
1237 0.000000000000e+00
1238 4.185832126590e+00
1239 0.000000000000e+00
1240 0.000000000000e+00
1241 0.000000000000e+00
1242 0.000000000000e+00
1243 0.000000000000e+00
1244 7.452072927641e+00
1245 0.000000000000e+00
1246 0.000000000000e+00
1247 0.000000000000e+00
1248 0.000000000000e+00
1249 0.000000000000e+00
1250 0.000000000000e+00
1251 1.191837228322e+01
1252 0.000000000000e+00
1253 0.000000000000e+00
1254 0.000000000000e+00
1255 0.000000000000e+00
1256 0.000000000000e+00
1257 0.000000000000e+00
1258 0.000000000000e+00
1259 0.000000000000e+00
1260 0.000000000000e+00
1261 0.000000000000e+00
1262 0.000000000000e+00
1263 1.592828021163e+00
1264 0.000000000000e+00
1265 0.000000000000e+00
1266 7.258413397374e+00
1267 9.478396232782e+00
1268 1.243084551714e+01
1269 0.000000000000e+00
1270 7.241079341256e+00
1271 0.000000000000e+00
1272 0.000000000000e+00
1273 2.342866695419e+00
1274 0.000000000000e+00
1275 0.000000000000e+00
1276 0.000000000000e+00
1277 0.000000000000e+00
1278 1.595098919314e+01
1279 0.000000000000e+00
1280 0.000000000000e+00
1281 0.000000000000e+00
1282 0.000000000000e+00
1283 0.000000000000e+00
1284 0.000000000000e+00
1285 0.000000000000e+00
1286 0.000000000000e+00
1287 0.000000000000e+00
1288 0.000000000000e+00
1289 2.003822266004e+00
1290 5.643003158583e+00
1291 1.371331582455e+01
1292 0.000000000000e+00
1293 0.000000000000e+00
1294 0.000000000000e+00
1295 0.000000000000e+00
1296 0.000000000000e+00
1297 0.000000000000e+00
1298 0.000000000000e+00
1299 0.000000000000e+00
1300 0.000000000000e+00
1301 0.000000000000e+00
1302 0.000000000000e+00
1303 0.000000000000e+00
1304 0.000000000000e+00
1305 0.000000000000e+00
1306 0.000000000000e+00
1307 0.000000000000e+00
1308 0.000000000000e+00
1309 0.000000000000e+00
1310 0.000000000000e+00
1311 0.000000000000e+00
1312 0.000000000000e+00
1313 0.000000000000e+00
1314 0.000000000000e+00
1315 0.000000000000e+00
1316 0.000000000000e+00
1317 0.000000000000e+00
1318 0.000000000000e+00
1319 0.000000000000e+00
1320 0.000000000000e+00
1321 0.000000000000e+00
1322 0.000000000000e+00
1323 0.000000000000e+00
1324 0.000000000000e+00
1325 0.000000000000e+00
1326 0.000000000000e+00
1327 0.000000000000e+00
1328 0.000000000000e+00
1329 0.000000000000e+00
1330 0.000000000000e+00
1331 0.000000000000e+00
1332 0.000000000000e+00
1333 0.000000000000e+00
1334 0.000000000000e+00
1335 0.000000000000e+00
1336 0.000000000000e+00
1337 0.000000000000e+00
1338 0.000000000000e+00
1339 0.000000000000e+00
1340 0.000000000000e+00
1341 0.000000000000e+00
1342 0.000000000000e+00
1343 0.000000000000e+00
1344 0.000000000000e+00
1345 0.000000000000e+00
1346 0.000000000000e+00
1347 0.000000000000e+00
1348 0.000000000000e+00
1349 0.000000000000e+00
1350 0.000000000000e+00
1351 0.000000000000e+00
1352 0.000000000000e+00
1353 0.000000000000e+00
1354 0.000000000000e+00
1355 0.000000000000e+00
1356 0.000000000000e+00
1357 0.000000000000e+00
1358 0.000000000000e+00
1359 0.000000000000e+00
1360 0.000000000000e+00
1361 3.997885384809e+00
1362 0.000000000000e+00
1363 0.000000000000e+00
1364 0.000000000000e+00
1365 2.054957612539e+00
1366 0.000000000000e+00
1367 0.000000000000e+00
1368 0.000000000000e+00
1369 7.824680131937e+00
1370 0.000000000000e+00
1371 0.000000000000e+00
1372 0.000000000000e+00
1373 0.000000000000e+00
1374 0.000000000000e+00
1375 4.516480634687e+00
1376 0.000000000000e+00
1377 1.032705107977e+01
1378 0.000000000000e+00
1379 0.000000000000e+00
1380 0.000000000000e+00
1381 3.588287323463e+00
1382 0.000000000000e+00
1383 0.000000000000e+00
1384 0.000000000000e+00
1385 0.000000000000e+00
1386 0.000000000000e+00
1387 0.000000000000e+00
1388 0.000000000000e+00
1389 0.000000000000e+00
1390 1.544364392424e+00
1391 1.036734343632e+00
1392 1.529500512601e+00
1393 1.216532417922e+01
1394 5.502621440796e+00
1395 3.805467982655e+00
1396 0.000000000000e+00
1397 8.685004440715e+00
1398 9.613783431282e+00
1399 7.591684071832e+00
1400 0.000000000000e+00
1401 0.000000000000e+00
1402 0.000000000000e+00
1403 0.000000000000e+00
1404 1.125520621010e+01
1405 2.304571875449e+00
1406 0.000000000000e+00
1407 0.000000000000e+00
1408 1.143545943074e+01
1409 0.000000000000e+00
1410 6.862597238712e+00
1411 9.933701460045e+00
1412 1.304120605930e+01
1413 0.000000000000e+00
1414 0.000000000000e+00
1415 0.000000000000e+00
1416 1.055897393679e+01
1417 2.330431313459e+00
1418 0.000000000000e+00
1419 1.425189011412e+00
1420 0.000000000000e+00
1421 8.760561060358e+00
1422 0.000000000000e+00
1423 0.000000000000e+00
1424 3.131778888434e+00
1425 0.000000000000e+00
1426 5.648263004615e+00
1427 0.000000000000e+00
1428 0.000000000000e+00
1429 8.343473642165e+00
1430 0.000000000000e+00
1431 1.009796164684e+01
1432 0.000000000000e+00
1433 0.000000000000e+00
1434 1.005637093662e+01
1435 0.000000000000e+00
1436 6.545361548940e+00
1437 0.000000000000e+00
1438 0.000000000000e+00
1439 0.000000000000e+00
1440 0.000000000000e+00
1441 0.000000000000e+00
1442 0.000000000000e+00
1443 2.264320960671e+00
1444 1.494649204614e+00
1445 0.000000000000e+00
1446 0.000000000000e+00
1447 0.000000000000e+00
1448 0.000000000000e+00
1449 3.123893453228e+00
1450 9.153228719624e+00
1451 0.000000000000e+00
1452 1.304166233722e+01
1453 0.000000000000e+00
1454 1.530260795226e+00
1455 8.172462373585e+00
1456 0.000000000000e+00
1457 0.000000000000e+00
1458 0.000000000000e+00
1459 0.000000000000e+00
1460 0.000000000000e+00
1461 0.000000000000e+00
1462 0.000000000000e+00
1463 0.000000000000e+00
1464 0.000000000000e+00
1465 0.000000000000e+00
1466 0.000000000000e+00
1467 0.000000000000e+00
1468 0.000000000000e+00
1469 0.000000000000e+00
1470 0.000000000000e+00
1471 0.000000000000e+00
1472 0.000000000000e+00
1473 0.000000000000e+00
1474 0.000000000000e+00
1475 0.000000000000e+00
1476 0.000000000000e+00
1477 0.000000000000e+00
1478 0.000000000000e+00
1479 0.000000000000e+00
1480 0.000000000000e+00
1481 0.000000000000e+00
1482 0.000000000000e+00
1483 2.299469336566e+00
1484 0.000000000000e+00
1485 0.000000000000e+00
1486 1.261939775036e+01
1487 0.000000000000e+00
1488 0.000000000000e+00
1489 0.000000000000e+00
1490 0.000000000000e+00
1491 0.000000000000e+00
1492 0.000000000000e+00
1493 1.268192332880e+01
1494 0.000000000000e+00
1495 0.000000000000e+00
1496 0.000000000000e+00
1497 0.000000000000e+00
1498 0.000000000000e+00
1499 0.000000000000e+00
1500 0.000000000000e+00
1501 0.000000000000e+00
1502 0.000000000000e+00
1503 7.051639197473e+00
1504 2.798256626017e+01
1505 0.000000000000e+00
1506 0.000000000000e+00
1507 0.000000000000e+00
1508 0.000000000000e+00
1509 0.000000000000e+00
1510 5.873096629023e+00
1511 0.000000000000e+00
1512 0.000000000000e+00
1513 0.000000000000e+00
1514 3.936144206572e+00
1515 0.000000000000e+00
1516 0.000000000000e+00
1517 0.000000000000e+00
1518 0.000000000000e+00
1519 0.000000000000e+00
1520 0.000000000000e+00
1521 0.000000000000e+00
1522 0.000000000000e+00
1523 0.000000000000e+00
1524 0.000000000000e+00
1525 0.000000000000e+00
1526 7.842073407940e+00
1527 0.000000000000e+00
1528 0.000000000000e+00
1529 0.000000000000e+00
1530 0.000000000000e+00
1531 0.000000000000e+00
1532 3.871264791852e+00
1533 0.000000000000e+00
1534 0.000000000000e+00
1535 1.149151897545e+01
1536 4.935974864953e-01
1537 2.128859251208e+01
1538 2.938797693763e+00
1539 0.000000000000e+00
1540 0.000000000000e+00
1541 7.391813666483e+00
1542 1.064492096851e+00
1543 3.984958264512e+00
1544 1.279285192104e+01
1545 0.000000000000e+00
1546 0.000000000000e+00
1547 0.000000000000e+00
1548 0.000000000000e+00
1549 0.000000000000e+00
1550 1.667982497485e+00
1551 0.000000000000e+00
1552 0.000000000000e+00
1553 1.113872189790e+01
1554 0.000000000000e+00
1555 7.635487171906e+00
1556 6.010994531865e+00
1557 1.092144074830e+01
1558 0.000000000000e+00
1559 0.000000000000e+00
1560 0.000000000000e+00
1561 0.000000000000e+00
1562 0.000000000000e+00
1563 0.000000000000e+00
1564 0.000000000000e+00
1565 0.000000000000e+00
1566 8.515933546098e-01
1567 3.781401919429e+00
1568 0.000000000000e+00
1569 0.000000000000e+00
1570 0.000000000000e+00
1571 0.000000000000e+00
1572 0.000000000000e+00
1573 0.000000000000e+00
1574 0.000000000000e+00
1575 0.000000000000e+00
1576 0.000000000000e+00
1577 0.000000000000e+00
1578 0.000000000000e+00
1579 0.000000000000e+00
1580 0.000000000000e+00
1581 0.000000000000e+00
1582 0.000000000000e+00
1583 0.000000000000e+00
1584 0.000000000000e+00
1585 0.000000000000e+00
1586 0.000000000000e+00
1587 0.000000000000e+00
1588 0.000000000000e+00
1589 0.000000000000e+00
1590 0.000000000000e+00
1591 0.000000000000e+00
1592 0.000000000000e+00
1593 0.000000000000e+00
1594 0.000000000000e+00
1595 0.000000000000e+00
1596 0.000000000000e+00
1597 0.000000000000e+00
1598 0.000000000000e+00
1599 8.308622581450e+00
1600 0.000000000000e+00
1601 0.000000000000e+00
1602 2.895969206855e+00
1603 2.204003921287e+01
1604 1.324907399497e+01
1605 0.000000000000e+00
1606 0.000000000000e+00
1607 0.000000000000e+00
1608 6.686237735241e+00
1609 1.154343569664e+01
1610 0.000000000000e+00
1611 0.000000000000e+00
1612 0.000000000000e+00
1613 0.000000000000e+00
1614 0.000000000000e+00
1615 1.984448147043e+00
1616 2.365762722703e+00
1617 8.128689882229e-01
1618 1.588572975031e+01
1619 3.599948941617e+00
1620 0.000000000000e+00
1621 4.875504818845e+00
1622 9.696757981572e+00
1623 1.107633393982e+01
1624 4.882202719097e+00
1625 1.236276239817e+01
1626 0.000000000000e+00
1627 4.702674798294e+00
1628 0.000000000000e+00
1629 0.000000000000e+00
1630 1.655681633997e+01
1631 0.000000000000e+00
1632 0.000000000000e+00
1633 0.000000000000e+00
1634 0.000000000000e+00
1635 0.000000000000e+00
1636 0.000000000000e+00
1637 0.000000000000e+00
1638 0.000000000000e+00
1639 2.614263895019e+00
1640 8.915325117230e+00
1641 0.000000000000e+00
1642 0.000000000000e+00
1643 3.405219396547e+00
1644 0.000000000000e+00
1645 0.000000000000e+00
1646 0.000000000000e+00
1647 0.000000000000e+00
1648 0.000000000000e+00
1649 0.000000000000e+00
1650 0.000000000000e+00
1651 0.000000000000e+00
1652 2.291142275543e+01
1653 3.179197674757e+00
1654 0.000000000000e+00
1655 6.265022567124e+00
1656 0.000000000000e+00
1657 1.928548233935e+00
1658 1.162799910415e+01
1659 1.203101050985e+01
1660 0.000000000000e+00
1661 4.593192515014e+00
1662 0.000000000000e+00
1663 0.000000000000e+00
1664 1.340516586368e+01
1665 0.000000000000e+00
1666 0.000000000000e+00
1667 1.292008019225e+00
1668 1.236076130291e+01
1669 1.292402305090e+01
1670 0.000000000000e+00
1671 0.000000000000e+00
1672 4.580736115550e+00
1673 9.434827125776e+00
1674 5.992650897558e+00
1675 0.000000000000e+00
1676 6.090333644130e+00
1677 1.132381637414e+01
1678 3.086372736284e+00
1679 2.820862001846e+00
1680 0.000000000000e+00
1681 0.000000000000e+00
1682 0.000000000000e+00
1683 0.000000000000e+00
1684 0.000000000000e+00
1685 3.668197540639e+00
1686 9.696784849940e+00
1687 0.000000000000e+00
1688 0.000000000000e+00
1689 5.862075367524e-01
1690 0.000000000000e+00
1691 0.000000000000e+00
1692 5.723848271156e+00
1693 4.965072888313e+00
1694 0.000000000000e+00
1695 0.000000000000e+00
1696 0.000000000000e+00
1697 5.705724969270e+00
1698 1.085262247419e+01
1699 0.000000000000e+00
1700 0.000000000000e+00
1701 3.605601312825e+00
1702 1.176351647936e+00
1703 8.824027010808e-01
1704 1.204100212972e+00
1705 0.000000000000e+00
1706 0.000000000000e+00
1707 0.000000000000e+00
1708 2.388759759237e+00
1709 6.609515743567e+00
1710 3.345430445236e+00
1711 8.291546993752e+00
1712 7.436402886975e+00
1713 2.427117200882e+01
1714 0.000000000000e+00
1715 6.440053739008e+00
1716 0.000000000000e+00
1717 1.399043954186e+00
1718 0.000000000000e+00
1719 0.000000000000e+00
1720 4.472553537906e+00
1721 4.492876591313e+00
1722 0.000000000000e+00
1723 0.000000000000e+00
1724 0.000000000000e+00
1725 0.000000000000e+00
1726 0.000000000000e+00
1727 1.788289899162e+01
1728 0.000000000000e+00
1729 0.000000000000e+00
1730 0.000000000000e+00
1731 1.526036819184e+00
1732 1.573480048862e+00
1733 0.000000000000e+00
1734 1.277759937397e+01
1735 2.213071810251e+01
1736 0.000000000000e+00
1737 7.224895911152e+00
1738 8.672761910555e+00
1739 1.190451721242e+01
1740 7.274717289071e+00
1741 0.000000000000e+00
1742 6.065844502350e+00
1743 0.000000000000e+00
1744 2.307230378932e+00
1745 0.000000000000e+00
1746 0.000000000000e+00
1747 0.000000000000e+00
1748 0.000000000000e+00
1749 0.000000000000e+00
1750 0.000000000000e+00
1751 2.942461085297e+00
1752 0.000000000000e+00
1753 0.000000000000e+00
1754 1.444517218166e+01
1755 6.454994364405e-01
1756 7.399835737457e-01
1757 0.000000000000e+00
1758 1.748976053039e+00
1759 2.429289892271e+01
1760 0.000000000000e+00
1761 0.000000000000e+00
1762 1.060459676696e+01
1763 1.123654409681e+01
1764 1.001918968183e+01
1765 4.899912701127e+00
1766 0.000000000000e+00
1767 6.781258570222e+00
1768 0.000000000000e+00
1769 1.784064399390e+00
1770 0.000000000000e+00
1771 0.000000000000e+00
1772 0.000000000000e+00
1773 0.000000000000e+00
1774 0.000000000000e+00
1775 0.000000000000e+00
1776 0.000000000000e+00
1777 0.000000000000e+00
1778 0.000000000000e+00
1779 0.000000000000e+00
1780 0.000000000000e+00
1781 0.000000000000e+00
1782 0.000000000000e+00
1783 0.000000000000e+00
1784 0.000000000000e+00
1785 0.000000000000e+00
1786 7.518033612243e+00
1787 0.000000000000e+00
1788 0.000000000000e+00
1789 1.095039837119e+00
1790 0.000000000000e+00
1791 0.000000000000e+00
1792 8.699197478490e+00
1793 0.000000000000e+00
1794 0.000000000000e+00
1795 6.883410427345e+00
1796 0.000000000000e+00
1797 5.251760670052e+00
1798 1.253099010561e+01
1799 0.000000000000e+00
1800 0.000000000000e+00
1801 0.000000000000e+00
1802 0.000000000000e+00
1803 0.000000000000e+00
1804 0.000000000000e+00
1805 0.000000000000e+00
1806 0.000000000000e+00
1807 0.000000000000e+00
1808 2.668125495699e+00
1809 0.000000000000e+00
1810 0.000000000000e+00
1811 0.000000000000e+00
1812 0.000000000000e+00
1813 0.000000000000e+00
1814 0.000000000000e+00
1815 0.000000000000e+00
1816 0.000000000000e+00
1817 0.000000000000e+00
1818 6.026836063788e+00
1819 0.000000000000e+00
1820 0.000000000000e+00
1821 3.214596142912e+00
1822 0.000000000000e+00
1823 2.876961828973e+00
1824 0.000000000000e+00
1825 0.000000000000e+00
1826 5.143500476935e+00
1827 0.000000000000e+00
1828 1.940132123548e+01
1829 1.222636756051e+01
1830 0.000000000000e+00
1831 0.000000000000e+00
1832 0.000000000000e+00
1833 0.000000000000e+00
1834 0.000000000000e+00
1835 0.000000000000e+00
1836 0.000000000000e+00
1837 0.000000000000e+00
1838 0.000000000000e+00
1839 0.000000000000e+00
1840 0.000000000000e+00
1841 0.000000000000e+00
1842 1.492734982390e+01
1843 1.013019425352e+00
1844 2.772086636474e+00
1845 4.976954556384e+00
1846 5.362054461198e+00
1847 1.398862163943e+01
1848 0.000000000000e+00
1849 5.200052407739e+00
1850 8.811390647168e+00
1851 1.966407118450e+00
1852 3.534871728732e+00
1853 1.136391618612e+01
1854 0.000000000000e+00
1855 0.000000000000e+00
1856 0.000000000000e+00
1857 1.233792893780e+01
1858 7.288602182254e-01
1859 0.000000000000e+00
1860 7.029482454876e+00
1861 0.000000000000e+00
1862 6.396160591331e+00
1863 6.580967386683e+00
1864 9.201285194362e+00
1865 9.313650058157e+00
1866 0.000000000000e+00
1867 1.828327853554e+01
1868 1.998052431210e+01
1869 0.000000000000e+00
1870 0.000000000000e+00
1871 0.000000000000e+00
1872 0.000000000000e+00
1873 0.000000000000e+00
1874 0.000000000000e+00
1875 0.000000000000e+00
1876 0.000000000000e+00
1877 0.000000000000e+00
1878 7.039349567131e-01
1879 0.000000000000e+00
1880 0.000000000000e+00
1881 0.000000000000e+00
1882 0.000000000000e+00
1883 0.000000000000e+00
1884 0.000000000000e+00
1885 0.000000000000e+00
1886 0.000000000000e+00
1887 5.067873607957e+00
1888 4.011589910221e+00
1889 0.000000000000e+00
1890 0.000000000000e+00
1891 0.000000000000e+00
1892 0.000000000000e+00
1893 1.152591863842e+01
1894 5.997813521783e-01
1895 5.046669123617e-01
1896 2.007756279129e-01
1897 1.053303532013e+01
1898 4.205804190219e+00
1899 2.385980473977e+01
1900 2.765023525754e+01
1901 0.000000000000e+00
1902 0.000000000000e+00
1903 7.437497791503e+00
1904 9.892375896270e+00
1905 3.369424264078e+00
1906 1.111985554630e+01
1907 0.000000000000e+00
1908 7.264099136597e+00
1909 0.000000000000e+00
1910 0.000000000000e+00
1911 0.000000000000e+00
1912 0.000000000000e+00
1913 0.000000000000e+00
1914 0.000000000000e+00
1915 0.000000000000e+00
1916 0.000000000000e+00
1917 0.000000000000e+00
1918 5.844307311242e+00
1919 7.785541892688e+00
1920 0.000000000000e+00
1921 4.173778908464e+00
1922 6.854412309816e+00
1923 7.718572434929e+00
1924 0.000000000000e+00
1925 3.779487121869e+00
1926 0.000000000000e+00
1927 0.000000000000e+00
1928 0.000000000000e+00
1929 0.000000000000e+00
1930 0.000000000000e+00
1931 3.835769267156e+00
1932 1.145628679686e+00
1933 0.000000000000e+00
1934 0.000000000000e+00
1935 7.370041468803e+00
1936 1.133440917363e+01
1937 2.456761850150e+00
1938 7.682644524621e+00
1939 1.163066957862e+01
1940 8.584294471188e+00
1941 1.754203678052e+00
1942 5.483977663835e+00
1943 0.000000000000e+00
1944 0.000000000000e+00
1945 0.000000000000e+00
1946 0.000000000000e+00
1947 0.000000000000e+00
1948 3.855366695481e+00
1949 1.702977918414e+01
1950 0.000000000000e+00
1951 7.749727140479e+00
1952 9.182874407165e+00
1953 3.679897544249e+00
1954 0.000000000000e+00
1955 0.000000000000e+00
1956 0.000000000000e+00
1957 0.000000000000e+00
1958 3.390009792291e+00
1959 0.000000000000e+00
1960 4.577026042330e+00
1961 6.285556953927e+00
1962 1.798505089218e+01
1963 0.000000000000e+00
1964 4.054173226882e+00
1965 0.000000000000e+00
1966 5.755278336925e+00
1967 0.000000000000e+00
1968 0.000000000000e+00
1969 0.000000000000e+00
1970 0.000000000000e+00
1971 0.000000000000e+00
1972 0.000000000000e+00
1973 0.000000000000e+00
1974 0.000000000000e+00
1975 0.000000000000e+00
1976 0.000000000000e+00
1977 0.000000000000e+00
1978 0.000000000000e+00
1979 0.000000000000e+00
1980 0.000000000000e+00
1981 0.000000000000e+00
1982 0.000000000000e+00
1983 0.000000000000e+00
1984 0.000000000000e+00
1985 0.000000000000e+00
1986 0.000000000000e+00
1987 0.000000000000e+00
1988 0.000000000000e+00
1989 0.000000000000e+00
1990 0.000000000000e+00
1991 0.000000000000e+00
1992 5.127704293464e+00
1993 0.000000000000e+00
1994 1.504706782096e+00
1995 0.000000000000e+00
1996 0.000000000000e+00
1997 0.000000000000e+00
1998 0.000000000000e+00
1999 0.000000000000e+00
2000 0.000000000000e+00
2001 8.047736799339e+00
2002 0.000000000000e+00
2003 0.000000000000e+00
2004 0.000000000000e+00
2005 1.631583698990e+00
2006 7.361094612109e+00
2007 7.647107707214e-01
2008 0.000000000000e+00
2009 3.398570719339e+00
2010 0.000000000000e+00
2011 0.000000000000e+00
2012 2.278475318648e+00
2013 1.054180289251e+01
2014 7.751727140510e+00
2015 0.000000000000e+00
2016 1.811380560654e+01
2017 1.884733084220e+01
2018 0.000000000000e+00
2019 0.000000000000e+00
2020 2.022714911190e+00
2021 0.000000000000e+00
2022 0.000000000000e+00
2023 0.000000000000e+00
2024 0.000000000000e+00
2025 1.363655943708e+01
2026 2.428498264681e-01
2027 0.000000000000e+00
2028 6.127024005955e+00
2029 0.000000000000e+00
2030 0.000000000000e+00
2031 1.086577868251e+01
2032 5.581552965241e+00
2033 0.000000000000e+00
2034 0.000000000000e+00
2035 0.000000000000e+00
2036 0.000000000000e+00
2037 0.000000000000e+00
2038 0.000000000000e+00
2039 0.000000000000e+00
2040 0.000000000000e+00
2041 0.000000000000e+00
2042 0.000000000000e+00
2043 0.000000000000e+00
2044 0.000000000000e+00
2045 0.000000000000e+00
2046 0.000000000000e+00
2047 0.000000000000e+00
2048 0.000000000000e+00
2049 0.000000000000e+00
2050 0.000000000000e+00
2051 0.000000000000e+00
2052 0.000000000000e+00
2053 0.000000000000e+00
2054 0.000000000000e+00
2055 0.000000000000e+00
2056 3.542007497853e+00
2057 0.000000000000e+00
2058 0.000000000000e+00
2059 0.000000000000e+00
2060 2.099656474309e+00
2061 1.961497888205e+01
2062 0.000000000000e+00
2063 0.000000000000e+00
2064 0.000000000000e+00
2065 9.287389746322e-01
2066 9.286239978738e+00
2067 0.000000000000e+00
2068 0.000000000000e+00
2069 1.181703962453e+01
2070 2.927183734566e+00
2071 0.000000000000e+00
2072 0.000000000000e+00
2073 0.000000000000e+00
2074 0.000000000000e+00
2075 0.000000000000e+00
2076 0.000000000000e+00
2077 0.000000000000e+00
2078 9.298501254452e+00
2079 1.035995222638e+00
2080 2.850043524060e-01
2081 1.288299174327e+00
2082 1.273077734762e+01
2083 2.455454829888e+01
2084 0.000000000000e+00
2085 5.332622778578e+00
2086 1.108253900749e+01
2087 5.318375869061e+00
2088 1.231242847306e+01
2089 2.618519254512e+00
2090 6.538461035646e+00
2091 1.083015025980e+01
2092 3.533424952060e+00
2093 3.304348711085e+00
2094 0.000000000000e+00
2095 0.000000000000e+00
2096 0.000000000000e+00
2097 0.000000000000e+00
2098 0.000000000000e+00
2099 0.000000000000e+00
2100 1.159871882780e+01
2101 0.000000000000e+00
2102 0.000000000000e+00
2103 1.778061059535e+00
2104 1.130320589717e+01
2105 2.139398847969e+01
2106 0.000000000000e+00
2107 6.160884618309e+00
2108 0.000000000000e+00
2109 0.000000000000e+00
2110 0.000000000000e+00
2111 0.000000000000e+00
2112 0.000000000000e+00
2113 0.000000000000e+00
2114 3.230001851861e+00
2115 5.566671112398e+00
2116 0.000000000000e+00
2117 0.000000000000e+00
2118 0.000000000000e+00
2119 0.000000000000e+00
2120 0.000000000000e+00
2121 5.220977346479e+00
2122 0.000000000000e+00
2123 0.000000000000e+00
2124 0.000000000000e+00
2125 0.000000000000e+00
2126 0.000000000000e+00
2127 0.000000000000e+00
2128 0.000000000000e+00
2129 0.000000000000e+00
2130 0.000000000000e+00
2131 0.000000000000e+00
2132 0.000000000000e+00
2133 2.159480481435e+00
2134 7.125014321356e+00
2135 4.278325602447e+00
2136 0.000000000000e+00
2137 8.870959628862e+00
2138 1.249444618356e+01
2139 9.998300576696e+00
2140 1.115853711555e+01
2141 0.000000000000e+00
2142 0.000000000000e+00
2143 0.000000000000e+00
2144 1.368564496466e+01
2145 0.000000000000e+00
2146 0.000000000000e+00
2147 0.000000000000e+00
2148 0.000000000000e+00
2149 0.000000000000e+00
2150 0.000000000000e+00
2151 0.000000000000e+00
2152 0.000000000000e+00
2153 0.000000000000e+00
2154 0.000000000000e+00
2155 0.000000000000e+00
2156 0.000000000000e+00
2157 0.000000000000e+00
2158 0.000000000000e+00
2159 0.000000000000e+00
2160 0.000000000000e+00
2161 0.000000000000e+00
2162 0.000000000000e+00
2163 0.000000000000e+00
2164 2.311597093814e+00
2165 0.000000000000e+00
2166 0.000000000000e+00
2167 6.171454013661e+00
2168 1.691699161906e+00
2169 0.000000000000e+00
2170 0.000000000000e+00
2171 5.945147685932e+00
2172 0.000000000000e+00
2173 0.000000000000e+00
2174 8.563993700778e+00
2175 0.000000000000e+00
2176 0.000000000000e+00
2177 1.133648017524e+01
2178 1.108886392719e+00
2179 2.730750674974e+00
2180 3.952008281271e+00
2181 1.223640339384e+01
2182 2.039244663604e+01
2183 0.000000000000e+00
2184 0.000000000000e+00
2185 1.131940152642e+01
2186 9.863358736325e+00
2187 1.076982908745e+01
2188 1.146469367800e+01
2189 0.000000000000e+00
2190 0.000000000000e+00
2191 1.438299995092e+00
2192 6.494388798726e+00
2193 1.015573676926e+00
2194 0.000000000000e+00
2195 3.637181353095e+00
2196 0.000000000000e+00
2197 8.972476770521e-01
2198 0.000000000000e+00
2199 0.000000000000e+00
2200 5.571500169429e+00
2201 0.000000000000e+00
2202 9.444181675716e+00
2203 6.336871018815e+00
2204 1.180955766330e+01
2205 1.227272694479e+01
2206 0.000000000000e+00
2207 7.040898828316e+00
2208 0.000000000000e+00
2209 0.000000000000e+00
2210 0.000000000000e+00
2211 0.000000000000e+00
2212 0.000000000000e+00
2213 9.986813121551e+00
2214 0.000000000000e+00
2215 0.000000000000e+00
2216 0.000000000000e+00
2217 0.000000000000e+00
2218 0.000000000000e+00
2219 0.000000000000e+00
2220 0.000000000000e+00
2221 0.000000000000e+00
2222 0.000000000000e+00
2223 0.000000000000e+00
2224 0.000000000000e+00
2225 0.000000000000e+00
2226 0.000000000000e+00
2227 0.000000000000e+00
2228 0.000000000000e+00
2229 0.000000000000e+00
2230 0.000000000000e+00
2231 0.000000000000e+00
2232 0.000000000000e+00
2233 0.000000000000e+00
2234 2.531892384845e+00
2235 0.000000000000e+00
2236 0.000000000000e+00
2237 0.000000000000e+00
2238 0.000000000000e+00
2239 0.000000000000e+00
2240 0.000000000000e+00
2241 1.260747054042e+01
2242 1.097538092311e+00
2243 0.000000000000e+00
2244 5.418987762504e+00
2245 2.286314483408e+01
2246 4.614721706793e+00
2247 0.000000000000e+00
2248 0.000000000000e+00
2249 6.730381462563e+00
2250 5.735792120391e+00
2251 0.000000000000e+00
2252 4.231741355243e+00
2253 0.000000000000e+00
2254 0.000000000000e+00
2255 0.000000000000e+00
2256 0.000000000000e+00
2257 8.328894676480e-01
2258 0.000000000000e+00
2259 0.000000000000e+00
2260 3.424371512429e+00
2261 1.584309717568e+00
2262 7.412359662362e+00
2263 0.000000000000e+00
2264 0.000000000000e+00
2265 0.000000000000e+00
2266 0.000000000000e+00
2267 0.000000000000e+00
2268 0.000000000000e+00
2269 0.000000000000e+00
2270 0.000000000000e+00
2271 0.000000000000e+00
2272 0.000000000000e+00
2273 4.337807860404e+00
2274 0.000000000000e+00
2275 0.000000000000e+00
2276 0.000000000000e+00
2277 0.000000000000e+00
2278 0.000000000000e+00
2279 7.227847252259e+00
2280 4.697524301272e+00
2281 6.567352167382e+00
2282 5.267068501263e+00
2283 0.000000000000e+00
2284 0.000000000000e+00
2285 3.427544623312e+00
2286 0.000000000000e+00
2287 0.000000000000e+00
2288 0.000000000000e+00
2289 0.000000000000e+00
2290 0.000000000000e+00
2291 0.000000000000e+00
2292 0.000000000000e+00
2293 0.000000000000e+00
2294 0.000000000000e+00
2295 0.000000000000e+00
2296 0.000000000000e+00
2297 0.000000000000e+00
2298 0.000000000000e+00
2299 0.000000000000e+00
2300 0.000000000000e+00
2301 0.000000000000e+00
2302 0.000000000000e+00
2303 0.000000000000e+00
2304 0.000000000000e+00
2305 0.000000000000e+00
2306 0.000000000000e+00
2307 0.000000000000e+00
2308 0.000000000000e+00
2309 0.000000000000e+00
2310 0.000000000000e+00
2311 0.000000000000e+00
2312 0.000000000000e+00
2313 0.000000000000e+00
2314 0.000000000000e+00
2315 0.000000000000e+00
2316 0.000000000000e+00
2317 0.000000000000e+00
2318 0.000000000000e+00
2319 0.000000000000e+00
2320 0.000000000000e+00
2321 0.000000000000e+00
2322 0.000000000000e+00
2323 0.000000000000e+00
2324 0.000000000000e+00
2325 0.000000000000e+00
2326 0.000000000000e+00
2327 0.000000000000e+00
2328 0.000000000000e+00
2329 0.000000000000e+00
2330 0.000000000000e+00
2331 0.000000000000e+00
2332 0.000000000000e+00
2333 0.000000000000e+00
2334 0.000000000000e+00
2335 0.000000000000e+00
2336 0.000000000000e+00
2337 0.000000000000e+00
2338 4.996929237663e+00
2339 0.000000000000e+00
2340 4.129812863760e+00
2341 0.000000000000e+00
2342 0.000000000000e+00
2343 0.000000000000e+00
2344 0.000000000000e+00
2345 0.000000000000e+00
2346 0.000000000000e+00
2347 0.000000000000e+00
2348 1.382704135989e+01
2349 0.000000000000e+00
2350 1.062956089662e+00
2351 0.000000000000e+00
2352 0.000000000000e+00
2353 0.000000000000e+00
2354 0.000000000000e+00
2355 0.000000000000e+00
2356 0.000000000000e+00
2357 0.000000000000e+00
2358 6.637320405070e+00
2359 0.000000000000e+00
2360 0.000000000000e+00
2361 0.000000000000e+00
2362 0.000000000000e+00
2363 0.000000000000e+00
2364 0.000000000000e+00
2365 0.000000000000e+00
2366 0.000000000000e+00
2367 0.000000000000e+00
2368 0.000000000000e+00
2369 5.066281661437e+00
2370 0.000000000000e+00
2371 0.000000000000e+00
2372 0.000000000000e+00
2373 0.000000000000e+00
2374 0.000000000000e+00
2375 0.000000000000e+00
2376 0.000000000000e+00
2377 0.000000000000e+00
2378 0.000000000000e+00
2379 0.000000000000e+00
2380 0.000000000000e+00
2381 0.000000000000e+00
2382 0.000000000000e+00
2383 0.000000000000e+00
2384 0.000000000000e+00
2385 0.000000000000e+00
2386 0.000000000000e+00
2387 0.000000000000e+00
2388 0.000000000000e+00
2389 0.000000000000e+00
2390 0.000000000000e+00
2391 0.000000000000e+00
2392 0.000000000000e+00
2393 0.000000000000e+00
2394 4.725886706983e+00
2395 9.382405693409e+00
2396 0.000000000000e+00
2397 0.000000000000e+00
2398 0.000000000000e+00
2399 0.000000000000e+00
2400 3.416642342531e+00
2401 8.087190374448e+00
2402 5.224210715632e+00
2403 0.000000000000e+00
2404 0.000000000000e+00
2405 0.000000000000e+00
2406 0.000000000000e+00
2407 0.000000000000e+00
2408 0.000000000000e+00
2409 6.778256515592e+00
2410 0.000000000000e+00
2411 0.000000000000e+00
2412 0.000000000000e+00
2413 0.000000000000e+00
2414 0.000000000000e+00
2415 0.000000000000e+00
2416 4.933656400982e+00
2417 0.000000000000e+00
2418 0.000000000000e+00
2419 1.287541517457e+00
2420 4.348417441575e+00
2421 9.316776481312e+00
2422 3.520560616678e+00
2423 2.960937658894e+00
2424 6.282276705567e+00
2425 0.000000000000e+00
2426 8.543906930045e-01
2427 0.000000000000e+00
2428 3.673059438053e+00
2429 6.139323166870e+00
2430 0.000000000000e+00
2431 0.000000000000e+00
2432 0.000000000000e+00
2433 2.504224676149e+00
2434 9.462033835940e+00
2435 2.834754028234e+00
2436 1.328963049833e+01
2437 0.000000000000e+00
2438 0.000000000000e+00
2439 0.000000000000e+00
2440 4.338649372516e+00
2441 0.000000000000e+00
2442 0.000000000000e+00
2443 0.000000000000e+00
2444 0.000000000000e+00
2445 5.961205106465e+00
2446 0.000000000000e+00
2447 0.000000000000e+00
2448 0.000000000000e+00
2449 0.000000000000e+00
2450 0.000000000000e+00
2451 5.731373678739e+00
2452 0.000000000000e+00
2453 4.314867336650e+00
2454 0.000000000000e+00
2455 0.000000000000e+00
2456 0.000000000000e+00
2457 5.444944284717e-01
2458 0.000000000000e+00
2459 4.788852889782e+00
2460 1.709366200674e+01
2461 1.889914693677e+01
2462 0.000000000000e+00
2463 1.344087060135e+00
2464 3.798411850495e+00
2465 7.462253239239e+00
2466 0.000000000000e+00
2467 8.291184843268e+00
2468 5.621390878187e+00
2469 0.000000000000e+00
2470 0.000000000000e+00
2471 1.533939991901e+01
2472 0.000000000000e+00
2473 0.000000000000e+00
2474 0.000000000000e+00
2475 7.530215621406e+00
2476 0.000000000000e+00
2477 6.290731369757e+00
2478 0.000000000000e+00
2479 6.293209353685e+00
2480 0.000000000000e+00
2481 0.000000000000e+00
2482 1.015776009369e+01
2483 0.000000000000e+00
2484 0.000000000000e+00
2485 9.993516593043e+00
2486 0.000000000000e+00
2487 1.558039674150e+01
2488 0.000000000000e+00
2489 0.000000000000e+00
2490 0.000000000000e+00
2491 0.000000000000e+00
2492 0.000000000000e+00
2493 5.589777866763e-01
2494 2.082593910861e+00
2495 4.672221038663e+00
2496 0.000000000000e+00
2497 6.804238635282e+00
2498 8.224180499986e+00
2499 1.242115474004e+01
2500 8.449815081252e+00
2501 3.087133153738e+00
2502 8.894858745521e+00
2503 0.000000000000e+00
2504 0.000000000000e+00
2505 0.000000000000e+00
2506 4.418095691860e+00
2507 0.000000000000e+00
2508 0.000000000000e+00
2509 0.000000000000e+00
2510 0.000000000000e+00
2511 0.000000000000e+00
2512 0.000000000000e+00
2513 0.000000000000e+00
2514 0.000000000000e+00
2515 0.000000000000e+00
2516 0.000000000000e+00
2517 0.000000000000e+00
2518 0.000000000000e+00
2519 0.000000000000e+00
2520 0.000000000000e+00
2521 0.000000000000e+00
2522 0.000000000000e+00
2523 0.000000000000e+00
2524 0.000000000000e+00
2525 0.000000000000e+00
2526 0.000000000000e+00
2527 0.000000000000e+00
2528 6.806776606631e+00
2529 0.000000000000e+00
2530 0.000000000000e+00
2531 0.000000000000e+00
2532 0.000000000000e+00
2533 1.046117732944e+00
2534 1.229150428781e+01
2535 5.307012119269e+00
2536 6.656701509245e+00
2537 1.132591216860e+01
2538 0.000000000000e+00
2539 0.000000000000e+00
2540 0.000000000000e+00
2541 0.000000000000e+00
2542 0.000000000000e+00
2543 0.000000000000e+00
2544 0.000000000000e+00
2545 0.000000000000e+00
2546 0.000000000000e+00
2547 0.000000000000e+00
2548 0.000000000000e+00
2549 0.000000000000e+00
2550 0.000000000000e+00
2551 0.000000000000e+00
2552 0.000000000000e+00
2553 0.000000000000e+00
2554 0.000000000000e+00
2555 0.000000000000e+00
2556 0.000000000000e+00
2557 0.000000000000e+00
2558 0.000000000000e+00
2559 0.000000000000e+00
2560 0.000000000000e+00
2561 0.000000000000e+00
2562 0.000000000000e+00
2563 4.675097526750e+00
2564 1.441103326209e+01
2565 9.023933167510e+00
2566 0.000000000000e+00
2567 0.000000000000e+00
2568 5.636089960265e+00
2569 0.000000000000e+00
2570 0.000000000000e+00
2571 0.000000000000e+00
2572 0.000000000000e+00
2573 0.000000000000e+00
2574 0.000000000000e+00
2575 0.000000000000e+00
2576 0.000000000000e+00
2577 0.000000000000e+00
2578 0.000000000000e+00
2579 0.000000000000e+00
2580 0.000000000000e+00
2581 0.000000000000e+00
2582 0.000000000000e+00
2583 0.000000000000e+00
2584 0.000000000000e+00
2585 0.000000000000e+00
2586 0.000000000000e+00
2587 0.000000000000e+00
2588 0.000000000000e+00
2589 0.000000000000e+00
2590 0.000000000000e+00
2591 0.000000000000e+00
2592 0.000000000000e+00
2593 0.000000000000e+00
2594 0.000000000000e+00
2595 0.000000000000e+00
2596 0.000000000000e+00
2597 0.000000000000e+00
2598 0.000000000000e+00
2599 0.000000000000e+00
2600 0.000000000000e+00
2601 0.000000000000e+00
2602 2.714802799603e+00
2603 3.347524929049e+00
2604 3.964427668949e+00
2605 1.997695798258e+01
2606 2.089032530963e+01
2607 0.000000000000e+00
2608 0.000000000000e+00
2609 0.000000000000e+00
2610 9.537039187633e+00
2611 4.160366361341e+00
2612 0.000000000000e+00
2613 0.000000000000e+00
2614 8.514590089822e+00
2615 0.000000000000e+00
2616 0.000000000000e+00
2617 0.000000000000e+00
2618 0.000000000000e+00
2619 0.000000000000e+00
2620 0.000000000000e+00
2621 0.000000000000e+00
2622 0.000000000000e+00
2623 0.000000000000e+00
2624 0.000000000000e+00
2625 1.357183973053e+00
2626 4.075217394239e+00
2627 0.000000000000e+00
2628 4.343896820250e+00
2629 0.000000000000e+00
2630 0.000000000000e+00
2631 4.547411504812e+00
2632 4.625292674884e+00
2633 2.126079397953e+01
2634 1.793079812145e+01
2635 0.000000000000e+00
2636 0.000000000000e+00
2637 0.000000000000e+00
2638 0.000000000000e+00
2639 0.000000000000e+00
2640 0.000000000000e+00
2641 0.000000000000e+00
2642 0.000000000000e+00
2643 0.000000000000e+00
2644 6.789050586632e+00
2645 0.000000000000e+00
2646 5.463416032624e+00
2647 0.000000000000e+00
2648 0.000000000000e+00
2649 0.000000000000e+00
2650 0.000000000000e+00
2651 8.152877774085e+00
2652 0.000000000000e+00
2653 0.000000000000e+00
2654 0.000000000000e+00
2655 4.595279854104e+00
2656 0.000000000000e+00
2657 0.000000000000e+00
2658 0.000000000000e+00
2659 0.000000000000e+00
2660 3.101786984386e+00
2661 2.386799437950e+00
2662 2.355001305646e+00
2663 3.461742231313e+00
2664 1.945446568689e+01
2665 1.239350787132e+01
2666 0.000000000000e+00
2667 0.000000000000e+00
2668 1.010732127804e+01
2669 1.106482510195e+01
2670 9.840861525275e+00
2671 1.078594279143e+01
2672 0.000000000000e+00
2673 0.000000000000e+00
2674 0.000000000000e+00
2675 2.031413708098e+00
2676 0.000000000000e+00
2677 1.307241058395e+00
2678 3.370612780963e+00
2679 0.000000000000e+00
2680 0.000000000000e+00
2681 0.000000000000e+00
2682 8.200866841762e+00
2683 9.081262466060e+00
2684 5.607969885814e+00
2685 5.527653285989e+00
2686 2.740635695182e+01
2687 0.000000000000e+00
2688 0.000000000000e+00
2689 0.000000000000e+00
2690 0.000000000000e+00
2691 0.000000000000e+00
2692 0.000000000000e+00
2693 0.000000000000e+00
2694 0.000000000000e+00
2695 0.000000000000e+00
2696 0.000000000000e+00
2697 0.000000000000e+00
2698 0.000000000000e+00
2699 0.000000000000e+00
2700 0.000000000000e+00
2701 0.000000000000e+00
2702 0.000000000000e+00
2703 3.464097079858e+00
2704 0.000000000000e+00
2705 0.000000000000e+00
2706 1.414237446997e+00
2707 1.445842601430e+01
2708 1.477589869966e+01
2709 0.000000000000e+00
2710 0.000000000000e+00
2711 0.000000000000e+00
2712 0.000000000000e+00
2713 7.292876524156e+00
2714 0.000000000000e+00
2715 3.828136237827e+00
2716 9.506977036277e+00
2717 2.515253716722e+00
2718 3.128361730209e+00
2719 0.000000000000e+00
2720 0.000000000000e+00
2721 0.000000000000e+00
2722 0.000000000000e+00
2723 0.000000000000e+00
2724 0.000000000000e+00
2725 1.235825093057e+01
2726 0.000000000000e+00
2727 1.375895104678e+00
2728 3.065973589250e+00
2729 0.000000000000e+00
2730 9.392730264466e+00
2731 0.000000000000e+00
2732 9.890566580915e+00
2733 1.213462615548e+01
2734 1.688401514786e+00
2735 2.112003544979e+01
2736 2.287029452366e+01
2737 0.000000000000e+00
2738 0.000000000000e+00
2739 0.000000000000e+00
2740 0.000000000000e+00
2741 1.529926161978e+00
2742 6.447640610122e+00
2743 0.000000000000e+00
2744 0.000000000000e+00
2745 2.358817760059e+00
2746 3.193216928005e+00
2747 0.000000000000e+00
2748 5.999890698010e+00
2749 0.000000000000e+00
2750 1.370690502448e+00
2751 5.493133482616e+00
2752 3.311627315678e+00
2753 0.000000000000e+00
2754 1.134349413116e+01
2755 1.177054386573e+01
2756 7.315249027606e+00
2757 1.312705275625e+01
2758 0.000000000000e+00
2759 0.000000000000e+00
2760 0.000000000000e+00
2761 6.193555829257e+00
2762 0.000000000000e+00
2763 0.000000000000e+00
2764 0.000000000000e+00
2765 0.000000000000e+00
2766 4.846089997144e+00
2767 0.000000000000e+00
2768 0.000000000000e+00
2769 0.000000000000e+00
2770 0.000000000000e+00
2771 0.000000000000e+00
2772 0.000000000000e+00
2773 0.000000000000e+00
2774 3.845762258735e+00
2775 4.056120003734e+00
2776 5.048431343329e-01
2777 2.371188534406e+00
2778 4.509077375717e+00
2779 1.160357520229e+01
2780 2.044476723289e+01
2781 0.000000000000e+00
2782 8.669512931817e+00
2783 6.178440177847e+00
2784 8.791464611664e+00
2785 1.077949713706e+01
2786 1.021056660164e+01
2787 8.757794612676e-01
2788 0.000000000000e+00
2789 2.570368537592e+00
2790 0.000000000000e+00
2791 7.739797236696e-01
2792 5.042744449477e+00
2793 0.000000000000e+00
2794 1.990326234553e+00
2795 1.178610243776e+01
2796 8.498510767595e+00
2797 1.811714696989e+01
2798 2.761818204762e+01
2799 0.000000000000e+00
2800 0.000000000000e+00
2801 4.307895737322e+00
2802 2.042109430077e+00
2803 0.000000000000e+00
2804 0.000000000000e+00
2805 0.000000000000e+00
2806 6.715356960237e+00
2807 1.715444983182e+00
2808 0.000000000000e+00
2809 0.000000000000e+00
2810 0.000000000000e+00
2811 0.000000000000e+00
2812 0.000000000000e+00
2813 0.000000000000e+00
2814 0.000000000000e+00
2815 0.000000000000e+00
2816 0.000000000000e+00
2817 0.000000000000e+00
2818 0.000000000000e+00
2819 0.000000000000e+00
2820 0.000000000000e+00
2821 0.000000000000e+00
2822 0.000000000000e+00
2823 3.167890460474e+00
2824 4.392281699637e+00
2825 1.129460399914e+01
2826 1.501130551452e+01
2827 0.000000000000e+00
2828 0.000000000000e+00
2829 0.000000000000e+00
2830 4.626794491075e+00
2831 1.089262636589e+01
2832 8.647894689446e+00
2833 1.557666676052e+00
2834 7.131348689306e-01
2835 0.000000000000e+00
2836 0.000000000000e+00
2837 5.511978064242e+00
2838 7.922700892496e+00
2839 0.000000000000e+00
2840 7.310704776598e+00
2841 3.886180923936e+00
2842 8.725260398054e+00
2843 0.000000000000e+00
2844 0.000000000000e+00
2845 0.000000000000e+00
2846 0.000000000000e+00
2847 0.000000000000e+00
2848 0.000000000000e+00
2849 0.000000000000e+00
2850 0.000000000000e+00
2851 0.000000000000e+00
2852 0.000000000000e+00
2853 0.000000000000e+00
2854 0.000000000000e+00
2855 0.000000000000e+00
2856 0.000000000000e+00
2857 0.000000000000e+00
2858 0.000000000000e+00
2859 0.000000000000e+00
2860 0.000000000000e+00
2861 0.000000000000e+00
2862 0.000000000000e+00
2863 0.000000000000e+00
2864 0.000000000000e+00
2865 0.000000000000e+00
2866 0.000000000000e+00
2867 3.964623046994e+00
2868 0.000000000000e+00
2869 0.000000000000e+00
2870 0.000000000000e+00
2871 0.000000000000e+00
2872 4.197333744012e+00
2873 0.000000000000e+00
2874 0.000000000000e+00
2875 2.678392348021e+00
2876 0.000000000000e+00
2877 1.817315340453e+00
2878 8.627310246400e+00
2879 0.000000000000e+00
2880 0.000000000000e+00
2881 0.000000000000e+00
2882 0.000000000000e+00
2883 0.000000000000e+00
2884 1.864104566786e+00
2885 3.930288900306e+00
2886 1.941330854265e+01
2887 1.721429504510e+01
2888 0.000000000000e+00
2889 4.159454818407e+00
2890 7.329384888820e+00
2891 3.925991334900e+00
2892 1.294784170698e+01
2893 3.335109493091e+00
2894 0.000000000000e+00
2895 0.000000000000e+00
2896 0.000000000000e+00
2897 0.000000000000e+00
2898 0.000000000000e+00
2899 0.000000000000e+00
2900 0.000000000000e+00
2901 0.000000000000e+00
2902 0.000000000000e+00
2903 0.000000000000e+00
2904 0.000000000000e+00
2905 0.000000000000e+00
2906 0.000000000000e+00
2907 0.000000000000e+00
2908 0.000000000000e+00
2909 5.715733224574e+00
2910 3.002365574263e+00
2911 0.000000000000e+00
2912 0.000000000000e+00
2913 0.000000000000e+00
2914 0.000000000000e+00
2915 0.000000000000e+00
2916 0.000000000000e+00
2917 0.000000000000e+00
2918 0.000000000000e+00
2919 0.000000000000e+00
2920 0.000000000000e+00
2921 0.000000000000e+00
2922 0.000000000000e+00
2923 0.000000000000e+00
2924 0.000000000000e+00
2925 0.000000000000e+00
2926 0.000000000000e+00
2927 0.000000000000e+00
2928 0.000000000000e+00
2929 0.000000000000e+00
2930 0.000000000000e+00
2931 0.000000000000e+00
2932 0.000000000000e+00
2933 0.000000000000e+00
2934 1.188444774084e+00
2935 8.573925682489e+00
2936 0.000000000000e+00
2937 0.000000000000e+00
2938 1.758357356482e+00
2939 9.475490404730e+00
2940 8.720501827880e+00
2941 2.384655296420e+01
2942 2.753297371311e+01
2943 0.000000000000e+00
2944 0.000000000000e+00
2945 0.000000000000e+00
2946 1.002471191369e+01
2947 0.000000000000e+00
2948 0.000000000000e+00
2949 6.251364935767e+00
2950 1.150281460286e+01
2951 0.000000000000e+00
2952 0.000000000000e+00
2953 0.000000000000e+00
2954 0.000000000000e+00
2955 0.000000000000e+00
2956 0.000000000000e+00
2957 0.000000000000e+00
2958 0.000000000000e+00
2959 2.786574389024e+00
2960 0.000000000000e+00
2961 0.000000000000e+00
2962 4.541560809327e+00
2963 1.221489439443e+01
2964 1.216398074200e+01
2965 0.000000000000e+00
2966 3.189823987026e+00
2967 0.000000000000e+00
2968 7.963690587296e+00
2969 1.199621354980e+01
2970 0.000000000000e+00
2971 0.000000000000e+00
2972 0.000000000000e+00
2973 0.000000000000e+00
2974 0.000000000000e+00
2975 0.000000000000e+00
2976 0.000000000000e+00
2977 0.000000000000e+00
2978 0.000000000000e+00
2979 0.000000000000e+00
2980 0.000000000000e+00
2981 0.000000000000e+00
2982 0.000000000000e+00
2983 0.000000000000e+00
2984 9.201180029332e+00
2985 0.000000000000e+00
2986 1.977099513302e-01
2987 0.000000000000e+00
2988 1.103389386595e+01
2989 2.501525362732e+01
2990 0.000000000000e+00
2991 0.000000000000e+00
2992 0.000000000000e+00
2993 1.457824151764e+00
2994 9.001047884323e+00
2995 5.317287130109e+00
2996 0.000000000000e+00
2997 1.280159950043e+01
2998 2.997464247086e+00
2999 3.259423297032e+00
3000 0.000000000000e+00
3001 0.000000000000e+00
3002 0.000000000000e+00
3003 0.000000000000e+00
3004 0.000000000000e+00
3005 2.617691466091e+00
3006 1.733110595253e+01
3007 4.530793653123e+00
3008 0.000000000000e+00
3009 9.295453462305e+00
3010 1.112893441008e+01
3011 6.538354836616e+00
3012 1.148089418204e+01
3013 0.000000000000e+00
3014 0.000000000000e+00
3015 2.697286296090e+00
3016 1.618452934418e+01
3017 0.000000000000e+00
3018 3.618745893533e+00
3019 3.080846476980e+00
3020 1.708283915820e+01
3021 2.130320614172e+01
3022 0.000000000000e+00
3023 5.929659346169e+00
3024 0.000000000000e+00
3025 3.435714103825e+00
3026 5.289918177263e+00
3027 7.063198908165e+00
3028 0.000000000000e+00
3029 3.141774311706e+00
3030 5.410104259803e+00
3031 1.739702464190e+01
3032 0.000000000000e+00
3033 9.911210458398e+00
3034 6.540617418767e+00
3035 4.156099831265e+00
3036 3.435150552717e-01
3037 0.000000000000e+00
3038 4.585036039295e+00
3039 0.000000000000e+00
3040 0.000000000000e+00
3041 6.927373994806e+00
3042 5.447603914799e+00
3043 0.000000000000e+00
3044 0.000000000000e+00
3045 4.175640895918e+00
3046 0.000000000000e+00
3047 0.000000000000e+00
3048 0.000000000000e+00
3049 1.197868894750e+00
3050 3.693047302274e+00
3051 1.518582575109e+01
3052 1.356114857362e+01
3053 0.000000000000e+00
3054 8.228500446118e+00
3055 1.187988065709e+01
3056 3.554153301973e+00
3057 2.053330452533e+00
3058 0.000000000000e+00
3059 0.000000000000e+00
3060 5.786316643887e+00
3061 0.000000000000e+00
3062 0.000000000000e+00
3063 0.000000000000e+00
3064 0.000000000000e+00
3065 0.000000000000e+00
3066 0.000000000000e+00
3067 0.000000000000e+00
3068 0.000000000000e+00
3069 0.000000000000e+00
3070 0.000000000000e+00
3071 0.000000000000e+00
3072 0.000000000000e+00
3073 0.000000000000e+00
3074 0.000000000000e+00
3075 0.000000000000e+00
3076 0.000000000000e+00
3077 0.000000000000e+00
3078 0.000000000000e+00
3079 0.000000000000e+00
3080 0.000000000000e+00
3081 2.094233022500e+01
3082 4.016124853298e+00
3083 0.000000000000e+00
3084 0.000000000000e+00
3085 0.000000000000e+00
3086 0.000000000000e+00
3087 1.170937834735e+01
3088 1.148682315809e+01
3089 0.000000000000e+00
3090 4.575444427372e+00
3091 0.000000000000e+00
3092 0.000000000000e+00
3093 1.594689423780e+01
3094 0.000000000000e+00
3095 0.000000000000e+00
3096 0.000000000000e+00
3097 0.000000000000e+00
3098 0.000000000000e+00
3099 0.000000000000e+00
3100 1.071161363015e+01
3101 0.000000000000e+00
3102 0.000000000000e+00
3103 0.000000000000e+00
3104 2.945993589532e+00
3105 0.000000000000e+00
3106 0.000000000000e+00
3107 0.000000000000e+00
3108 5.857026632895e+00
3109 0.000000000000e+00
3110 0.000000000000e+00
3111 0.000000000000e+00
3112 0.000000000000e+00
3113 0.000000000000e+00
3114 9.476931660536e-01
3115 1.482713020611e+00
3116 0.000000000000e+00
3117 0.000000000000e+00
3118 4.150546898613e+00
3119 0.000000000000e+00
3120 1.257996524093e+01
3121 1.037643754080e+01
3122 1.109852796473e+01
3123 1.075679741344e+01
3124 0.000000000000e+00
3125 0.000000000000e+00
3126 6.841957402469e+00
3127 0.000000000000e+00
3128 5.404691603313e+00
3129 0.000000000000e+00
3130 1.244237028049e+00
3131 1.768500477687e+01
3132 0.000000000000e+00
3133 0.000000000000e+00
3134 4.951549215259e+00
3135 0.000000000000e+00
3136 0.000000000000e+00
3137 0.000000000000e+00
3138 8.491390004534e+00
3139 7.932723629218e+00
3140 4.101848472664e+00
3141 1.093680732976e+01
3142 1.229730921526e+01
3143 5.549910007891e+00
3144 0.000000000000e+00
3145 0.000000000000e+00
3146 0.000000000000e+00
3147 0.000000000000e+00
3148 7.059107263103e-03
3149 4.330480972799e+00
3150 1.222049345738e+01
3151 5.704776169539e+00
3152 5.748840492946e+00
3153 1.452971692199e+01
3154 0.000000000000e+00
3155 7.734880033761e+00
3156 8.143601387386e+00
3157 6.520168326996e+00
3158 0.000000000000e+00
