0 2.501759362992e+01
1 4.802488680522e+00
2 3.277071782167e+00
3 1.771127000101e+01
4 5.968830798289e+00
5 0.000000000000e+00
6 0.000000000000e+00
7 0.000000000000e+00
8 4.025796700335e+00
9 1.208066274725e+01
10 1.063618423171e+01
11 1.031729954738e+01
12 8.455951205444e+00
13 5.582580467319e-01
14 0.000000000000e+00
15 9.672649734292e+00
16 0.000000000000e+00
17 2.327825964129e+00
18 4.461576757997e+00
19 3.841867060444e+00
20 8.104738840836e+00
21 1.195692879587e+01
22 0.000000000000e+00
23 1.030640285992e+01
24 1.217035315807e+01
25 0.000000000000e+00
26 2.000578682573e+01
27 2.194401647777e+01
28 0.000000000000e+00
29 2.871531095366e+00
30 0.000000000000e+00
31 0.000000000000e+00
32 8.224668857767e+00
33 0.000000000000e+00
34 1.474264320614e+00
35 3.200499112464e-01
36 0.000000000000e+00
37 1.035956454175e+01
38 0.000000000000e+00
39 9.461988855371e+00
40 7.253768580174e+00
41 0.000000000000e+00
42 0.000000000000e+00
43 9.385823770978e+00
44 1.228975172376e+01
45 0.000000000000e+00
46 0.000000000000e+00
47 0.000000000000e+00
48 0.000000000000e+00
49 0.000000000000e+00
50 9.561149844983e-01
51 0.000000000000e+00
52 1.259349041677e+00
53 6.112001395185e+00
54 3.835818085891e+00
55 0.000000000000e+00
56 0.000000000000e+00
57 1.122469938250e+01
58 2.889282351774e+00
59 3.236828096395e+00
60 0.000000000000e+00
61 1.377580689909e+01
62 7.142430073564e+00
63 9.150852102063e+00
64 3.023828065151e+00
65 0.000000000000e+00
66 0.000000000000e+00
67 0.000000000000e+00
68 0.000000000000e+00
69 0.000000000000e+00
70 0.000000000000e+00
71 0.000000000000e+00
72 0.000000000000e+00
73 0.000000000000e+00
74 1.320749191424e+01
75 9.574936169500e+00
76 0.000000000000e+00
77 0.000000000000e+00
78 0.000000000000e+00
79 0.000000000000e+00
80 0.000000000000e+00
81 0.000000000000e+00
82 2.655815732942e+00
83 1.191756860997e+01
84 2.903149268790e+00
85 0.000000000000e+00
86 1.262430984933e+01
87 1.311498707246e+01
88 0.000000000000e+00
89 7.550157124360e+00
90 5.487706538973e+00
91 0.000000000000e+00
92 4.175328121823e+00
93 0.000000000000e+00
94 0.000000000000e+00
95 0.000000000000e+00
96 1.052230047115e+00
97 0.000000000000e+00
98 0.000000000000e+00
99 5.893078922274e-01
100 0.000000000000e+00
101 6.025990771353e-01
102 0.000000000000e+00
103 0.000000000000e+00
104 0.000000000000e+00
105 0.000000000000e+00
106 6.813544585265e+00
107 0.000000000000e+00
108 1.276585576258e+01
109 0.000000000000e+00
110 5.441272039131e+00
111 9.114488479886e+00
112 3.081740224299e+00
113 0.000000000000e+00
114 0.000000000000e+00
115 0.000000000000e+00
116 2.737760814400e+00
117 7.109329878343e+00
118 1.231212311934e+01
119 1.877708465799e+01
120 0.000000000000e+00
121 0.000000000000e+00
122 8.117621018851e+00
123 9.907204752481e+00
124 3.184691369508e+00
125 4.028318874980e+00
126 0.000000000000e+00
127 4.201308330763e+00
128 0.000000000000e+00
129 9.137260273887e+00
130 2.100151131371e+00
131 0.000000000000e+00
132 0.000000000000e+00
133 0.000000000000e+00
134 0.000000000000e+00
135 0.000000000000e+00
136 0.000000000000e+00
137 0.000000000000e+00
138 0.000000000000e+00
139 0.000000000000e+00
140 0.000000000000e+00
141 0.000000000000e+00
142 0.000000000000e+00
143 0.000000000000e+00
144 0.000000000000e+00
145 0.000000000000e+00
146 0.000000000000e+00
147 0.000000000000e+00
148 0.000000000000e+00
149 0.000000000000e+00
150 0.000000000000e+00
151 0.000000000000e+00
152 0.000000000000e+00
153 0.000000000000e+00
154 0.000000000000e+00
155 0.000000000000e+00
156 0.000000000000e+00
157 0.000000000000e+00
158 0.000000000000e+00
159 8.900089332317e-01
160 2.101314827995e+00
161 4.160638681285e-01
162 3.498358021714e+00
163 1.395570218091e+01
164 1.765682873995e+01
165 0.000000000000e+00
166 4.889710609018e+00
167 1.220687420969e+01
168 5.691899858336e+00
169 2.722566070096e+00
170 3.271216265503e-01
171 0.000000000000e+00
172 0.000000000000e+00
173 0.000000000000e+00
174 0.000000000000e+00
175 0.000000000000e+00
176 0.000000000000e+00
177 0.000000000000e+00
178 2.279355197215e+00
179 0.000000000000e+00
180 2.036093101559e+01
181 2.091459829849e+00
182 0.000000000000e+00
183 1.212383191804e+01
184 0.000000000000e+00
185 8.948978816766e+00
186 0.000000000000e+00
187 0.000000000000e+00
188 1.922859487440e+00
189 0.000000000000e+00
190 0.000000000000e+00
191 0.000000000000e+00
192 0.000000000000e+00
193 0.000000000000e+00
194 0.000000000000e+00
195 0.000000000000e+00
196 0.000000000000e+00
197 0.000000000000e+00
198 0.000000000000e+00
199 0.000000000000e+00
200 0.000000000000e+00
201 0.000000000000e+00
202 0.000000000000e+00
203 0.000000000000e+00
204 0.000000000000e+00
205 0.000000000000e+00
206 0.000000000000e+00
207 0.000000000000e+00
208 0.000000000000e+00
209 0.000000000000e+00
210 0.000000000000e+00
211 0.000000000000e+00
212 9.687930763710e+00
213 0.000000000000e+00
214 0.000000000000e+00
215 6.465551267600e+00
216 6.069767951233e+00
217 0.000000000000e+00
218 0.000000000000e+00
219 0.000000000000e+00
220 8.280872599450e+00
221 3.504202740641e+00
222 0.000000000000e+00
223 1.786049408254e+01
224 1.119808415827e+01
225 0.000000000000e+00
226 0.000000000000e+00
227 0.000000000000e+00
228 0.000000000000e+00
229 1.652404118041e+01
230 0.000000000000e+00
231 1.767883974628e+01
232 4.958655295801e+00
233 7.722615865952e+00
234 9.106698266927e+00
235 1.286053525603e+01
236 0.000000000000e+00
237 0.000000000000e+00
238 0.000000000000e+00
239 0.000000000000e+00
240 0.000000000000e+00
241 0.000000000000e+00
242 3.404021881717e+00
243 1.102212011669e+01
244 0.000000000000e+00
245 3.660979873983e+00
246 5.412522243054e+00
247 4.822433867136e-01
248 4.986611233201e+00
249 4.065438566550e+00
250 2.933081134940e+00
251 1.995472652062e+01
252 5.583299118181e+00
253 1.338775515059e+01
254 1.147015715380e+01
255 0.000000000000e+00
256 0.000000000000e+00
257 9.064472021990e+00
258 4.801642486541e+00
259 0.000000000000e+00
260 4.849256615754e+00
261 0.000000000000e+00
262 0.000000000000e+00
263 0.000000000000e+00
264 1.138057522798e+01
265 1.040349049525e+00
266 0.000000000000e+00
267 0.000000000000e+00
268 1.123638669292e+01
269 2.754001642164e+00
270 1.542193719318e+01
271 0.000000000000e+00
272 1.070710761692e+01
273 0.000000000000e+00
274 6.999074453114e+00
275 0.000000000000e+00
276 4.061767212050e+00
277 7.867100223702e+00
278 0.000000000000e+00
279 0.000000000000e+00
280 0.000000000000e+00
281 0.000000000000e+00
282 6.107072780960e-01
283 0.000000000000e+00
284 7.718580353855e-01
285 1.160236005361e+01
286 2.833831260485e+01
287 9.102782809418e+00
288 0.000000000000e+00
289 0.000000000000e+00
290 0.000000000000e+00
291 0.000000000000e+00
292 0.000000000000e+00
293 0.000000000000e+00
294 0.000000000000e+00
295 1.003672751013e+01
296 9.075467960633e+00
297 0.000000000000e+00
298 7.596808514663e+00
299 9.930857624919e+00
300 5.935643900325e+00
301 0.000000000000e+00
302 0.000000000000e+00
303 7.715701768326e+00
304 0.000000000000e+00
305 0.000000000000e+00
306 0.000000000000e+00
307 0.000000000000e+00
308 0.000000000000e+00
309 0.000000000000e+00
310 0.000000000000e+00
311 0.000000000000e+00
312 0.000000000000e+00
313 0.000000000000e+00
314 1.024219355357e+01
315 0.000000000000e+00
316 4.353480965550e+00
317 0.000000000000e+00
318 7.468344447386e+00
319 0.000000000000e+00
320 0.000000000000e+00
321 0.000000000000e+00
322 5.126726722987e+00
323 0.000000000000e+00
324 0.000000000000e+00
325 0.000000000000e+00
326 0.000000000000e+00
327 0.000000000000e+00
328 0.000000000000e+00
329 0.000000000000e+00
330 0.000000000000e+00
331 2.655503864158e+00
332 0.000000000000e+00
333 7.054545010620e+00
334 0.000000000000e+00
335 2.956672769749e+00
336 8.336878593604e+00
337 3.309310976301e+00
338 4.410859796026e+00
339 1.985447901733e+01
340 2.014355900911e+01
341 0.000000000000e+00
342 7.759356243009e+00
343 1.049698160803e+01
344 1.193164568270e+01
345 0.000000000000e+00
346 0.000000000000e+00
347 0.000000000000e+00
348 0.000000000000e+00
349 0.000000000000e+00
350 0.000000000000e+00
351 2.436030273061e+00
352 0.000000000000e+00
353 1.058678232625e+01
354 0.000000000000e+00
355 6.955094424914e+00
356 0.000000000000e+00
357 0.000000000000e+00
358 0.000000000000e+00
359 0.000000000000e+00
360 0.000000000000e+00
361 0.000000000000e+00
362 1.676749226021e+01
363 2.156286272600e+00
364 0.000000000000e+00
365 0.000000000000e+00
366 0.000000000000e+00
367 0.000000000000e+00
368 0.000000000000e+00
369 0.000000000000e+00
370 0.000000000000e+00
371 0.000000000000e+00
372 0.000000000000e+00
373 0.000000000000e+00
374 0.000000000000e+00
375 0.000000000000e+00
376 0.000000000000e+00
377 0.000000000000e+00
378 4.465872817970e+00
379 0.000000000000e+00
380 0.000000000000e+00
381 0.000000000000e+00
382 0.000000000000e+00
383 0.000000000000e+00
384 0.000000000000e+00
385 0.000000000000e+00
386 1.483582599494e+00
387 0.000000000000e+00
388 3.914800175573e+00
389 7.793227685052e+00
390 1.129569480196e+01
391 0.000000000000e+00
392 0.000000000000e+00
393 0.000000000000e+00
394 0.000000000000e+00
395 0.000000000000e+00
396 0.000000000000e+00
397 0.000000000000e+00
398 0.000000000000e+00
399 0.000000000000e+00
400 0.000000000000e+00
401 0.000000000000e+00
402 0.000000000000e+00
403 5.339609829587e-01
404 7.014894339954e+00
405 4.298694910631e+00
406 0.000000000000e+00
407 6.653266841257e+00
408 1.391346578890e+01
409 0.000000000000e+00
410 9.175389687924e-01
411 3.667083197744e-01
412 0.000000000000e+00
413 0.000000000000e+00
414 0.000000000000e+00
415 0.000000000000e+00
416 0.000000000000e+00
417 1.205197116964e+00
418 0.000000000000e+00
419 0.000000000000e+00
420 6.766013713879e+00
421 0.000000000000e+00
422 0.000000000000e+00
423 0.000000000000e+00
424 0.000000000000e+00
425 0.000000000000e+00
426 0.000000000000e+00
427 0.000000000000e+00
428 0.000000000000e+00
429 0.000000000000e+00
430 0.000000000000e+00
431 1.085377487236e+01
432 0.000000000000e+00
433 1.725030884499e+00
434 8.575343411783e+00
435 0.000000000000e+00
436 0.000000000000e+00
437 2.196422361464e+00
438 4.654527363491e+00
439 4.897680744436e+00
440 2.057830115816e+01
441 0.000000000000e+00
442 2.872572231194e+00
443 8.998694173378e+00
444 6.097861936108e+00
445 5.815597224441e+00
446 1.304425243783e+00
447 0.000000000000e+00
448 0.000000000000e+00
449 2.510652389086e+00
450 0.000000000000e+00
451 2.927951704963e-01
452 4.615676882728e+00
453 7.855384416412e+00
454 1.991103169676e+01
455 1.069891502641e+01
456 7.299878801152e+00
457 7.221381452680e+00
458 0.000000000000e+00
459 7.382672210941e+00
460 0.000000000000e+00
461 0.000000000000e+00
462 0.000000000000e+00
463 0.000000000000e+00
464 0.000000000000e+00
465 0.000000000000e+00
466 0.000000000000e+00
467 0.000000000000e+00
468 0.000000000000e+00
469 0.000000000000e+00
470 0.000000000000e+00
471 0.000000000000e+00
472 0.000000000000e+00
473 2.337276345339e+00
474 1.177403964316e+01
475 8.457097057663e-01
476 0.000000000000e+00
477 3.183809299502e+00
478 8.223286078132e+00
479 0.000000000000e+00
480 0.000000000000e+00
481 0.000000000000e+00
482 9.303368680991e+00
483 4.565077136137e+00
484 0.000000000000e+00
485 1.907988280327e+01
486 2.256723592026e+01
487 0.000000000000e+00
488 2.755421120611e+00
489 5.762273162219e-01
490 0.000000000000e+00
491 1.872591063191e+01
492 3.495842818763e+00
493 0.000000000000e+00
494 8.875185894531e+00
495 9.905904672087e+00
496 8.457876615833e+00
497 1.259234672809e+01
498 0.000000000000e+00
499 0.000000000000e+00
500 3.524349500127e+00
501 9.527874823583e+00
502 0.000000000000e+00
503 0.000000000000e+00
504 8.726671428562e-01
505 4.424904613154e+00
506 1.049038610774e+01
507 1.104657488258e+01
508 1.021154281731e+01
509 0.000000000000e+00
510 4.080966512856e+00
511 1.280363057614e+01
512 0.000000000000e+00
513 3.725163850412e+00
514 6.461985078647e+00
515 1.872621671063e+00
516 0.000000000000e+00
517 2.893546237792e+00
518 2.536291366496e+00
519 0.000000000000e+00
520 7.507121619354e+00
521 0.000000000000e+00
522 1.211656175643e+01
523 5.629453653132e+00
524 0.000000000000e+00
525 0.000000000000e+00
526 0.000000000000e+00
527 1.023961128843e+01
528 0.000000000000e+00
529 0.000000000000e+00
530 0.000000000000e+00
531 0.000000000000e+00
532 0.000000000000e+00
533 0.000000000000e+00
534 3.745074424332e+00
535 0.000000000000e+00
536 2.717598747490e+00
537 0.000000000000e+00
538 0.000000000000e+00
539 0.000000000000e+00
540 0.000000000000e+00
541 0.000000000000e+00
542 0.000000000000e+00
543 3.732816041659e+00
544 0.000000000000e+00
545 0.000000000000e+00
546 0.000000000000e+00
547 0.000000000000e+00
548 0.000000000000e+00
549 0.000000000000e+00
550 0.000000000000e+00
551 0.000000000000e+00
552 0.000000000000e+00
553 2.544783182346e-01
554 2.362084227794e+00
555 7.080003574822e+00
556 9.408771106746e+00
557 1.065643979541e+01
558 0.000000000000e+00
559 1.400855670083e+00
560 8.646931094938e+00
561 0.000000000000e+00
562 5.890865012000e+00
563 7.024886598461e+00
564 5.773723719895e+00
565 0.000000000000e+00
566 0.000000000000e+00
567 8.752349851692e+00
568 0.000000000000e+00
569 0.000000000000e+00
570 0.000000000000e+00
571 1.469710414356e+01
572 0.000000000000e+00
573 0.000000000000e+00
574 0.000000000000e+00
575 0.000000000000e+00
576 1.711965159515e+00
577 1.019921390335e+01
578 2.311164202964e+00
579 1.054853173437e+01
580 0.000000000000e+00
581 6.368500609010e+00
582 1.794616128665e+00
583 9.086774562992e+00
584 0.000000000000e+00
585 0.000000000000e+00
586 0.000000000000e+00
587 0.000000000000e+00
588 1.492228064356e+01
589 0.000000000000e+00
590 8.105287101008e-01
591 9.812491806742e-01
592 9.407455797831e+00
593 2.504632442462e+01
594 7.366614149617e+00
595 3.187857095338e+00
596 0.000000000000e+00
597 1.074980254755e+01
598 7.028948470371e+00
599 0.000000000000e+00
600 0.000000000000e+00
601 0.000000000000e+00
602 1.252321237412e+01
603 2.469869179439e+00
604 0.000000000000e+00
605 4.677369456287e+00
606 0.000000000000e+00
607 0.000000000000e+00
608 0.000000000000e+00
609 0.000000000000e+00
610 1.403660356144e+01
611 0.000000000000e+00
612 0.000000000000e+00
613 0.000000000000e+00
614 0.000000000000e+00
615 0.000000000000e+00
616 0.000000000000e+00
617 0.000000000000e+00
618 1.057834167732e+00
619 0.000000000000e+00
620 7.625887915936e+00
621 0.000000000000e+00
622 8.280546114743e+00
623 2.790377125455e+00
624 0.000000000000e+00
625 1.320337360226e+01
626 0.000000000000e+00
627 0.000000000000e+00
628 0.000000000000e+00
629 0.000000000000e+00
630 0.000000000000e+00
631 0.000000000000e+00
632 0.000000000000e+00
633 0.000000000000e+00
634 0.000000000000e+00
635 0.000000000000e+00
636 0.000000000000e+00
637 0.000000000000e+00
638 0.000000000000e+00
639 0.000000000000e+00
640 0.000000000000e+00
641 0.000000000000e+00
642 0.000000000000e+00
643 0.000000000000e+00
644 0.000000000000e+00
645 0.000000000000e+00
646 0.000000000000e+00
647 0.000000000000e+00
648 0.000000000000e+00
649 2.633028150650e+00
650 5.193155654829e+00
651 0.000000000000e+00
652 0.000000000000e+00
653 0.000000000000e+00
654 8.395020091929e+00
655 1.187420013113e+01
656 4.274305750810e+00
657 0.000000000000e+00
658 0.000000000000e+00
659 0.000000000000e+00
660 1.734234491578e+01
661 2.975719308304e-01
662 3.894560724803e+00
663 1.960479425760e+01
664 1.542493913997e+01
665 0.000000000000e+00
666 7.860328105408e+00
667 1.159792853869e+01
668 2.821237670038e+00
669 0.000000000000e+00
670 0.000000000000e+00
671 0.000000000000e+00
672 1.218633834804e+01
673 0.000000000000e+00
674 4.427251370601e+00
675 0.000000000000e+00
676 6.037190779610e+00
677 9.514401630357e+00
678 0.000000000000e+00
679 2.098308349394e+00
680 0.000000000000e+00
681 6.121718484942e+00
682 0.000000000000e+00
683 0.000000000000e+00
684 0.000000000000e+00
685 0.000000000000e+00
686 0.000000000000e+00
687 7.117325382093e-01
688 0.000000000000e+00
689 0.000000000000e+00
690 0.000000000000e+00
691 5.159620451483e+00
692 0.000000000000e+00
693 4.644278932690e+00
694 0.000000000000e+00
695 0.000000000000e+00
696 0.000000000000e+00
697 1.293268658885e+00
698 1.303200487663e+01
699 2.572502854658e+00
700 2.497487770775e+00
701 3.914089184627e+00
702 1.123182482016e+01
703 2.322507296407e+00
704 0.000000000000e+00
705 6.617052003492e+00
706 1.272373634914e+01
707 1.094750928969e+01
708 1.134573451289e+01
709 8.647925937343e+00
710 2.466638744482e+00
711 7.605214789732e+00
712 6.247448899701e+00
713 0.000000000000e+00
714 1.137447897902e+01
715 9.482594656405e+00
716 0.000000000000e+00
717 0.000000000000e+00
718 0.000000000000e+00
719 5.861189154445e+00
720 0.000000000000e+00
721 0.000000000000e+00
722 0.000000000000e+00
723 1.577513137847e+01
724 2.140341431328e+01
725 0.000000000000e+00
726 2.644490495613e+00
727 3.239460544777e+00
728 2.268964000860e+00
729 4.292493831543e+00
730 0.000000000000e+00
731 0.000000000000e+00
732 0.000000000000e+00
733 0.000000000000e+00
734 0.000000000000e+00
735 0.000000000000e+00
736 0.000000000000e+00
737 0.000000000000e+00
738 0.000000000000e+00
739 0.000000000000e+00
740 0.000000000000e+00
741 0.000000000000e+00
742 0.000000000000e+00
743 5.911947366408e+00
744 0.000000000000e+00
745 0.000000000000e+00
746 0.000000000000e+00
747 0.000000000000e+00
748 0.000000000000e+00
749 0.000000000000e+00
750 0.000000000000e+00
751 0.000000000000e+00
752 0.000000000000e+00
753 0.000000000000e+00
754 0.000000000000e+00
755 0.000000000000e+00
756 0.000000000000e+00
757 0.000000000000e+00
758 0.000000000000e+00
759 8.417667522739e+00
760 0.000000000000e+00
761 0.000000000000e+00
762 0.000000000000e+00
763 0.000000000000e+00
764 0.000000000000e+00
765 0.000000000000e+00
766 0.000000000000e+00
767 0.000000000000e+00
768 0.000000000000e+00
769 0.000000000000e+00
770 0.000000000000e+00
771 4.899117565672e+00
772 0.000000000000e+00
773 0.000000000000e+00
774 0.000000000000e+00
775 0.000000000000e+00
776 2.027418644646e+00
777 0.000000000000e+00
778 5.368333096147e+00
779 0.000000000000e+00
780 2.185034225530e+00
781 6.169003359536e+00
782 0.000000000000e+00
783 0.000000000000e+00
784 0.000000000000e+00
785 0.000000000000e+00
786 0.000000000000e+00
787 9.400001130546e-01
788 1.783278678915e+01
789 0.000000000000e+00
790 0.000000000000e+00
791 6.811134254439e+00
792 1.098721570713e+01
793 0.000000000000e+00
794 0.000000000000e+00
795 0.000000000000e+00
796 0.000000000000e+00
797 9.934774395751e+00
798 0.000000000000e+00
799 0.000000000000e+00
800 4.632313772143e+00
801 4.133458916248e+00
802 0.000000000000e+00
803 1.003375210889e+01
804 2.346489323453e+00
805 8.614351568678e+00
806 1.000465293397e+01
807 1.399284907891e+00
808 9.860609082669e+00
809 0.000000000000e+00
810 1.225682359674e+01
811 7.291310206459e+00
812 1.226250291778e+01
813 0.000000000000e+00
814 0.000000000000e+00
815 0.000000000000e+00
816 7.084044406770e+00
817 0.000000000000e+00
818 0.000000000000e+00
819 5.641905046293e+00
820 0.000000000000e+00
821 2.080387244396e+00
822 0.000000000000e+00
823 0.000000000000e+00
824 0.000000000000e+00
825 3.106556316909e+00
826 3.877902100136e+00
827 0.000000000000e+00
828 0.000000000000e+00
829 0.000000000000e+00
830 0.000000000000e+00
831 0.000000000000e+00
832 0.000000000000e+00
833 9.998598838045e+00
834 0.000000000000e+00
835 1.496185508929e+00
836 1.213655938389e+01
837 9.128003584524e-01
838 1.764048047639e+01
839 0.000000000000e+00
840 6.889098211813e+00
841 7.657751213084e+00
842 0.000000000000e+00
843 2.284438267975e+00
844 0.000000000000e+00
845 0.000000000000e+00
846 0.000000000000e+00
847 8.458059517367e+00
848 0.000000000000e+00
849 0.000000000000e+00
850 0.000000000000e+00
851 0.000000000000e+00
852 7.632263322384e+00
853 0.000000000000e+00
854 0.000000000000e+00
855 1.321416047691e+01
856 0.000000000000e+00
857 0.000000000000e+00
858 0.000000000000e+00
859 0.000000000000e+00
860 0.000000000000e+00
861 1.481437859233e+01
862 0.000000000000e+00
863 0.000000000000e+00
864 0.000000000000e+00
865 5.746498701239e+00
866 0.000000000000e+00
867 9.745906454113e+00
868 1.031955422135e+01
869 0.000000000000e+00
870 7.620697977052e+00
871 0.000000000000e+00
872 6.363254569087e+00
873 0.000000000000e+00
874 0.000000000000e+00
875 0.000000000000e+00
876 1.541522812097e+00
877 0.000000000000e+00
878 0.000000000000e+00
879 0.000000000000e+00
880 5.986816554641e+00
881 0.000000000000e+00
882 0.000000000000e+00
883 0.000000000000e+00
884 3.368379680092e+00
885 1.546119840029e+01
886 0.000000000000e+00
887 0.000000000000e+00
888 3.885453836676e+00
889 1.411787983179e+01
890 1.092748817650e+01
891 0.000000000000e+00
892 3.805102032351e+00
893 0.000000000000e+00
894 0.000000000000e+00
895 3.266866895191e+00
896 0.000000000000e+00
897 2.582327943289e+00
898 4.999667955582e+00
899 0.000000000000e+00
900 1.697750613509e+01
901 0.000000000000e+00
902 4.069243506455e+00
903 8.651932139821e+00
904 0.000000000000e+00
905 0.000000000000e+00
906 0.000000000000e+00
907 1.893818548041e+01
908 0.000000000000e+00
909 1.221205409933e+00
910 0.000000000000e+00
911 1.058865487654e+01
912 1.214968207865e+01
913 7.306587401302e+00
914 2.527558538257e+00
915 0.000000000000e+00
916 1.106407630627e+01
917 0.000000000000e+00
918 0.000000000000e+00
919 0.000000000000e+00
920 0.000000000000e+00
921 5.341193342004e+00
922 0.000000000000e+00
923 0.000000000000e+00
924 7.374960302876e+00
925 0.000000000000e+00
926 0.000000000000e+00
927 0.000000000000e+00
928 1.401882104232e+00
929 8.116561218416e+00
930 0.000000000000e+00
931 0.000000000000e+00
932 0.000000000000e+00
933 0.000000000000e+00
934 0.000000000000e+00
935 0.000000000000e+00
936 0.000000000000e+00
937 0.000000000000e+00
938 0.000000000000e+00
939 0.000000000000e+00
940 0.000000000000e+00
941 0.000000000000e+00
942 0.000000000000e+00
943 0.000000000000e+00
944 0.000000000000e+00
945 2.230211303118e+00
946 0.000000000000e+00
947 0.000000000000e+00
948 0.000000000000e+00
949 2.803336733125e+00
950 5.976645678354e-01
951 0.000000000000e+00
952 0.000000000000e+00
953 8.749720546492e+00
954 6.300267531789e+00
955 0.000000000000e+00
956 7.898491420361e+00
957 1.289058129152e+01
958 7.662373406306e+00
959 8.812456662544e+00
960 2.974084565210e+00
961 3.643452033222e+00
962 1.634134453287e+01
963 0.000000000000e+00
964 6.636586260439e+00
965 1.065326332082e+01
966 5.770960286140e+00
967 6.058887319273e-01
968 3.260080404004e+00
969 6.302398783937e+00
970 0.000000000000e+00
971 0.000000000000e+00
972 1.938897063644e+00
973 1.500529863246e+01
974 2.625025699593e+01
975 6.340486864450e+00
976 2.559034444440e+00
977 3.105803357178e+00
978 5.107926877100e+00
979 9.805486545594e+00
980 0.000000000000e+00
981 0.000000000000e+00
982 0.000000000000e+00
983 9.097579407334e+00
984 7.518766590126e+00
985 0.000000000000e+00
986 0.000000000000e+00
987 2.482694445083e+00
988 8.024739432311e+00
989 0.000000000000e+00
990 1.960348026730e+00
991 1.230682969403e+01
992 4.002873054435e+00
993 2.006109825241e+01
994 0.000000000000e+00
995 8.571818336643e+00
996 9.536731692254e+00
997 8.643088333864e+00
998 3.715854284275e+00
999 1.184843327542e+01
1000 3.372486157882e+00
1001 8.138682662144e+00
1002 1.593617823238e+01
1003 0.000000000000e+00
1004 9.888750478338e+00
1005 7.798443698624e+00
1006 1.357240162430e+00
1007 0.000000000000e+00
1008 0.000000000000e+00
1009 1.654069488457e+01
1010 0.000000000000e+00
1011 0.000000000000e+00
1012 0.000000000000e+00
1013 0.000000000000e+00
1014 0.000000000000e+00
1015 4.997117734672e+00
1016 1.276576108531e+01
1017 0.000000000000e+00
1018 3.160911492760e+00
1019 0.000000000000e+00
1020 0.000000000000e+00
1021 0.000000000000e+00
1022 0.000000000000e+00
1023 0.000000000000e+00
1024 0.000000000000e+00
1025 0.000000000000e+00
1026 0.000000000000e+00
1027 0.000000000000e+00
1028 0.000000000000e+00
1029 6.887621462774e+00
1030 0.000000000000e+00
1031 0.000000000000e+00
1032 0.000000000000e+00
1033 4.129180665542e+00
1034 2.534860766706e+00
1035 1.709282308117e+01
1036 4.857596410602e+00
1037 5.790436877044e+00
1038 8.186102167266e+00
1039 1.206240227643e+01
1040 0.000000000000e+00
1041 5.439684817817e+00
1042 1.332263923600e+01
1043 0.000000000000e+00
1044 4.985758953416e+00
1045 0.000000000000e+00
1046 0.000000000000e+00
1047 0.000000000000e+00
1048 0.000000000000e+00
1049 0.000000000000e+00
1050 0.000000000000e+00
1051 0.000000000000e+00
1052 0.000000000000e+00
1053 0.000000000000e+00
1054 0.000000000000e+00
1055 0.000000000000e+00
1056 0.000000000000e+00
1057 0.000000000000e+00
1058 0.000000000000e+00
1059 0.000000000000e+00
1060 0.000000000000e+00
1061 0.000000000000e+00
1062 0.000000000000e+00
1063 0.000000000000e+00
1064 1.217592381320e+01
1065 0.000000000000e+00
1066 0.000000000000e+00
1067 0.000000000000e+00
1068 0.000000000000e+00
1069 0.000000000000e+00
1070 0.000000000000e+00
1071 0.000000000000e+00
1072 0.000000000000e+00
1073 0.000000000000e+00
1074 2.671633279122e+00
1075 1.264716700642e+01
1076 2.647148992532e+00
1077 1.315512386283e+01
1078 2.566675072266e+01
1079 1.020568734407e+01
1080 0.000000000000e+00
1081 0.000000000000e+00
1082 0.000000000000e+00
1083 0.000000000000e+00
1084 0.000000000000e+00
1085 0.000000000000e+00
1086 2.351139322029e+00
1087 5.907813115814e+00
1088 0.000000000000e+00
1089 0.000000000000e+00
1090 0.000000000000e+00
1091 2.131959126440e+00
1092 0.000000000000e+00
1093 0.000000000000e+00
1094 0.000000000000e+00
1095 0.000000000000e+00
1096 0.000000000000e+00
1097 0.000000000000e+00
1098 3.703181881713e+00
1099 2.833797469946e+00
1100 0.000000000000e+00
1101 0.000000000000e+00
1102 0.000000000000e+00
1103 7.445400205953e+00
1104 0.000000000000e+00
1105 0.000000000000e+00
1106 0.000000000000e+00
1107 0.000000000000e+00
1108 0.000000000000e+00
1109 0.000000000000e+00
1110 0.000000000000e+00
1111 0.000000000000e+00
1112 0.000000000000e+00
1113 5.166660950837e+00
1114 0.000000000000e+00
1115 0.000000000000e+00
1116 0.000000000000e+00
1117 0.000000000000e+00
1118 0.000000000000e+00
1119 0.000000000000e+00
1120 0.000000000000e+00
1121 0.000000000000e+00
1122 0.000000000000e+00
1123 5.989001956772e+00
1124 0.000000000000e+00
1125 0.000000000000e+00
1126 0.000000000000e+00
1127 0.000000000000e+00
1128 0.000000000000e+00
1129 0.000000000000e+00
1130 0.000000000000e+00
1131 0.000000000000e+00
1132 0.000000000000e+00
1133 0.000000000000e+00
1134 0.000000000000e+00
1135 0.000000000000e+00
1136 0.000000000000e+00
1137 0.000000000000e+00
1138 0.000000000000e+00
1139 0.000000000000e+00
1140 0.000000000000e+00
1141 0.000000000000e+00
1142 0.000000000000e+00
1143 0.000000000000e+00
1144 0.000000000000e+00
1145 0.000000000000e+00
1146 0.000000000000e+00
1147 0.000000000000e+00
1148 0.000000000000e+00
1149 0.000000000000e+00
1150 7.139099550918e-01
1151 1.573931935431e+01
1152 6.728226972841e-01
1153 3.692294275839e+00
1154 4.779032438087e+00
1155 0.000000000000e+00
1156 1.101003318403e+01
1157 1.224016932806e+00
1158 1.280875439518e+01
1159 1.353871507337e+01
1160 0.000000000000e+00
1161 0.000000000000e+00
1162 0.000000000000e+00
1163 0.000000000000e+00
1164 0.000000000000e+00
1165 5.304034380663e+00
1166 0.000000000000e+00
1167 0.000000000000e+00
1168 1.962128861286e+00
1169 0.000000000000e+00
1170 0.000000000000e+00
1171 0.000000000000e+00
1172 0.000000000000e+00
1173 0.000000000000e+00
1174 4.216529983282e+00
1175 0.000000000000e+00
1176 0.000000000000e+00
1177 0.000000000000e+00
1178 0.000000000000e+00
1179 4.489295919727e+00
1180 0.000000000000e+00
1181 0.000000000000e+00
1182 0.000000000000e+00
1183 5.319179999938e+00
1184 0.000000000000e+00
1185 0.000000000000e+00
1186 7.175352182918e+00
1187 9.718152505759e-01
1188 1.671219237701e+01
1189 5.346593251717e+00
1190 8.247852191522e+00
1191 7.785715846740e+00
1192 1.050702308609e+01
1193 0.000000000000e+00
1194 8.907413961534e+00
1195 8.515824708648e+00
1196 4.830680416014e+00
1197 2.726793203272e+00
1198 0.000000000000e+00
1199 8.911258184043e-01
1200 1.382622406754e+01
1201 3.078631980211e+00
1202 1.744856140268e+01
1203 0.000000000000e+00
1204 0.000000000000e+00
1205 5.081775105265e+00
1206 6.578270831848e+00
1207 2.165895817356e+00
1208 6.436540448672e+00
1209 3.574449696378e+00
1210 0.000000000000e+00
1211 0.000000000000e+00
1212 0.000000000000e+00
1213 7.888777933240e+00
1214 8.271082376867e+00
1215 3.704857020481e+00
1216 0.000000000000e+00
1217 0.000000000000e+00
1218 1.348450337301e+01
1219 0.000000000000e+00
1220 2.752647279896e+00
1221 3.460091579699e+00
1222 6.330123400185e+00
1223 5.946310919667e+00
1224 1.098835229832e+01
1225 5.643151508071e+00
1226 1.074460270229e+01
1227 4.784071965402e+00
1228 8.979732038042e-01
1229 1.181954640332e+01
1230 0.000000000000e+00
1231 1.011793850026e+01
1232 7.817525767613e+00
1233 0.000000000000e+00
1234 1.021421659776e+01
1235 3.497839748324e+00
1236 0.000000000000e+00
1237 0.000000000000e+00
1238 5.373739391285e+00
1239 0.000000000000e+00
1240 0.000000000000e+00
1241 0.000000000000e+00
1242 0.000000000000e+00
1243 0.000000000000e+00
1244 6.069899528729e+00
1245 6.263963966667e+00
1246 7.056214591058e+00
1247 0.000000000000e+00
1248 0.000000000000e+00
1249 0.000000000000e+00
1250 0.000000000000e+00
1251 0.000000000000e+00
1252 0.000000000000e+00
1253 0.000000000000e+00
1254 0.000000000000e+00
1255 0.000000000000e+00
1256 0.000000000000e+00
1257 0.000000000000e+00
1258 0.000000000000e+00
1259 0.000000000000e+00
1260 0.000000000000e+00
1261 0.000000000000e+00
1262 0.000000000000e+00
1263 1.299500455617e+00
1264 0.000000000000e+00
1265 5.486520641425e+00
1266 0.000000000000e+00
1267 1.186086341019e+01
1268 1.157581264665e+01
1269 0.000000000000e+00
1270 7.502045523197e+00
1271 0.000000000000e+00
1272 0.000000000000e+00
1273 2.187200789774e+00
1274 0.000000000000e+00
1275 0.000000000000e+00
1276 0.000000000000e+00
1277 0.000000000000e+00
1278 1.675283589551e+01
1279 0.000000000000e+00
1280 0.000000000000e+00
1281 0.000000000000e+00
1282 0.000000000000e+00
1283 0.000000000000e+00
1284 0.000000000000e+00
1285 0.000000000000e+00
1286 0.000000000000e+00
1287 0.000000000000e+00
1288 0.000000000000e+00
1289 2.936019765022e+00
1290 7.087903595457e+00
1291 1.155858407484e+01
1292 0.000000000000e+00
1293 0.000000000000e+00
1294 0.000000000000e+00
1295 0.000000000000e+00
1296 0.000000000000e+00
1297 0.000000000000e+00
1298 0.000000000000e+00
1299 0.000000000000e+00
1300 0.000000000000e+00
1301 0.000000000000e+00
1302 0.000000000000e+00
1303 0.000000000000e+00
1304 0.000000000000e+00
1305 0.000000000000e+00
1306 0.000000000000e+00
1307 0.000000000000e+00
1308 0.000000000000e+00
1309 0.000000000000e+00
1310 0.000000000000e+00
1311 0.000000000000e+00
1312 0.000000000000e+00
1313 0.000000000000e+00
1314 0.000000000000e+00
1315 0.000000000000e+00
1316 0.000000000000e+00
1317 0.000000000000e+00
1318 0.000000000000e+00
1319 0.000000000000e+00
1320 0.000000000000e+00
1321 0.000000000000e+00
1322 0.000000000000e+00
1323 0.000000000000e+00
1324 0.000000000000e+00
1325 0.000000000000e+00
1326 0.000000000000e+00
1327 0.000000000000e+00
1328 0.000000000000e+00
1329 0.000000000000e+00
1330 0.000000000000e+00
1331 0.000000000000e+00
1332 0.000000000000e+00
1333 0.000000000000e+00
1334 0.000000000000e+00
1335 0.000000000000e+00
1336 0.000000000000e+00
1337 0.000000000000e+00
1338 0.000000000000e+00
1339 0.000000000000e+00
1340 0.000000000000e+00
1341 0.000000000000e+00
1342 0.000000000000e+00
1343 0.000000000000e+00
1344 0.000000000000e+00
1345 0.000000000000e+00
1346 0.000000000000e+00
1347 0.000000000000e+00
1348 0.000000000000e+00
1349 0.000000000000e+00
1350 0.000000000000e+00
1351 0.000000000000e+00
1352 0.000000000000e+00
1353 0.000000000000e+00
1354 0.000000000000e+00
1355 0.000000000000e+00
1356 0.000000000000e+00
1357 0.000000000000e+00
1358 0.000000000000e+00
1359 0.000000000000e+00
1360 0.000000000000e+00
1361 3.009712425922e+00
1362 0.000000000000e+00
1363 0.000000000000e+00
1364 0.000000000000e+00
1365 8.525716680368e-01
1366 0.000000000000e+00
1367 8.033453002175e-01
1368 0.000000000000e+00
1369 5.862259295393e+00
1370 0.000000000000e+00
1371 0.000000000000e+00
1372 1.121394581874e+01
1373 0.000000000000e+00
1374 5.323236622497e+00
1375 0.000000000000e+00
1376 0.000000000000e+00
1377 0.000000000000e+00
1378 0.000000000000e+00
1379 0.000000000000e+00
1380 0.000000000000e+00
1381 3.893239350859e+00
1382 0.000000000000e+00
1383 0.000000000000e+00
1384 0.000000000000e+00
1385 0.000000000000e+00
1386 0.000000000000e+00
1387 0.000000000000e+00
1388 0.000000000000e+00
1389 0.000000000000e+00
1390 3.426091740630e+00
1391 7.043181156109e-01
1392 1.756344316744e+00
1393 1.100290788635e+01
1394 5.380009257638e+00
1395 4.364209614237e+00
1396 0.000000000000e+00
1397 9.063284590192e+00
1398 7.272548538373e+00
1399 9.028186552698e+00
1400 0.000000000000e+00
1401 0.000000000000e+00
1402 0.000000000000e+00
1403 2.837030521849e-01
1404 1.289069068189e+01
1405 1.872725851709e+00
1406 3.117677867031e+00
1407 0.000000000000e+00
1408 1.208700022840e+01
1409 0.000000000000e+00
1410 6.944501147787e+00
1411 1.269543171028e+01
1412 9.023475474282e+00
1413 0.000000000000e+00
1414 0.000000000000e+00
1415 8.014058129537e-01
1416 9.381641615056e+00
1417 2.043548170227e+00
1418 0.000000000000e+00
1419 1.376402062626e+00
1420 0.000000000000e+00
1421 1.002666269193e+01
1422 0.000000000000e+00
1423 0.000000000000e+00
1424 2.725322134995e+00
1425 0.000000000000e+00
1426 6.464392338813e+00
1427 9.233547666732e+00
1428 0.000000000000e+00
1429 0.000000000000e+00
1430 0.000000000000e+00
1431 0.000000000000e+00
1432 1.152126510813e+01
1433 1.002317876818e+01
1434 0.000000000000e+00
1435 0.000000000000e+00
1436 8.903822182386e+00
1437 0.000000000000e+00
1438 0.000000000000e+00
1439 0.000000000000e+00
1440 0.000000000000e+00
1441 0.000000000000e+00
1442 0.000000000000e+00
1443 4.858444450269e-01
1444 4.093784574658e+00
1445 8.923296467045e+00
1446 1.213018332409e+01
1447 2.599625414456e+00
1448 0.000000000000e+00
1449 5.205432419351e+00
1450 4.758264265688e+00
1451 0.000000000000e+00
1452 2.505960246679e+00
1453 0.000000000000e+00
1454 0.000000000000e+00
1455 0.000000000000e+00
1456 0.000000000000e+00
1457 0.000000000000e+00
1458 0.000000000000e+00
1459 0.000000000000e+00
1460 0.000000000000e+00
1461 0.000000000000e+00
1462 0.000000000000e+00
1463 0.000000000000e+00
1464 0.000000000000e+00
1465 0.000000000000e+00
1466 0.000000000000e+00
1467 0.000000000000e+00
1468 0.000000000000e+00
1469 0.000000000000e+00
1470 0.000000000000e+00
1471 0.000000000000e+00
1472 0.000000000000e+00
1473 0.000000000000e+00
1474 0.000000000000e+00
1475 0.000000000000e+00
1476 0.000000000000e+00
1477 0.000000000000e+00
1478 0.000000000000e+00
1479 0.000000000000e+00
1480 0.000000000000e+00
1481 0.000000000000e+00
1482 0.000000000000e+00
1483 0.000000000000e+00
1484 3.866267617009e+00
1485 0.000000000000e+00
1486 1.090616418672e+01
1487 0.000000000000e+00
1488 0.000000000000e+00
1489 1.132474695483e+01
1490 0.000000000000e+00
1491 0.000000000000e+00
1492 0.000000000000e+00
1493 0.000000000000e+00
1494 0.000000000000e+00
1495 0.000000000000e+00
1496 0.000000000000e+00
1497 0.000000000000e+00
1498 0.000000000000e+00
1499 0.000000000000e+00
1500 0.000000000000e+00
1501 0.000000000000e+00
1502 0.000000000000e+00
1503 7.978622746867e+00
1504 2.612441319322e+01
1505 0.000000000000e+00
1506 0.000000000000e+00
1507 2.761633011314e+00
1508 0.000000000000e+00
1509 6.083927532831e+00
1510 0.000000000000e+00
1511 0.000000000000e+00
1512 0.000000000000e+00
1513 0.000000000000e+00
1514 0.000000000000e+00
1515 0.000000000000e+00
1516 0.000000000000e+00
1517 0.000000000000e+00
1518 0.000000000000e+00
1519 0.000000000000e+00
1520 0.000000000000e+00
1521 0.000000000000e+00
1522 0.000000000000e+00
1523 0.000000000000e+00
1524 0.000000000000e+00
1525 6.242973328824e+00
1526 0.000000000000e+00
1527 0.000000000000e+00
1528 0.000000000000e+00
1529 0.000000000000e+00
1530 0.000000000000e+00
1531 0.000000000000e+00
1532 5.194375127571e+00
1533 0.000000000000e+00
1534 0.000000000000e+00
1535 1.144541705485e+01
1536 6.214192843555e-01
1537 1.643480718503e+01
1538 1.010992158778e+00
1539 0.000000000000e+00
1540 1.077458236094e+01
1541 0.000000000000e+00
1542 0.000000000000e+00
1543 6.330893465469e+00
1544 9.199190872962e+00
1545 3.232090633576e+00
1546 0.000000000000e+00
1547 0.000000000000e+00
1548 3.379414220382e+00
1549 0.000000000000e+00
1550 1.045770746119e+00
1551 0.000000000000e+00
1552 0.000000000000e+00
1553 1.209544923387e+01
1554 0.000000000000e+00
1555 7.017057396468e+00
1556 1.017184112200e+01
1557 8.338885935437e+00
1558 0.000000000000e+00
1559 0.000000000000e+00
1560 0.000000000000e+00
1561 0.000000000000e+00
1562 0.000000000000e+00
1563 0.000000000000e+00
1564 0.000000000000e+00
1565 0.000000000000e+00
1566 0.000000000000e+00
1567 0.000000000000e+00
1568 0.000000000000e+00
1569 0.000000000000e+00
1570 0.000000000000e+00
1571 3.067102241980e+00
1572 0.000000000000e+00
1573 1.809069911360e+00
1574 0.000000000000e+00
1575 0.000000000000e+00
1576 0.000000000000e+00
1577 0.000000000000e+00
1578 0.000000000000e+00
1579 0.000000000000e+00
1580 0.000000000000e+00
1581 0.000000000000e+00
1582 0.000000000000e+00
1583 0.000000000000e+00
1584 0.000000000000e+00
1585 0.000000000000e+00
1586 0.000000000000e+00
1587 0.000000000000e+00
1588 0.000000000000e+00
1589 0.000000000000e+00
1590 0.000000000000e+00
1591 0.000000000000e+00
1592 0.000000000000e+00
1593 0.000000000000e+00
1594 0.000000000000e+00
1595 0.000000000000e+00
1596 0.000000000000e+00
1597 0.000000000000e+00
1598 0.000000000000e+00
1599 7.116595867433e+00
1600 0.000000000000e+00
1601 0.000000000000e+00
1602 4.245448075887e+00
1603 4.322675391627e+00
1604 3.123781503835e+00
1605 0.000000000000e+00
1606 0.000000000000e+00
1607 1.036844404145e+01
1608 0.000000000000e+00
1609 0.000000000000e+00
1610 1.978772763355e+01
1611 1.632148057756e+01
1612 0.000000000000e+00
1613 0.000000000000e+00
1614 0.000000000000e+00
1615 0.000000000000e+00
1616 3.712306404333e+00
1617 1.055689794692e+00
1618 1.465110719016e+01
1619 4.930451743583e+00
1620 4.989628001921e+00
1621 1.312570285243e+01
1622 8.399709114551e+00
1623 0.000000000000e+00
1624 8.518775625647e+00
1625 7.504018376001e+00
1626 0.000000000000e+00
1627 3.948242257560e+00
1628 0.000000000000e+00
1629 0.000000000000e+00
1630 1.694742488793e+01
1631 0.000000000000e+00
1632 0.000000000000e+00
1633 0.000000000000e+00
1634 0.000000000000e+00
1635 0.000000000000e+00
1636 0.000000000000e+00
1637 0.000000000000e+00
1638 0.000000000000e+00
1639 0.000000000000e+00
1640 0.000000000000e+00
1641 0.000000000000e+00
1642 0.000000000000e+00
1643 2.705488068298e+00
1644 0.000000000000e+00
1645 0.000000000000e+00
1646 9.252263761145e+00
1647 0.000000000000e+00
1648 0.000000000000e+00
1649 0.000000000000e+00
1650 0.000000000000e+00
1651 0.000000000000e+00
1652 1.941366126705e+01
1653 3.022636415910e+00
1654 6.232230009149e+00
1655 1.259452777267e+01
1656 3.814593746801e+00
1657 0.000000000000e+00
1658 0.000000000000e+00
1659 6.546083895404e+00
1660 5.607725883473e+00
1661 4.844792168912e+00
1662 0.000000000000e+00
1663 0.000000000000e+00
1664 1.329566800060e+01
1665 1.540039547752e+00
1666 0.000000000000e+00
1667 2.055617980125e+00
1668 3.641829052308e+00
1669 2.782465774655e+01
1670 0.000000000000e+00
1671 0.000000000000e+00
1672 0.000000000000e+00
1673 8.478089281291e+00
1674 0.000000000000e+00
1675 0.000000000000e+00
1676 0.000000000000e+00
1677 0.000000000000e+00
1678 9.205229072700e+00
1679 4.458037364082e+00
1680 0.000000000000e+00
1681 1.060440076199e+01
1682 2.346858685486e+00
1683 0.000000000000e+00
1684 0.000000000000e+00
1685 3.988401225410e+00
1686 8.762625244743e+00
1687 0.000000000000e+00
1688 0.000000000000e+00
1689 1.295981236648e+00
1690 0.000000000000e+00
1691 4.794118114704e+00
1692 5.103584109538e+00
1693 7.886372531187e+00
1694 6.858134913508e+00
1695 0.000000000000e+00
1696 0.000000000000e+00
1697 0.000000000000e+00
1698 0.000000000000e+00
1699 0.000000000000e+00
1700 0.000000000000e+00
1701 4.337015076754e+00
1702 0.000000000000e+00
1703 5.459570934638e-01
1704 5.184137661430e+00
1705 0.000000000000e+00
1706 0.000000000000e+00
1707 2.652878662381e+00
1708 7.299807760400e+00
1709 3.108218401505e+00
1710 9.981330621712e+00
1711 5.239585451406e+00
1712 0.000000000000e+00
1713 2.011369030000e+01
1714 6.624577414501e+00
1715 0.000000000000e+00
1716 0.000000000000e+00
1717 0.000000000000e+00
1718 0.000000000000e+00
1719 0.000000000000e+00
1720 0.000000000000e+00
1721 4.697978262615e+00
1722 3.060743338286e+00
1723 0.000000000000e+00
1724 0.000000000000e+00
1725 7.090670541951e+00
1726 0.000000000000e+00
1727 2.290765589164e+01
1728 3.198202774695e+00
1729 1.801026375082e+00
1730 1.386342925427e+01
1731 0.000000000000e+00
1732 1.098663345531e-02
1733 1.605019495539e+01
1734 0.000000000000e+00
1735 0.000000000000e+00
1736 0.000000000000e+00
1737 8.402904176991e+00
1738 0.000000000000e+00
1739 0.000000000000e+00
1740 5.812723639055e+00
1741 0.000000000000e+00
1742 0.000000000000e+00
1743 1.917561854466e+00
1744 0.000000000000e+00
1745 3.972407838021e+00
1746 0.000000000000e+00
1747 0.000000000000e+00
1748 1.944335917314e+00
1749 3.434626346675e+00
1750 0.000000000000e+00
1751 0.000000000000e+00
1752 0.000000000000e+00
1753 1.027595948835e+00
1754 2.479138579144e+01
1755 2.766370028748e+00
1756 4.383457220334e+00
1757 0.000000000000e+00
1758 8.459521783309e+00
1759 0.000000000000e+00
1760 0.000000000000e+00
1761 0.000000000000e+00
1762 0.000000000000e+00
1763 5.302483574796e+00
1764 0.000000000000e+00
1765 0.000000000000e+00
1766 0.000000000000e+00
1767 0.000000000000e+00
1768 5.451292693380e+00
1769 0.000000000000e+00
1770 0.000000000000e+00
1771 1.356205727434e+01
1772 2.340770135757e+00
1773 1.459973081756e+00
1774 0.000000000000e+00
1775 3.001552512723e+00
1776 1.887757389552e+01
1777 0.000000000000e+00
1778 0.000000000000e+00
1779 5.015506070169e+00
1780 8.212752341980e+00
1781 0.000000000000e+00
1782 0.000000000000e+00
1783 0.000000000000e+00
1784 0.000000000000e+00
1785 1.024395085154e+01
1786 0.000000000000e+00
1787 0.000000000000e+00
1788 9.744009042263e+00
1789 1.005968052047e+01
1790 0.000000000000e+00
1791 0.000000000000e+00
1792 0.000000000000e+00
1793 0.000000000000e+00
1794 0.000000000000e+00
1795 0.000000000000e+00
1796 0.000000000000e+00
1797 0.000000000000e+00
1798 0.000000000000e+00
1799 0.000000000000e+00
1800 0.000000000000e+00
1801 0.000000000000e+00
1802 0.000000000000e+00
1803 8.078846280051e+00
1804 0.000000000000e+00
1805 0.000000000000e+00
1806 8.328909315978e-01
1807 0.000000000000e+00
1808 0.000000000000e+00
1809 6.951350807269e+00
1810 9.223127174635e+00
1811 7.264002306385e+00
1812 0.000000000000e+00
1813 0.000000000000e+00
1814 8.048239573509e+00
1815 0.000000000000e+00
1816 0.000000000000e+00
1817 0.000000000000e+00
1818 0.000000000000e+00
1819 0.000000000000e+00
1820 0.000000000000e+00
1821 0.000000000000e+00
1822 0.000000000000e+00
1823 0.000000000000e+00
1824 1.754328388179e+00
1825 0.000000000000e+00
1826 0.000000000000e+00
1827 0.000000000000e+00
1828 0.000000000000e+00
1829 0.000000000000e+00
1830 0.000000000000e+00
1831 0.000000000000e+00
1832 0.000000000000e+00
1833 0.000000000000e+00
1834 0.000000000000e+00
1835 7.033815644901e+00
1836 0.000000000000e+00
1837 0.000000000000e+00
1838 2.604154228141e+00
1839 0.000000000000e+00
1840 3.527560206860e+00
1841 0.000000000000e+00
1842 0.000000000000e+00
1843 0.000000000000e+00
1844 4.113752519716e+00
1845 1.779661659823e+01
1846 1.018312369778e+01
1847 0.000000000000e+00
1848 0.000000000000e+00
1849 0.000000000000e+00
1850 0.000000000000e+00
1851 0.000000000000e+00
1852 2.302764723699e+00
1853 0.000000000000e+00
1854 0.000000000000e+00
1855 0.000000000000e+00
1856 0.000000000000e+00
1857 0.000000000000e+00
1858 0.000000000000e+00
1859 1.791876221302e+01
1860 9.813560057515e-01
1861 2.261553871617e+00
1862 4.634720217622e+00
1863 4.914602263786e+00
1864 1.509717935548e+01
1865 4.018011904866e+00
1866 4.707505145894e+00
1867 1.133665900532e+01
1868 0.000000000000e+00
1869 1.683952063321e+00
1870 8.881536031364e+00
1871 0.000000000000e+00
1872 0.000000000000e+00
1873 0.000000000000e+00
1874 1.113291350629e+01
1875 0.000000000000e+00
1876 4.533098726182e-01
1877 3.439446420213e+00
1878 1.222107177546e+01
1879 5.891776076065e+00
1880 1.429980758398e+00
1881 0.000000000000e+00
1882 9.900968100215e+00
1883 6.143340182898e+00
1884 0.000000000000e+00
1885 1.853386819274e+01
1886 1.914727991064e+01
1887 0.000000000000e+00
1888 0.000000000000e+00
1889 0.000000000000e+00
1890 0.000000000000e+00
1891 8.917028507445e+00
1892 0.000000000000e+00
1893 0.000000000000e+00
1894 0.000000000000e+00
1895 0.000000000000e+00
1896 0.000000000000e+00
1897 0.000000000000e+00
1898 0.000000000000e+00
1899 0.000000000000e+00
1900 0.000000000000e+00
1901 0.000000000000e+00
1902 4.906680226251e+00
1903 0.000000000000e+00
1904 6.204463478307e+00
1905 0.000000000000e+00
1906 0.000000000000e+00
1907 0.000000000000e+00
1908 0.000000000000e+00
1909 0.000000000000e+00
1910 9.193365169100e+00
1911 5.738488055461e-01
1912 1.158148177463e+00
1913 3.548987931861e-01
1914 8.784861899375e+00
1915 2.821028632004e+00
1916 2.553415793654e+01
1917 2.550231652661e+01
1918 1.242302734996e+01
1919 0.000000000000e+00
1920 0.000000000000e+00
1921 0.000000000000e+00
1922 0.000000000000e+00
1923 0.000000000000e+00
1924 0.000000000000e+00
1925 1.026746665963e+01
1926 4.391405552804e+00
1927 0.000000000000e+00
1928 0.000000000000e+00
1929 5.385255879845e+00
1930 8.498131805192e+00
1931 0.000000000000e+00
1932 0.000000000000e+00
1933 0.000000000000e+00
1934 0.000000000000e+00
1935 5.997716957540e+00
1936 4.272230484744e+00
1937 0.000000000000e+00
1938 3.046714590971e+00
1939 7.759283752261e+00
1940 7.530891241234e+00
1941 0.000000000000e+00
1942 1.752162477158e+00
1943 0.000000000000e+00
1944 0.000000000000e+00
1945 0.000000000000e+00
1946 0.000000000000e+00
1947 0.000000000000e+00
1948 4.799326575278e+00
1949 9.809335490026e-01
1950 0.000000000000e+00
1951 1.035671618412e+01
1952 1.129752955584e+01
1953 7.969142409562e-01
1954 9.166119069711e+00
1955 0.000000000000e+00
1956 4.815576200898e+00
1957 0.000000000000e+00
1958 5.107635207716e+00
1959 9.330463763740e+00
1960 0.000000000000e+00
1961 1.710732640561e+00
1962 0.000000000000e+00
1963 0.000000000000e+00
1964 0.000000000000e+00
1965 4.482092978982e+00
1966 1.467681563217e+01
1967 0.000000000000e+00
1968 5.096424036788e+00
1969 1.161468494132e+01
1970 3.959780650285e+00
1971 1.571777561523e+00
1972 0.000000000000e+00
1973 0.000000000000e+00
1974 0.000000000000e+00
1975 3.067149925918e+00
1976 8.811966408872e-01
1977 4.587830961187e+00
1978 1.895810809090e+01
1979 5.956194771497e+00
1980 0.000000000000e+00
1981 4.424940126244e+00
1982 4.589894726994e+00
1983 0.000000000000e+00
1984 0.000000000000e+00
1985 0.000000000000e+00
1986 0.000000000000e+00
1987 0.000000000000e+00
1988 0.000000000000e+00
1989 0.000000000000e+00
1990 0.000000000000e+00
1991 0.000000000000e+00
1992 0.000000000000e+00
1993 0.000000000000e+00
1994 0.000000000000e+00
1995 0.000000000000e+00
1996 0.000000000000e+00
1997 0.000000000000e+00
1998 0.000000000000e+00
1999 0.000000000000e+00
2000 0.000000000000e+00
2001 0.000000000000e+00
2002 0.000000000000e+00
2003 0.000000000000e+00
2004 0.000000000000e+00
2005 0.000000000000e+00
2006 0.000000000000e+00
2007 0.000000000000e+00
2008 0.000000000000e+00
2009 0.000000000000e+00
2010 0.000000000000e+00
2011 0.000000000000e+00
2012 0.000000000000e+00
2013 1.271992000044e+00
2014 0.000000000000e+00
2015 0.000000000000e+00
2016 0.000000000000e+00
2017 0.000000000000e+00
2018 6.724319078643e+00
2019 5.687394306581e+00
2020 0.000000000000e+00
2021 0.000000000000e+00
2022 1.562684477914e+00
2023 7.908037654787e+00
2024 8.094314429141e-01
2025 0.000000000000e+00
2026 3.265272214875e+00
2027 8.884654916087e+00
2028 0.000000000000e+00
2029 0.000000000000e+00
2030 0.000000000000e+00
2031 1.099344669441e+01
2032 3.865905198024e+00
2033 0.000000000000e+00
2034 1.991523903339e+01
2035 1.807795138332e+01
2036 0.000000000000e+00
2037 2.677792155722e+00
2038 0.000000000000e+00
2039 0.000000000000e+00
2040 0.000000000000e+00
2041 0.000000000000e+00
2042 1.264992988480e+01
2043 0.000000000000e+00
2044 7.178568234747e+00
2045 0.000000000000e+00
2046 0.000000000000e+00
2047 0.000000000000e+00
2048 0.000000000000e+00
2049 1.474241008131e+01
2050 0.000000000000e+00
2051 0.000000000000e+00
2052 0.000000000000e+00
2053 0.000000000000e+00
2054 0.000000000000e+00
2055 0.000000000000e+00
2056 0.000000000000e+00
2057 0.000000000000e+00
2058 0.000000000000e+00
2059 0.000000000000e+00
2060 0.000000000000e+00
2061 0.000000000000e+00
2062 0.000000000000e+00
2063 0.000000000000e+00
2064 0.000000000000e+00
2065 0.000000000000e+00
2066 0.000000000000e+00
2067 0.000000000000e+00
2068 0.000000000000e+00
2069 0.000000000000e+00
2070 0.000000000000e+00
2071 0.000000000000e+00
2072 0.000000000000e+00
2073 3.668383730339e+00
2074 0.000000000000e+00
2075 0.000000000000e+00
2076 1.382784038050e+00
2077 0.000000000000e+00
2078 1.794558628186e+01
2079 0.000000000000e+00
2080 4.270946380480e+00
2081 0.000000000000e+00
2082 8.529594123095e+00
2083 0.000000000000e+00
2084 0.000000000000e+00
2085 0.000000000000e+00
2086 0.000000000000e+00
2087 1.382352708533e+01
2088 0.000000000000e+00
2089 0.000000000000e+00
2090 2.692134433995e+00
2091 0.000000000000e+00
2092 0.000000000000e+00
2093 0.000000000000e+00
2094 0.000000000000e+00
2095 8.295240761904e+00
2096 7.754894775585e-01
2097 0.000000000000e+00
2098 7.124976676822e-01
2099 1.253923338762e+01
2100 2.559525409344e+01
2101 6.312859975850e+00
2102 3.133150138880e+00
2103 3.193019941043e+00
2104 1.264422146214e+01
2105 0.000000000000e+00
2106 0.000000000000e+00
2107 0.000000000000e+00
2108 0.000000000000e+00
2109 1.161983590938e+01
2110 6.792165926158e+00
2111 0.000000000000e+00
2112 3.924992539973e+00
2113 1.165298164523e+01
2114 0.000000000000e+00
2115 0.000000000000e+00
2116 0.000000000000e+00
2117 6.289941248810e+00
2118 0.000000000000e+00
2119 0.000000000000e+00
2120 4.785933243414e-01
2121 9.672909368767e+00
2122 2.240918194305e+01
2123 3.853140926172e+00
2124 6.312528974197e+00
2125 0.000000000000e+00
2126 0.000000000000e+00
2127 0.000000000000e+00
2128 0.000000000000e+00
2129 0.000000000000e+00
2130 0.000000000000e+00
2131 0.000000000000e+00
2132 3.883079007848e+00
2133 0.000000000000e+00
2134 0.000000000000e+00
2135 0.000000000000e+00
2136 0.000000000000e+00
2137 0.000000000000e+00
2138 0.000000000000e+00
2139 0.000000000000e+00
2140 0.000000000000e+00
2141 0.000000000000e+00
2142 0.000000000000e+00
2143 0.000000000000e+00
2144 0.000000000000e+00
2145 0.000000000000e+00
2146 0.000000000000e+00
2147 0.000000000000e+00
2148 0.000000000000e+00
2149 3.470675430759e-01
2150 2.558699336251e+00
2151 7.854705893478e+00
2152 3.855509327099e+00
2153 0.000000000000e+00
2154 8.763198267288e+00
2155 1.083202536220e+01
2156 1.295932842794e+01
2157 2.810922947215e+00
2158 0.000000000000e+00
2159 0.000000000000e+00
2160 0.000000000000e+00
2161 1.407923136547e+01
2162 0.000000000000e+00
2163 0.000000000000e+00
2164 0.000000000000e+00
2165 0.000000000000e+00
2166 0.000000000000e+00
2167 0.000000000000e+00
2168 0.000000000000e+00
2169 0.000000000000e+00
2170 0.000000000000e+00
2171 0.000000000000e+00
2172 0.000000000000e+00
2173 0.000000000000e+00
2174 0.000000000000e+00
2175 0.000000000000e+00
2176 0.000000000000e+00
2177 0.000000000000e+00
2178 0.000000000000e+00
2179 0.000000000000e+00
2180 0.000000000000e+00
2181 2.170919774780e+00
2182 0.000000000000e+00
2183 0.000000000000e+00
2184 0.000000000000e+00
2185 6.615034426994e+00
2186 0.000000000000e+00
2187 0.000000000000e+00
2188 6.360600740940e+00
2189 1.149244499104e+00
2190 1.001302792026e+00
2191 1.095370486710e+01
2192 0.000000000000e+00
2193 2.664760126757e+00
2194 1.087379308478e+01
2195 7.247282131946e-01
2196 1.964626916589e+00
2197 4.530976890911e+00
2198 1.649901324720e+01
2199 1.748535765010e+01
2200 1.167036897183e+01
2201 0.000000000000e+00
2202 9.715898802282e+00
2203 0.000000000000e+00
2204 1.100190888743e+01
2205 9.827108839626e+00
2206 0.000000000000e+00
2207 0.000000000000e+00
2208 1.670386610751e+00
2209 5.084279387271e+00
2210 9.104936173360e-01
2211 0.000000000000e+00
2212 0.000000000000e+00
2213 3.275234759865e+00
2214 0.000000000000e+00
2215 2.111696860901e+00
2216 0.000000000000e+00
2217 4.502904331265e+00
2218 7.780747717599e+00
2219 0.000000000000e+00
2220 7.845443259994e+00
2221 0.000000000000e+00
2222 1.301454941040e+01
2223 0.000000000000e+00
2224 1.068423393235e+01
2225 8.943840509789e+00
2226 4.458065928592e+00
2227 0.000000000000e+00
2228 0.000000000000e+00
2229 0.000000000000e+00
2230 1.008175938240e+01
2231 0.000000000000e+00
2232 0.000000000000e+00
2233 0.000000000000e+00
2234 0.000000000000e+00
2235 0.000000000000e+00
2236 0.000000000000e+00
2237 0.000000000000e+00
2238 0.000000000000e+00
2239 0.000000000000e+00
2240 0.000000000000e+00
2241 0.000000000000e+00
2242 0.000000000000e+00
2243 0.000000000000e+00
2244 0.000000000000e+00
2245 0.000000000000e+00
2246 0.000000000000e+00
2247 0.000000000000e+00
2248 0.000000000000e+00
2249 0.000000000000e+00
2250 0.000000000000e+00
2251 4.673439698159e+00
2252 0.000000000000e+00
2253 0.000000000000e+00
2254 0.000000000000e+00
2255 0.000000000000e+00
2256 0.000000000000e+00
2257 0.000000000000e+00
2258 1.145568320360e+01
2259 1.327372893632e+00
2260 0.000000000000e+00
2261 4.204363038764e+00
2262 1.070353836743e+01
2263 1.373282951665e+01
2264 0.000000000000e+00
2265 0.000000000000e+00
2266 3.518257911130e+00
2267 0.000000000000e+00
2268 4.085221384377e+00
2269 8.504094449997e+00
2270 0.000000000000e+00
2271 0.000000000000e+00
2272 0.000000000000e+00
2273 0.000000000000e+00
2274 8.033554265543e-01
2275 0.000000000000e+00
2276 3.237247887124e+00
2277 0.000000000000e+00
2278 7.465805092867e+00
2279 2.571924257312e+00
2280 0.000000000000e+00
2281 0.000000000000e+00
2282 0.000000000000e+00
2283 0.000000000000e+00
2284 0.000000000000e+00
2285 0.000000000000e+00
2286 0.000000000000e+00
2287 0.000000000000e+00
2288 0.000000000000e+00
2289 0.000000000000e+00
2290 2.798187820985e+00
2291 0.000000000000e+00
2292 0.000000000000e+00
2293 4.120133932505e+00
2294 0.000000000000e+00
2295 0.000000000000e+00
2296 9.166570092358e+00
2297 8.142530596818e+00
2298 3.643208039934e+00
2299 0.000000000000e+00
2300 5.582095365279e+00
2301 0.000000000000e+00
2302 0.000000000000e+00
2303 0.000000000000e+00
2304 0.000000000000e+00
2305 0.000000000000e+00
2306 0.000000000000e+00
2307 0.000000000000e+00
2308 0.000000000000e+00
2309 5.500008596002e+00
2310 0.000000000000e+00
2311 0.000000000000e+00
2312 5.274318857655e+00
2313 0.000000000000e+00
2314 0.000000000000e+00
2315 0.000000000000e+00
2316 0.000000000000e+00
2317 0.000000000000e+00
2318 0.000000000000e+00
2319 0.000000000000e+00
2320 0.000000000000e+00
2321 0.000000000000e+00
2322 0.000000000000e+00
2323 0.000000000000e+00
2324 0.000000000000e+00
2325 0.000000000000e+00
2326 0.000000000000e+00
2327 0.000000000000e+00
2328 0.000000000000e+00
2329 0.000000000000e+00
2330 0.000000000000e+00
2331 0.000000000000e+00
2332 0.000000000000e+00
2333 0.000000000000e+00
2334 0.000000000000e+00
2335 0.000000000000e+00
2336 0.000000000000e+00
2337 0.000000000000e+00
2338 0.000000000000e+00
2339 0.000000000000e+00
2340 0.000000000000e+00
2341 0.000000000000e+00
2342 0.000000000000e+00
2343 0.000000000000e+00
2344 0.000000000000e+00
2345 0.000000000000e+00
2346 0.000000000000e+00
2347 0.000000000000e+00
2348 0.000000000000e+00
2349 0.000000000000e+00
2350 6.358781054118e+00
2351 0.000000000000e+00
2352 4.509768188429e+00
2353 9.740481755231e-01
2354 0.000000000000e+00
2355 5.162352826892e+00
2356 0.000000000000e+00
2357 4.395110735032e+00
2358 0.000000000000e+00
2359 0.000000000000e+00
2360 0.000000000000e+00
2361 0.000000000000e+00
2362 0.000000000000e+00
2363 1.191717953718e+01
2364 4.197912911721e+00
2365 0.000000000000e+00
2366 2.166995478615e+00
2367 0.000000000000e+00
2368 0.000000000000e+00
2369 0.000000000000e+00
2370 0.000000000000e+00
2371 0.000000000000e+00
2372 0.000000000000e+00
2373 0.000000000000e+00
2374 0.000000000000e+00
2375 8.338223606493e+00
2376 0.000000000000e+00
2377 0.000000000000e+00
2378 0.000000000000e+00
2379 0.000000000000e+00
2380 0.000000000000e+00
2381 0.000000000000e+00
2382 0.000000000000e+00
2383 0.000000000000e+00
2384 0.000000000000e+00
2385 0.000000000000e+00
2386 4.600630347652e+00
2387 0.000000000000e+00
2388 0.000000000000e+00
2389 0.000000000000e+00
2390 0.000000000000e+00
2391 0.000000000000e+00
2392 0.000000000000e+00
2393 0.000000000000e+00
2394 0.000000000000e+00
2395 0.000000000000e+00
2396 0.000000000000e+00
2397 0.000000000000e+00
2398 0.000000000000e+00
2399 0.000000000000e+00
2400 0.000000000000e+00
2401 0.000000000000e+00
2402 0.000000000000e+00
2403 0.000000000000e+00
2404 0.000000000000e+00
2405 0.000000000000e+00
2406 0.000000000000e+00
2407 0.000000000000e+00
2408 0.000000000000e+00
2409 0.000000000000e+00
2410 0.000000000000e+00
2411 3.173085338650e+00
2412 6.965703964506e+00
2413 7.313869258873e-01
2414 0.000000000000e+00
2415 1.245563507665e+00
2416 7.130013121349e+00
2417 0.000000000000e+00
2418 0.000000000000e+00
2419 0.000000000000e+00
2420 6.971058286575e+00
2421 4.794821086108e+00
2422 0.000000000000e+00
2423 0.000000000000e+00
2424 0.000000000000e+00
2425 0.000000000000e+00
2426 6.015312214933e+00
2427 0.000000000000e+00
2428 0.000000000000e+00
2429 0.000000000000e+00
2430 0.000000000000e+00
2431 0.000000000000e+00
2432 0.000000000000e+00
2433 5.091224892552e+00
2434 0.000000000000e+00
2435 0.000000000000e+00
2436 4.283374479697e+00
2437 0.000000000000e+00
2438 7.555047148787e+00
2439 4.348931121336e+00
2440 4.191147414569e+00
2441 4.623210838544e+00
2442 0.000000000000e+00
2443 1.211632539370e+00
2444 1.228977989032e+01
2445 4.259500219725e+00
2446 0.000000000000e+00
2447 7.330529278317e+00
2448 0.000000000000e+00
2449 1.125717254953e+01
2450 0.000000000000e+00
2451 0.000000000000e+00
2452 0.000000000000e+00
2453 5.020863163087e+00
2454 0.000000000000e+00
2455 0.000000000000e+00
2456 0.000000000000e+00
2457 4.558631366702e+00
2458 0.000000000000e+00
2459 0.000000000000e+00
2460 0.000000000000e+00
2461 4.763608480629e+00
2462 0.000000000000e+00
2463 0.000000000000e+00
2464 0.000000000000e+00
2465 0.000000000000e+00
2466 0.000000000000e+00
2467 0.000000000000e+00
2468 0.000000000000e+00
2469 0.000000000000e+00
2470 5.220583318588e+00
2471 0.000000000000e+00
2472 0.000000000000e+00
2473 0.000000000000e+00
2474 4.404519828309e-01
2475 0.000000000000e+00
2476 4.327912563235e+00
2477 1.652183418893e+01
2478 8.638220516969e+00
2479 0.000000000000e+00
2480 2.021427590478e+00
2481 9.419750803642e+00
2482 0.000000000000e+00
2483 5.244940526889e+00
2484 5.414087788515e+00
2485 4.112273291129e+00
2486 0.000000000000e+00
2487 1.672884684067e+00
2488 1.265923082451e+01
2489 2.968292820433e+00
2490 1.401678107363e+00
2491 0.000000000000e+00
2492 4.954396402643e+00
2493 0.000000000000e+00
2494 2.509536508949e+00
2495 0.000000000000e+00
2496 0.000000000000e+00
2497 0.000000000000e+00
2498 0.000000000000e+00
2499 7.527956386139e+00
2500 0.000000000000e+00
2501 9.684813083352e+00
2502 0.000000000000e+00
2503 4.594593235227e+00
2504 8.967897938567e+00
2505 0.000000000000e+00
2506 2.115596070794e+00
2507 0.000000000000e+00
2508 0.000000000000e+00
2509 0.000000000000e+00
2510 6.016996032510e-01
2511 2.290612336817e+00
2512 4.571294853889e+00
2513 8.026942300119e+00
2514 0.000000000000e+00
2515 9.206309254521e+00
2516 1.196599242842e+00
2517 1.005566110861e+01
2518 7.644654646794e+00
2519 7.117037597114e+00
2520 0.000000000000e+00
2521 0.000000000000e+00
2522 0.000000000000e+00
2523 5.524199778244e+00
2524 0.000000000000e+00
2525 0.000000000000e+00
2526 0.000000000000e+00
2527 0.000000000000e+00
2528 0.000000000000e+00
2529 0.000000000000e+00
2530 0.000000000000e+00
2531 0.000000000000e+00
2532 0.000000000000e+00
2533 0.000000000000e+00
2534 0.000000000000e+00
2535 0.000000000000e+00
2536 0.000000000000e+00
2537 0.000000000000e+00
2538 0.000000000000e+00
2539 0.000000000000e+00
2540 0.000000000000e+00
2541 0.000000000000e+00
2542 0.000000000000e+00
2543 0.000000000000e+00
2544 0.000000000000e+00
2545 4.653736457628e+00
2546 0.000000000000e+00
2547 0.000000000000e+00
2548 6.381029094465e+00
2549 0.000000000000e+00
2550 0.000000000000e+00
2551 8.694539000225e+00
2552 0.000000000000e+00
2553 1.107911764633e+01
2554 6.557443379633e+00
2555 0.000000000000e+00
2556 0.000000000000e+00
2557 0.000000000000e+00
2558 0.000000000000e+00
2559 0.000000000000e+00
2560 0.000000000000e+00
2561 0.000000000000e+00
2562 0.000000000000e+00
2563 0.000000000000e+00
2564 0.000000000000e+00
2565 0.000000000000e+00
2566 0.000000000000e+00
2567 0.000000000000e+00
2568 0.000000000000e+00
2569 0.000000000000e+00
2570 0.000000000000e+00
2571 0.000000000000e+00
2572 0.000000000000e+00
2573 0.000000000000e+00
2574 0.000000000000e+00
2575 0.000000000000e+00
2576 0.000000000000e+00
2577 0.000000000000e+00
2578 0.000000000000e+00
2579 0.000000000000e+00
2580 2.256700482536e+00
2581 8.727596509893e+00
2582 1.777654213926e+01
2583 0.000000000000e+00
2584 0.000000000000e+00
2585 0.000000000000e+00
2586 0.000000000000e+00
2587 0.000000000000e+00
2588 0.000000000000e+00
2589 0.000000000000e+00
2590 0.000000000000e+00
2591 0.000000000000e+00
2592 0.000000000000e+00
2593 0.000000000000e+00
2594 0.000000000000e+00
2595 0.000000000000e+00
2596 0.000000000000e+00
2597 0.000000000000e+00
2598 0.000000000000e+00
2599 0.000000000000e+00
2600 0.000000000000e+00
2601 0.000000000000e+00
2602 0.000000000000e+00
2603 0.000000000000e+00
2604 0.000000000000e+00
2605 0.000000000000e+00
2606 0.000000000000e+00
2607 0.000000000000e+00
2608 0.000000000000e+00
2609 0.000000000000e+00
2610 0.000000000000e+00
2611 0.000000000000e+00
2612 0.000000000000e+00
2613 0.000000000000e+00
2614 0.000000000000e+00
2615 0.000000000000e+00
2616 0.000000000000e+00
2617 0.000000000000e+00
2618 0.000000000000e+00
2619 2.363737644282e-01
2620 3.787170571670e+00
2621 3.519242349954e+00
2622 1.823814354559e+01
2623 2.050569780071e+01
2624 0.000000000000e+00
2625 0.000000000000e+00
2626 0.000000000000e+00
2627 7.683553258891e+00
2628 0.000000000000e+00
2629 0.000000000000e+00
2630 0.000000000000e+00
2631 1.081261077060e+01
2632 0.000000000000e+00
2633 0.000000000000e+00
2634 0.000000000000e+00
2635 3.012894151779e+00
2636 0.000000000000e+00
2637 0.000000000000e+00
2638 0.000000000000e+00
2639 0.000000000000e+00
2640 0.000000000000e+00
2641 0.000000000000e+00
2642 1.071612311031e+00
2643 3.789152697598e+00
2644 3.492971519342e+00
2645 8.568043876990e+00
2646 4.774075436494e+00
2647 0.000000000000e+00
2648 0.000000000000e+00
2649 0.000000000000e+00
2650 0.000000000000e+00
2651 1.528508185072e+01
2652 2.495482529122e+01
2653 0.000000000000e+00
2654 1.971999256969e+00
2655 0.000000000000e+00
2656 0.000000000000e+00
2657 0.000000000000e+00
2658 0.000000000000e+00
2659 0.000000000000e+00
2660 0.000000000000e+00
2661 5.260770610653e+00
2662 0.000000000000e+00
2663 6.197040977464e+00
2664 0.000000000000e+00
2665 0.000000000000e+00
2666 0.000000000000e+00
2667 0.000000000000e+00
2668 1.707976380141e+00
2669 0.000000000000e+00
2670 7.475968170267e+00
2671 0.000000000000e+00
2672 1.047497004516e+01
2673 0.000000000000e+00
2674 4.393628734845e+00
2675 0.000000000000e+00
2676 0.000000000000e+00
2677 0.000000000000e+00
2678 2.808398856462e+00
2679 1.901460632033e+00
2680 3.692814664751e+00
2681 1.324194354284e+01
2682 2.188915590196e+01
2683 1.135580035736e+01
2684 0.000000000000e+00
2685 5.351005283682e+00
2686 0.000000000000e+00
2687 7.966940222945e+00
2688 1.058693566386e+01
2689 0.000000000000e+00
2690 0.000000000000e+00
2691 0.000000000000e+00
2692 6.740060959915e+00
2693 0.000000000000e+00
2694 9.152601383068e-01
2695 4.539262467347e+00
2696 4.267822720870e+00
2697 0.000000000000e+00
2698 1.087701256445e+01
2699 0.000000000000e+00
2700 8.592487861646e+00
2701 0.000000000000e+00
2702 0.000000000000e+00
2703 4.905068622348e+00
2704 2.997752674550e+01
2705 0.000000000000e+00
2706 0.000000000000e+00
2707 0.000000000000e+00
2708 0.000000000000e+00
2709 0.000000000000e+00
2710 0.000000000000e+00
2711 0.000000000000e+00
2712 0.000000000000e+00
2713 0.000000000000e+00
2714 0.000000000000e+00
2715 0.000000000000e+00
2716 0.000000000000e+00
2717 0.000000000000e+00
2718 0.000000000000e+00
2719 0.000000000000e+00
2720 8.142474988550e+00
2721 0.000000000000e+00
2722 0.000000000000e+00
2723 1.059502293398e+00
2724 7.979100809342e+00
2725 1.692389989493e+01
2726 0.000000000000e+00
2727 4.697192468890e+00
2728 2.912913429698e+00
2729 0.000000000000e+00
2730 0.000000000000e+00
2731 0.000000000000e+00
2732 0.000000000000e+00
2733 0.000000000000e+00
2734 2.095700378989e+00
2735 2.261987904195e+00
2736 0.000000000000e+00
2737 4.216425664996e+00
2738 4.831857914255e+00
2739 0.000000000000e+00
2740 0.000000000000e+00
2741 0.000000000000e+00
2742 1.701296139724e+01
2743 0.000000000000e+00
2744 0.000000000000e+00
2745 3.789584733453e+00
2746 1.313269622094e+01
2747 8.350814274320e+00
2748 0.000000000000e+00
2749 0.000000000000e+00
2750 8.958319739005e+00
2751 4.257820980723e+00
2752 0.000000000000e+00
2753 1.996860854610e+01
2754 2.219874836390e+01
2755 0.000000000000e+00
2756 0.000000000000e+00
2757 0.000000000000e+00
2758 8.978613419523e-01
2759 1.080497122001e+01
2760 0.000000000000e+00
2761 0.000000000000e+00
2762 2.299684243774e+00
2763 3.646971282396e+00
2764 8.406998981587e+00
2765 1.066866453658e+01
2766 1.074913652429e+01
2767 0.000000000000e+00
2768 4.321873292795e+00
2769 9.105038369483e+00
2770 8.071809644010e+00
2771 4.332347156056e+00
2772 4.370908702783e+00
2773 1.379031202891e+00
2774 0.000000000000e+00
2775 0.000000000000e+00
2776 0.000000000000e+00
2777 0.000000000000e+00
2778 7.546296752265e+00
2779 0.000000000000e+00
2780 0.000000000000e+00
2781 0.000000000000e+00
2782 2.912898003908e+00
2783 0.000000000000e+00
2784 0.000000000000e+00
2785 0.000000000000e+00
2786 0.000000000000e+00
2787 0.000000000000e+00
2788 0.000000000000e+00
2789 0.000000000000e+00
2790 0.000000000000e+00
2791 4.350788542690e+00
2792 8.608008691933e+00
2793 0.000000000000e+00
2794 7.116007354514e-01
2795 8.318564448353e+00
2796 1.817896011324e+01
2797 2.009784157740e+01
2798 1.121859576890e+01
2799 8.651755734722e+00
2800 8.338569629941e+00
2801 0.000000000000e+00
2802 1.090494793826e+01
2803 6.982852907542e+00
2804 1.447462300132e+00
2805 0.000000000000e+00
2806 0.000000000000e+00
2807 0.000000000000e+00
2808 1.216331373003e+00
2809 3.776063287120e+00
2810 5.445673825531e+00
2811 0.000000000000e+00
2812 1.276182440204e+01
2813 1.079752967282e+01
2814 1.243488374850e+01
2815 2.584586996872e+01
2816 0.000000000000e+00
2817 0.000000000000e+00
2818 2.937612674836e+00
2819 2.632462748022e+00
2820 0.000000000000e+00
2821 0.000000000000e+00
2822 0.000000000000e+00
2823 7.829252647246e+00
2824 0.000000000000e+00
2825 0.000000000000e+00
2826 0.000000000000e+00
2827 0.000000000000e+00
2828 0.000000000000e+00
2829 0.000000000000e+00
2830 0.000000000000e+00
2831 0.000000000000e+00
2832 0.000000000000e+00
2833 0.000000000000e+00
2834 0.000000000000e+00
2835 0.000000000000e+00
2836 0.000000000000e+00
2837 1.881335020716e+00
2838 2.526406202623e+00
2839 2.809823407499e+00
2840 0.000000000000e+00
2841 3.682122913089e+00
2842 1.259919654129e+01
2843 1.619659361182e+01
2844 0.000000000000e+00
2845 0.000000000000e+00
2846 1.029414021806e+01
2847 0.000000000000e+00
2848 1.006994761042e+01
2849 1.499864634762e+00
2850 2.569538136017e+00
2851 0.000000000000e+00
2852 0.000000000000e+00
2853 3.248271538415e+00
2854 1.622845317132e+00
2855 2.043126290304e+01
2856 0.000000000000e+00
2857 4.130601718029e+00
2858 2.165743467705e-01
2859 0.000000000000e+00
2860 0.000000000000e+00
2861 0.000000000000e+00
2862 0.000000000000e+00
2863 0.000000000000e+00
2864 0.000000000000e+00
2865 0.000000000000e+00
2866 0.000000000000e+00
2867 0.000000000000e+00
2868 0.000000000000e+00
2869 0.000000000000e+00
2870 0.000000000000e+00
2871 0.000000000000e+00
2872 0.000000000000e+00
2873 0.000000000000e+00
2874 0.000000000000e+00
2875 0.000000000000e+00
2876 0.000000000000e+00
2877 0.000000000000e+00
2878 0.000000000000e+00
2879 0.000000000000e+00
2880 0.000000000000e+00
2881 0.000000000000e+00
2882 0.000000000000e+00
2883 0.000000000000e+00
2884 3.849135473729e+00
2885 8.002704785497e+00
2886 6.857736327193e+00
2887 0.000000000000e+00
2888 0.000000000000e+00
2889 0.000000000000e+00
2890 0.000000000000e+00
2891 0.000000000000e+00
2892 0.000000000000e+00
2893 4.516419346085e+00
2894 2.478114622134e+00
2895 0.000000000000e+00
2896 1.144526332152e+00
2897 1.289319086567e+00
2898 0.000000000000e+00
2899 0.000000000000e+00
2900 0.000000000000e+00
2901 5.627948359290e-01
2902 8.579709659678e+00
2903 1.034174547113e+00
2904 3.801712056499e+00
2905 1.273365825477e+01
2906 0.000000000000e+00
2907 2.486655051466e+00
2908 6.292103057666e+00
2909 0.000000000000e+00
2910 1.790780593961e+01
2911 2.372274260403e+01
2912 0.000000000000e+00
2913 0.000000000000e+00
2914 0.000000000000e+00
2915 0.000000000000e+00
2916 0.000000000000e+00
2917 0.000000000000e+00
2918 0.000000000000e+00
2919 0.000000000000e+00
2920 0.000000000000e+00
2921 0.000000000000e+00
2922 8.948729047134e+00
2923 0.000000000000e+00
2924 0.000000000000e+00
2925 0.000000000000e+00
2926 0.000000000000e+00
2927 0.000000000000e+00
2928 0.000000000000e+00
2929 0.000000000000e+00
2930 0.000000000000e+00
2931 0.000000000000e+00
2932 0.000000000000e+00
2933 0.000000000000e+00
2934 0.000000000000e+00
2935 0.000000000000e+00
2936 0.000000000000e+00
2937 0.000000000000e+00
2938 0.000000000000e+00
2939 0.000000000000e+00
2940 0.000000000000e+00
2941 0.000000000000e+00
2942 0.000000000000e+00
2943 0.000000000000e+00
2944 0.000000000000e+00
2945 0.000000000000e+00
2946 0.000000000000e+00
2947 0.000000000000e+00
2948 0.000000000000e+00
2949 0.000000000000e+00
2950 0.000000000000e+00
2951 1.925259411161e+00
2952 7.099298174295e+00
2953 7.539768316511e-01
2954 0.000000000000e+00
2955 2.867475439723e+00
2956 2.029473766055e+00
2957 5.489005248949e+00
2958 2.876104718000e+01
2959 2.684399975147e+01
2960 0.000000000000e+00
2961 0.000000000000e+00
2962 2.233060271333e+00
2963 0.000000000000e+00
2964 0.000000000000e+00
2965 0.000000000000e+00
2966 0.000000000000e+00
2967 4.974357635636e+00
2968 7.637846244165e+00
2969 0.000000000000e+00
2970 0.000000000000e+00
2971 8.669387222949e+00
2972 6.906949566447e+00
2973 0.000000000000e+00
2974 0.000000000000e+00
2975 0.000000000000e+00
2976 4.531950234192e+00
2977 0.000000000000e+00
2978 1.630452432818e+00
2979 4.143034571232e+00
2980 1.160365277142e+01
2981 1.711542158549e+01
2982 1.153767690917e+01
2983 3.473460997660e+00
2984 3.355055084818e+00
2985 0.000000000000e+00
2986 7.213835341815e+00
2987 0.000000000000e+00
2988 0.000000000000e+00
2989 0.000000000000e+00
2990 0.000000000000e+00
2991 0.000000000000e+00
2992 0.000000000000e+00
2993 0.000000000000e+00
2994 0.000000000000e+00
2995 0.000000000000e+00
2996 0.000000000000e+00
2997 0.000000000000e+00
2998 0.000000000000e+00
2999 0.000000000000e+00
3000 0.000000000000e+00
3001 1.003568763388e+01
3002 0.000000000000e+00
3003 4.355314357650e-01
3004 0.000000000000e+00
3005 1.084333807399e+01
3006 2.234351023738e+01
3007 0.000000000000e+00
3008 3.629508925085e+00
3009 0.000000000000e+00
3010 9.824659209116e+00
3011 2.413125723784e+00
3012 0.000000000000e+00
3013 0.000000000000e+00
3014 0.000000000000e+00
3015 9.808942474172e+00
3016 0.000000000000e+00
3017 0.000000000000e+00
3018 2.925026000662e+00
3019 0.000000000000e+00
3020 2.145615548470e+00
3021 9.023211911366e-02
3022 1.061631579376e+00
3023 1.754081732831e+01
3024 4.268534904702e+00
3025 0.000000000000e+00
3026 8.856987170308e+00
3027 1.145886303979e+01
3028 1.285315491572e+01
3029 5.148263489974e+00
3030 0.000000000000e+00
3031 0.000000000000e+00
3032 3.087235661803e+00
3033 1.537683872216e+01
3034 0.000000000000e+00
3035 3.359059006095e+00
3036 3.848426019106e+00
3037 1.686040553400e+01
3038 2.039075415288e+01
3039 6.716191985737e+00
3040 8.505809746269e+00
3041 6.968465158155e+00
3042 0.000000000000e+00
3043 3.666543144400e+00
3044 0.000000000000e+00
3045 0.000000000000e+00
3046 4.362959702906e+00
3047 4.813445087876e+00
3048 1.663715323102e+01
3049 0.000000000000e+00
3050 1.012169301999e+01
3051 7.160146719320e+00
3052 5.579780638168e+00
3053 2.386744479049e-01
3054 0.000000000000e+00
3055 6.719981559871e+00
3056 0.000000000000e+00
3057 0.000000000000e+00
3058 7.926388889350e+00
3059 8.272536564153e+00
3060 0.000000000000e+00
3061 0.000000000000e+00
3062 4.409065768720e+00
3063 0.000000000000e+00
3064 0.000000000000e+00
3065 0.000000000000e+00
3066 7.974388539340e-01
3067 3.783790441303e+00
3068 1.616109558055e+01
3069 1.824739514005e+01
3070 0.000000000000e+00
3071 7.268937885587e+00
3072 1.928870151299e+00
3073 1.219602452574e+01
3074 3.248549196003e+00
3075 0.000000000000e+00
3076 0.000000000000e+00
3077 6.371636858465e+00
3078 0.000000000000e+00
3079 0.000000000000e+00
3080 0.000000000000e+00
3081 0.000000000000e+00
3082 0.000000000000e+00
3083 0.000000000000e+00
3084 0.000000000000e+00
3085 0.000000000000e+00
3086 0.000000000000e+00
3087 0.000000000000e+00
3088 0.000000000000e+00
3089 0.000000000000e+00
3090 0.000000000000e+00
3091 0.000000000000e+00
3092 0.000000000000e+00
3093 0.000000000000e+00
3094 0.000000000000e+00
3095 0.000000000000e+00
3096 0.000000000000e+00
3097 0.000000000000e+00
3098 2.120736512383e+01
3099 3.613001571100e+00
3100 2.500478071918e+00
3101 6.802509974111e+00
3102 6.241049914238e+00
3103 0.000000000000e+00
3104 0.000000000000e+00
3105 1.117765957010e+01
3106 1.647651555742e+00
3107 0.000000000000e+00
3108 0.000000000000e+00
3109 0.000000000000e+00
3110 1.719359965759e+01
3111 0.000000000000e+00
3112 0.000000000000e+00
3113 0.000000000000e+00
3114 0.000000000000e+00
3115 0.000000000000e+00
3116 2.634120447077e+00
3117 0.000000000000e+00
3118 8.119702140460e+00
3119 0.000000000000e+00
3120 0.000000000000e+00
3121 0.000000000000e+00
3122 0.000000000000e+00
3123 0.000000000000e+00
3124 0.000000000000e+00
3125 4.027557413769e+00
3126 0.000000000000e+00
3127 0.000000000000e+00
3128 0.000000000000e+00
3129 0.000000000000e+00
3130 0.000000000000e+00
3131 0.000000000000e+00
3132 5.266431897895e+00
3133 4.101529775301e+00
3134 4.398793535103e+00
3135 9.837819528357e+00
3136 0.000000000000e+00
3137 0.000000000000e+00
3138 9.857752607861e+00
3139 0.000000000000e+00
3140 1.068483982117e+01
3141 0.000000000000e+00
3142 8.879576438159e+00
3143 1.103486924454e+01
3144 3.093668381083e+00
3145 5.752469532695e+00
3146 0.000000000000e+00
3147 2.423835862499e+00
3148 1.607216499027e+01
3149 0.000000000000e+00
3150 0.000000000000e+00
3151 3.322473742401e+00
3152 0.000000000000e+00
3153 0.000000000000e+00
3154 0.000000000000e+00
3155 0.000000000000e+00
3156 0.000000000000e+00
3157 1.113076178536e+01
3158 6.919409593500e+00
3159 1.155167060456e+01
3160 0.000000000000e+00
3161 4.150726723327e+00
3162 8.774236127394e+00
3163 8.774254482608e+00
3164 0.000000000000e+00
3165 7.078433020655e-01
3166 4.637296881077e+00
3167 6.199246579888e+00
3168 6.523556703419e+00
3169 9.179297833995e+00
3170 1.172728739423e+01
3171 0.000000000000e+00
3172 7.218797965870e+00
3173 9.445487520057e+00
3174 8.519520164440e+00
3175 0.000000000000e+00
