16.729 55.593 26.643
15.761 54.553 27.08
16.447 53.204 27.291
17.618 52.983 26.968
14.638 54.413 26.062
16.598 56.413 27.198
17.657 55.245 26.764
16.567 55.804 25.681
15.353 54.851 27.95
13.765 54.637 26.494
14.8 55.037 25.298
14.609 53.473 25.723
15.692 52.265 27.868
16.23 50.921 28.089
16.465 50.297 26.697
15.802 50.618 25.723
15.306 50.059 28.936
15.737 48.624 29.174
14.559 47.663 29.204
16.353 48.345 28.439
17.111 51.006 28.53
16.212 48.57 30.051
14.744 52.558 28.13
14.39 50.038 28.497
15.191 50.502 29.842
15.142 46.819 27.48
13.718 47.648 30.095
14.43 46.784 28.222
13.676 46.116 28.198
17.479 49.461 26.639
17.834 48.75 25.419
16.711 47.829 24.935
16.151 47.069 25.706
19.134 47.959 25.648
19.435 46.951 24.581
20.261 48.971 25.834
18.005 49.433 24.693
20.428 46.84 24.481
20.791 49.03 24.989
19.027 47.454 26.519
19.033 46.063 24.821
19.053 47.252 23.703
18.007 49.349 27.535
19.868 49.864 26.05
20.851 48.671 26.583
16.43 47.921 23.638
15.508 46.975 23.012
16.32 46.168 22.003
16.737 46.735 21
14.317 47.656 22.301
13.49 48.441 23.331
13.527 46.584 21.578
12.933 49.743 22.821
15.23 46.344 23.722
12.766 47.011 21.091
14.126 46.118 20.928
14.681 48.3 21.645
12.736 47.856 23.635
14.079 48.626 24.121
12.333 49.568 22.04
16.9 48.686 23.135
12.41 50.191 23.547
13.177 45.929 22.246
13.683 50.34 22.536
16.538 44.872 22.24
17.396 44.153 21.28
16.989 42.714 21.057
17.841 41.876 20.757
18.869 44.255 21.71
19.14 43.356 22.911
17.302 44.637 20.391
16.108 44.47 23.05
19.056 45.189 21.965
19.435 43.959 20.959
18.215 43.087 23.678
20.366 42.899 23.044
20.605 42.3 23.809
21.075 43.15 22.376
15.694 42.439 21.209
15.139 41.091 21.02
14.343 41.086 19.734
14.054 42.124 19.199
14.169 40.737 22.185
13.349 41.859 22.376
14.895 40.352 23.495
15.897 40.451 20.934
14.575 40.944 24.233
14.692 39.399 23.714
15.106 43.26 21.473
13.603 39.952 21.893
15.879 40.468 23.371
13.838 42.712 22.143
14.159 39.936 19.088
13.493 39.838 17.801
12.143 40.551 17.786
11.894 41.476 16.968
13.343 38.338 17.44
14.625 37.727 16.911
15.224 38.178 15.753
15.228 36.674 17.61
16.404 37.634 15.279
16.393 36.132 17.157
16.972 36.6 15.998
17.831 36.182 15.662
14.078 40.314 17.126
16.823 37.98 14.447
16.839 35.375 17.677
14.542 39.099 19.597
14.791 36.332 18.44
14.795 38.926 15.234
12.66 38.269 16.739
13.092 37.859 18.259
11.294 40.229 18.825
9.997 40.881 18.806
10.085 42.377 19.021
9.337 43.139 18.389
8.98 40.279 19.809
8.471 39.006 19.086
7.748 39.061 18.107
8.995 37.992 19.582
11.642 39.583 19.492
9.602 40.735 17.881
8.254 40.886 19.903
9.451 40.016 20.593
10.939 42.727 19.97
11.038 44.109 20.429
11.466 44.953 19.243
10.808 45.892 18.862
11.517 41.955 20.35
10.153 44.417 20.757
11.718 44.174 21.15
12.574 44.572 18.584
12.995 45.353 17.416
11.98 45.25 16.284
11.698 46.273 15.653
14.382 44.824 16.999
14.822 45.608 15.789
15.404 45.015 18.139
13.055 46.32 17.695
14.421 45.211 14.961
15.936 45.837 17.957
14.27 43.886 16.72
14.522 46.561 15.872
15.821 45.585 15.712
13.053 43.757 18.945
14.91 45.108 18.999
16.001 44.218 18.17
11.435 44.041 16.053
10.48 43.859 14.963
9.326 44.832 15.137
9.078 45.622 14.235
9.944 42.431 14.841
11.742 43.296 16.688
10.939 44.055 14.095
8.946 42.453 14.825
10.284 42.022 13.996
10.255 41.894 15.623
8.697 44.833 16.338
7.587 45.738 16.579
7.986 47.207 16.476
7.203 48.025 15.971
7.029 45.543 17.978
6.368 44.229 18.304
5.781 43.49 17.479
6.454 43.952 19.536
9.069 44.163 17.019
6.898 45.57 15.854
6.357 46.29 18.148
7.794 45.688 18.637
9.169 47.569 16.989
9.64 48.947 16.912
9.823 49.378 15.46
9.462 50.51 15.087
11.004 49.059 17.638
11.351 50.468 18.04
11.92 51.385 17.172
11.036 50.877 19.346
12.198 52.671 17.602
11.331 52.154 19.776
11.905 53.043 18.895
12.185 54.311 19.336
8.945 49.544 17.33
12.613 53.333 16.968
11.131 52.431 20.715
9.702 46.801 17.432
10.594 50.231 19.961
12.132 51.121 16.234
11.704 48.722 17.019
10.959 48.495 18.454
13.155 54.503 19.194
10.397 48.5 14.614
10.558 48.849 13.197
9.221 49.05 12.462
8.977 50.022 11.734
11.343 47.78 12.42
12.803 47.624 12.811
13.4 46.262 12.452
13.53 48.786 12.102
13.15 49.65 12.422
14.502 48.741 12.319
13.397 48.699 11.118
10.693 47.616 15.031
13.341 46.125 11.464
14.357 46.235 12.738
12.889 45.543 12.921
11.081 49.715 13.139
12.895 47.766 13.811
11.31 48.024 11.458
10.893 46.907 12.574
8.28 48.146 12.695
6.975 48.351 12.022
6.249 49.634 12.43
5.681 50.37 11.637
6.077 47.205 12.401
6.313 45.88 11.692
5.018 45.116 11.803
6.505 46.053 10.753
7.157 48.4 11.022
7.016 45.393 12.157
8.499 47.384 13.305
5.109 47.472 12.231
6.162 47.033 13.4
5.945 43.369 11.544
3.951 45.716 11.971
5.024 43.815 11.709
4.186 43.257 11.789
6.177 49.837 13.75
5.442 50.935 14.333
6.007 52.319 14.074
5.252 53.256 13.745
5.396 50.674 15.852
4.972 49.307 16.018
4.526 51.653 16.598
4.481 50.912 13.964
4.033 52.244 15.95
3.854 51.161 17.162
6.702 49.128 14.315
6.326 50.764 16.228
5.089 52.231 17.198
5.768 48.694 16.006
7.303 52.474 14.286
7.96 53.777 14.189
8.843 53.923 12.951
9.444 54.978 12.745
8.811 53.957 15.452
7.983 53.748 16.704
6.948 54.633 16.966
8.221 52.681 17.562
6.171 54.461 18.115
7.417 52.509 18.681
6.403 53.393 18.961
5.634 53.241 20.098
7.238 54.491 14.144
5.44 55.12 18.321
7.583 51.724 19.293
7.815 51.598 14.526
8.957 52.048 17.377
6.755 55.383 16.35
9.162 54.877 15.462
9.532 53.287 15.44
6.176 52.781 20.798
8.981 52.854 12.179
9.791 52.854 10.971
11.208 53.349 11.207
11.684 54.137 10.437
9.159 53.668 9.837
7.908 53.014 9.317
7.642 51.669 9.533
6.892 53.493 8.572
6.5 51.363 8.948
6.047 52.446 8.35
8.224 51.046 10.046
6.781 54.427 8.247
8.457 52.011 12.514
6.059 50.472 8.956
9.843 51.902 10.621
9.809 53.743 9.086
8.922 54.574 10.176
11.853 52.839 12.247
13.242 53.152 12.54
13.689 52.098 13.557
12.811 51.517 14.197
13.419 54.588 13.028
12.711 54.873 14.347
13.1 56.257 14.868
12.092 56.707 15.945
12.191 58.207 16.005
13.783 53.051 11.722
11.193 56.45 15.665
12.356 56.328 16.805
11.728 54.85 14.202
12.98 54.191 15.017
12.289 58.487 16.957
12.986 58.5 15.48
11.362 58.602 15.617
13.069 56.903 14.127
13.992 56.208 15.281
11.277 52.194 12.837
13.049 55.202 12.336
14.392 54.759 13.153
14.974 51.871 13.745
15.451 50.963 14.766
15.378 51.723 16.106
15.295 52.946 16.082
16.925 50.582 14.593
17.282 49.551 13.517
18.761 49.71 13.14
16.937 48.141 13.984
15.957 48.083 14.174
17.177 47.485 13.269
17.45 47.93 14.816
15.608 52.396 13.102
19.324 49.561 13.951
18.995 49.039 12.439
18.913 50.632 12.788
14.844 50.183 14.824
16.721 49.709 12.714
17.251 50.22 15.47
17.433 51.421 14.378
15.261 50.998 17.204
15.33 51.576 18.543
16.637 52.328 18.722
17.628 52.078 18.01
15.258 50.333 19.451
14.557 49.318 18.6
15.229 49.519 17.253
14.717 48.403 18.939
14.544 52.177 18.715
14.68 49.156 16.52
16.141 49.149 17.248
13.589 49.515 18.542
14.736 50.532 20.276
16.175 50.025 19.695
16.738 53.256 19.654
17.958 54.028 19.844
19.238 53.354 20.296
20.263 54.056 20.378
17.616 55.176 20.824
16.653 56.117 20.127
16.933 56.601 19.002
15.577 56.345 20.716
15.883 53.389 20.236
18.168 54.477 18.922
18.44 55.649 21.028
17.18 54.785 21.6
19.35 52.067 20.53
20.602 51.457 20.978
21.378 50.877 19.79
22.257 50.041 19.956
20.251 50.435 22.058
19.055 49.572 21.705
21.168 52.19 21.366
18.478 51.512 20.372
20.049 50.928 22.904
21.042 49.84 22.198
17.909 49.96 21.919
19.209 48.382 21.116
18.469 47.819 20.877
20.163 48.071 20.918
21.071 51.276 18.54
21.771 50.694 17.41
22.701 51.685 16.746
22.271 52.808 16.595
20.874 50.073 16.316
20.237 48.772 16.778
20.937 47.58 16.616
18.988 48.726 17.384
20.413 46.399 17.04
18.444 47.531 17.803
19.149 46.37 17.627
18.621 45.165 18.036
22.326 49.916 17.747
20.925 45.538 16.939
17.538 47.514 18.233
20.339 51.987 18.476
18.478 49.576 17.518
21.841 47.603 16.178
21.436 49.882 15.529
20.156 50.715 16.106
19.24 44.429 17.768
23.868 51.256 16.319
24.811 52.068 15.578
25.377 51.267 14.404
25.746 50.097 14.534
25.982 52.605 16.45
26.645 51.46 17.218
25.52 53.707 17.392
28.02 51.812 17.709
24.289 52.823 15.178
26.311 54.065 17.885
25.094 54.434 16.856
26.655 53.001 15.837
26.067 51.227 17.994
26.707 50.674 16.609
27.967 52.6 18.323
24.067 50.245 16.567
28.41 51.034 18.203
24.86 53.326 18.037
28.608 52.038 16.932
25.553 51.901 13.247
26.139 51.264 12.082
27.602 50.905 12.298
28.337 51.431 13.164
26.001 52.152 10.832
26.944 53.224 10.861
24.589 52.743 10.774
25.629 50.41 11.891
24.418 53.284 11.599
24.505 53.331 9.968
25.231 52.898 13.253
26.191 51.581 10.001
23.918 52.002 10.717
26.542 54.035 11.302
28.101 50.011 11.428
29.526 49.661 11.51
30.432 50.876 11.445
31.398 50.968 12.205
29.85 48.631 10.433
28.989 47.363 10.584
29.171 46.503 9.344
28.101 45.39 9.329
28.295 44.66 8.047
29.686 49.178 12.388
28.263 44.791 10.083
27.217 45.805 9.347
29.297 46.864 11.377
28.043 47.629 10.663
27.672 43.879 8.012
28.104 45.275 7.283
29.239 44.337 7.989
30.057 46.075 9.368
29.048 47.057 8.54
27.446 49.627 10.755
30.797 48.368 10.519
29.66 49.024 9.549
30.156 51.837 10.579
30.967 53.024 10.384
30.961 53.941 11.605
32.014 54.355 12.069
30.512 53.814 9.138
31.021 53.096 8.015
29.269 51.662 10.025
31.924 52.731 10.226
30.913 54.7 9.165
29.54 53.818 9.107
30.987 52.118 8.208
29.771 54.177 12.146
29.635 54.947 13.381
30.468 54.322 14.491
31.239 55.007 15.161
28.15 54.988 13.772
27.415 55.964 12.842
25.913 55.937 12.973
25.347 55.093 13.698
25.292 56.791 12.296
27.724 56.877 13.062
29.938 55.892 13.224
27.644 55.722 11.911
28.966 53.778 11.629
28.086 55.333 14.667
27.779 54.112 13.627
30.33 53.01 14.668
31.062 52.245 15.659
32.561 52.437 15.445
33.291 52.725 16.4
30.712 50.776 15.687
29.629 52.569 14.013
30.826 52.58 16.574
29.745 50.653 15.459
31.272 50.28 15.02
30.883 50.403 16.601
33.018 52.283 14.205
34.427 52.489 13.899
34.878 53.898 14.253
35.922 53.947 14.916
34.785 52.122 12.459
34.428 50.661 12.161
34.583 50.311 10.698
35.031 50.074 12.7
34.965 51.843 14.459
33.479 50.508 12.432
32.309 52.014 13.505
35.759 52.231 12.328
34.271 52.695 11.84
33.746 48.504 11.021
35.086 51.114 9.923
34.146 49.118 10.309
34.208 48.826 9.339
34.106 54.949 13.989
34.484 56.293 14.41
34.508 56.488 15.931
35.118 57.451 16.418
33.598 57.374 13.807
33.235 54.733 13.471
35.415 56.497 14.05
33.249 57.065 12.922
32.831 57.558 14.421
34.131 58.211 13.681
33.821 55.657 16.703
33.919 55.733 18.143
35.053 54.847 18.66
35.275 54.8 19.866
32.613 55.394 18.844
31.472 56.391 18.637
30.138 55.693 18.852
31.657 57.622 19.52
32.521 58.07 19.29
30.901 58.258 19.368
31.671 57.344 20.48
33.23 54.975 16.196
30.096 55.33 19.784
29.392 56.346 18.716
30.044 54.941 18.198
34.12 56.684 18.409
31.515 56.746 17.708
32.789 55.345 19.821
32.299 54.512 18.505
35.764 54.117 17.812
36.871 53.286 18.283
36.582 51.807 18.264
37.34 51.027 18.845
35.479 54.183 16.822
37.694 53.479 17.709
37.116 53.573 19.233
35.535 51.369 17.571
35.276 49.924 17.538
36.3 49.233 16.632
36.574 49.716 15.538
33.859 49.588 17.126
33.479 48.147 17.044
33.554 47.211 18.032
32.863 47.483 15.928
33.033 46.012 17.607
32.625 46.144 16.309
32.522 47.889 14.631
32.083 45.196 15.434
31.97 46.955 13.763
31.742 45.644 14.191
31.302 45.004 13.54
35.406 49.57 18.465
32.964 45.181 18.157
32.669 48.827 14.332
31.741 47.226 12.839
31.962 44.25 15.723
33.936 47.371 18.945
34.972 52.069 17.102
33.68 49.99 16.213
33.217 50.022 17.779
36.824 48.141 17.163
37.766 47.251 16.523
37.209 45.821 16.606
37.371 45.111 17.605
39.183 47.193 17.114
40.023 46.163 16.364
39.918 48.53 17.009
37.833 47.491 15.558
40.882 46.583 16.075
40.43 48.554 16.152
39.109 46.877 18.053
40.215 45.389 16.966
39.52 45.845 15.562
36.473 47.962 18.161
39.25 49.272 17.026
40.544 48.62 17.782
36.53 45.4 15.53
35.847 44.118 15.521
36.621 43.007 16.21
36.166 42.351 17.16
35.471 43.742 14.081
36.539 46.058 14.73
34.949 44.225 15.993
35.883 44.398 13.453
35.81 42.825 13.882
34.478 43.762 13.986
37.83 42.727 15.746
38.707 41.708 16.302
38.972 41.896 17.79
39.018 40.841 18.439
40.04 41.614 15.541
40.498 42.909 15.21
38.112 43.321 14.916
38.257 40.806 16.18
39.893 41.095 14.71
40.706 41.169 16.124
39.997 43.589 15.745
39.051 43.061 18.36
39.112 43.269 19.79
37.797 42.984 20.517
37.752 42.74 21.723
39.544 44.725 20.075
41.052 44.892 20.005
41.506 46.344 20.117
42.627 46.593 19.093
43.346 47.881 19.315
39.83 42.66 20.184
43.284 45.832 19.15
42.221 46.594 18.172
41.476 44.365 20.753
41.384 44.519 19.13
43.715 47.897 20.243
44.092 47.96 18.656
42.708 48.64 19.193
41.867 46.503 21.015
40.753 46.936 19.902
39.068 43.876 17.676
39.239 44.96 20.985
39.127 45.305 19.393
36.653 43.147 19.857
35.369 42.88 20.508
35.149 43.906 21.621
34.654 43.556 22.682
36.746 43.466 18.882
34.632 42.954 19.839
35.376 41.963 20.9
35.427 45.154 21.337
35.309 46.234 22.312
34.124 47.144 22.094
34.139 48.252 22.622
36.609 47.082 22.239
36.713 47.829 20.92
35.188 45.794 23.225
35.743 45.32 20.35
37.378 46.467 22.323
36.588 47.736 22.98
35.984 47.575 19.941
37.617 48.814 20.899
37.735 49.354 20.058
38.165 49.008 21.704
33.099 46.725 21.328
31.955 47.583 21.079
31.307 48.155 22.344
30.968 49.352 22.314
30.861 46.892 20.225
29.715 47.864 19.848
30.224 49.064 19.046
28.576 47.136 19.143
28.207 46.43 19.747
27.854 47.789 18.914
28.919 46.711 18.306
33.206 45.77 20.951
30.651 48.741 18.203
29.456 49.663 18.824
30.894 49.565 19.591
32.257 48.368 20.501
29.282 48.187 20.692
30.474 46.173 20.756
31.274 46.59 19.395
31.075 47.383 23.398
30.456 47.93 24.595
31.421 48.871 25.338
30.948 49.839 25.929
29.949 46.855 25.542
31.362 46.397 23.296
29.641 48.461 24.332
30.571 46.072 25.524
29.904 47.221 26.472
29.037 46.56 25.257
32.74 48.712 25.224
33.67 49.67 25.802
33.554 51.049 25.147
33.553 52.03 25.871
35.141 49.298 25.613
35.492 47.877 25.951
34.697 47.265 26.7
36.56 47.421 25.461
33.033 47.867 24.701
33.418 49.787 26.774
35.687 49.915 26.19
35.376 49.471 24.65
33.609 51.117 23.808
33.509 52.408 23.139
32.085 52.924 22.945
31.891 54.128 22.772
34.225 52.453 21.774
35.724 52.274 21.922
33.705 51.383 20.817
34.012 53.095 23.706
35.968 52.268 22.893
32.918 51.744 20.319
34.074 53.361 21.384
36.002 51.407 21.506
36.2 53.027 21.466
33.722 50.219 23.327
34.429 51.139 20.174
33.433 50.578 21.342
31.06 52.07 22.906
29.683 52.501 22.711
28.757 51.711 23.649
28.005 50.851 23.199
29.178 52.324 21.298
31.334 51.068 23.028
29.607 53.473 22.939
28.336 51.781 21.304
28.988 53.219 20.89
29.869 51.852 20.747
28.813 52.05 24.921
28.023 51.354 25.927
26.548 51.269 25.582
25.933 52.18 25.064
28.345 52.071 27.225
29.006 53.342 26.857
29.666 53.097 25.535
28.33 54.09 26.787
28.404 50.424 26.1
30.602 52.76 25.643
29.67 53.917 24.964
29.688 53.605 27.554
28.951 51.502 27.807
27.497 52.244 27.757
25.968 50.106 25.728
24.599 49.731 25.505
24.196 49.772 24.029
23.017 49.588 23.74
26.69 49.35 26.074
24.435 48.791 25.859
23.981 50.349 26.026
25.187 49.875 23.129
24.839 49.906 21.703
25.129 48.542 21.082
25.949 47.783 21.62
25.572 51.009 20.938
25.494 52.377 21.647
24.486 53.231 20.89
24.14 54.549 21.542
22.666 54.8 21.465
23.863 50.101 21.613
24.414 54.527 22.501
24.619 55.288 21.072
25.18 52.239 22.567
26.377 52.803 21.611
22.322 54.461 20.591
22.213 54.322 22.215
22.497 55.781 21.538
23.635 52.695 20.777
24.856 53.416 19.967
26.128 49.926 23.5
25.156 51.105 20.044
26.527 50.761 20.861
24.428 48.305 19.994
24.595 47.152 19.119
24.788 47.551 17.657
24.35 48.665 17.286
23.387 46.244 19.189
23.218 45.696 20.47
23.696 49.054 19.793
25.425 46.652 19.413
23.502 45.499 18.528
22.569 46.771 18.949
22.253 45.738 20.733
25.453 46.705 16.865
25.665 47.027 15.466
24.323 46.836 14.745
23.749 45.79 15.021
26.69 46.113 14.77
28.075 46.213 15.454
26.804 46.458 13.289
28.697 47.609 15.261
25.868 47.997 15.422
27.434 45.816 12.856
25.901 46.387 12.871
26.379 45.173 14.858
27.963 46.046 16.417
28.672 45.545 15.045
28.089 48.286 15.662
25.784 45.845 17.322
29.582 47.628 15.715
27.15 47.39 13.201
28.805 47.777 14.287
23.828 47.793 13.98
22.526 47.621 13.312
22.313 48.819 12.383
22.896 49.878 12.653
24.404 48.641 13.889
22.535 46.785 12.779
21.805 47.596 13.992
21.593 48.677 11.274
21.316 49.784 10.38
21.973 49.761 9.021
21.521 50.44 8.089
21.249 47.704 11.108
20.289 49.859 10.253
21.57 50.668 10.859
23.029 48.956 8.87
23.676 48.934 7.542
22.802 48.164 6.533
22.049 47.255 6.892
24.986 48.19 7.692
26.03 48.997 8.446
26.402 50.047 7.895
26.575 48.542 9.46
23.317 48.417 9.665
23.724 49.882 7.223
25.339 47.987 6.786
24.815 47.35 8.194
23.003 48.525 5.28
22.441 47.864 4.094
22.787 46.383 4.163
23.887 46.044 4.6
23.091 48.501 2.85
22.597 49.968 2.745
22.826 47.791 1.527
23.61 50.855 2.058
21.453 47.933 4.181
23.32 48.266 0.802
23.145 46.848 1.598
24.064 48.523 2.986
21.753 49.97 2.232
22.441 50.301 3.664
23.778 50.514 1.134
23.638 49.378 5.185
23.256 51.788 2.01
21.846 47.808 1.343
24.464 50.848 2.577
21.863 45.528 3.806
21.96 44.097 3.742
21.836 43.727 2.274
20.779 43.99 1.704
20.875 43.345 4.541
21.012 41.844 4.507
22.108 41.252 5.141
20.109 41.036 3.821
22.257 39.857 5.059
20.258 39.669 3.779
21.327 39.053 4.413
21.428 38.071 4.408
22.878 43.844 4.022
23.078 39.435 5.49
19.575 39.103 3.275
20.934 46.031 3.538
19.332 41.468 3.349
22.759 41.788 5.633
19.999 43.583 4.15
20.941 43.638 5.482
22.894 43.279 1.638
22.84 43.027 0.213
22.197 41.716 -0.199
22.257 41.462 -1.404
24.274 43.062 -0.381
24.691 44.393 -0.365
23.735 43.128 2.219
22.3 43.786 -0.22
24.228 42.73 -1.302
24.853 42.516 0.191
23.909 44.997 -0.194
21.739 40.888 0.736
21.036 39.657 0.426
21.737 38.889 -0.691
21.17 38.459 -1.679
19.631 40.148 0.041
18.681 39.024 -0.275
21.071 39.074 1.247
21.932 41.205 1.717
19.719 40.735 -0.762
19.268 40.675 0.807
18.819 37.927 0.267
17.774 39.346 -1.19
17.08 38.64 -1.464
17.758 40.241 -1.606
22.999 38.538 -0.415
23.938 38.026 -1.391
23.626 36.632 -1.877
24.015 36.314 -2.99
25.395 38.081 -0.858
25.764 39.481 -0.415
27.162 39.635 0.179
27.282 40.998 0.718
27.739 41.988 -0.044
28.172 41.764 -1.267
27.734 43.187 0.52
25.1 39.799 0.282
23.946 38.657 -2.196
27.022 41.171 1.645
25.697 40.113 -1.205
28.096 43.981 -0.025
27.395 43.329 1.434
23.251 38.672 0.604
27.817 39.509 -0.539
27.261 38.987 0.906
28.532 42.523 -1.822
28.146 40.841 -1.654
25.992 37.812 -1.59
25.454 37.477 -0.085
22.942 35.856 -1.064
22.538 34.512 -1.394
21.154 34.524 -2.048
20.618 33.502 -2.448
22.623 33.598 -0.156
24.019 33.331 0.391
24.878 32.473 -0.524
24.437 32.211 -1.64
25.968 31.964 -0.244
24.477 34.197 0.502
23.197 34.096 -2.028
23.929 32.852 1.248
22.711 36.308 -0.137
22.227 32.724 -0.406
22.096 34.029 0.566
20.522 35.689 -2.126
19.199 35.933 -2.642
18.083 35.207 -1.872
17.038 34.854 -2.459
21.13 36.498 -1.741
19.001 36.934 -2.627
19.152 35.648 -3.621
18.275 34.935 -0.592
17.274 34.148 0.143
16.055 34.958 0.537
15.021 34.31 0.662
17.86 33.396 1.333
18.896 32.375 0.91
19.694 31.911 2.115
20.753 30.879 1.737
21.509 30.454 2.942
16.98 33.376 -0.448
20.301 30.089 1.331
21.38 31.288 1.078
18.437 31.59 0.505
19.516 32.789 0.251
22.465 30.295 2.696
21.458 31.171 3.638
21.113 29.61 3.303
19.074 31.497 2.776
20.152 32.697 2.523
19.135 35.299 -0.174
17.122 32.924 1.798
18.293 34.053 1.936
16.177 36.261 0.753
15.066 37.133 1.06
14.438 37.558 -0.275
15.08 37.589 -1.338
15.487 38.364 1.876
16.296 38.052 3.158
16.644 39.356 3.887
15.535 37.089 4.059
15.368 36.234 3.569
16.075 36.901 4.88
14.661 37.497 4.322
17.172 36.609 0.68
15.8 39.829 4.135
17.165 39.143 4.711
17.19 39.934 3.283
14.383 36.629 1.575
17.133 37.583 2.901
14.669 38.842 2.157
16.059 38.932 1.303
13.146 37.834 -0.22
12.391 38.155 -1.43
12.833 39.485 -2.016
12.905 40.45 -1.238
10.954 38.148 -0.966
10.97 38.391 0.518
12.305 37.812 0.998
10.924 39.369 0.717
12.477 37.416 -2.111
12.189 36.879 1.331
12.702 38.381 1.712
10.208 37.921 0.961
10.507 37.261 -1.171
10.415 38.87 -1.433
13.156 39.526 -3.304
13.562 40.766 -3.944
12.42 41.414 -4.692
11.482 40.741 -5.106
13.094 38.616 -3.799
13.911 41.407 -3.242
14.322 40.578 -4.587
12.454 42.731 -4.824
11.48 43.495 -5.609
12.132 44.76 -6.16
12.92 45.385 -5.433
10.282 43.868 -4.725
8.999 44.235 -5.427
7.852 44.479 -4.448
6.629 44.992 -5.208
5.886 43.877 -5.879
11.169 42.931 -6.377
6.016 45.452 -4.563
6.93 45.648 -5.902
9.14 45.072 -5.965
8.733 43.492 -6.048
5.09 44.252 -6.35
6.49 43.431 -6.536
5.592 43.219 -5.189
8.127 45.164 -3.795
7.617 43.627 -4.011
13.248 43.194 -4.313
10.564 44.648 -4.143
10.098 43.083 -4.113
11.822 45.208 -7.377
12.362 46.497 -7.832
12.026 47.549 -6.794
10.87 47.629 -6.359
11.757 46.935 -9.173
12.016 45.934 -10.148
11.211 44.611 -7.934
13.353 46.412 -7.884
12.184 47.779 -9.454
10.782 47.038 -9.064
12.185 45.062 -9.691
12.989 48.354 -6.344
12.662 49.342 -5.335
12.921 48.867 -3.921
13.206 49.723 -3.055
13.914 48.215 -6.752
13.202 50.19 -5.507
11.681 49.603 -5.425
12.963 47.547 -3.683
13.226 47.104 -2.323
14.717 46.957 -2.009
15.399 46.143 -2.645
12.52 45.781 -2.053
12.67 45.203 -0.665
12.049 43.838 -0.494
10.558 43.938 -0.459
9.778 43.011 -0.991
10.317 41.972 -1.578
8.45 43.154 -0.96
12.242 45.827 0.004
12.83 47.781 -1.675
10.16 44.728 -0.021
13.651 45.131 -0.437
7.861 42.47 -1.375
8.049 43.958 -0.514
12.806 46.943 -4.48
12.355 43.45 0.362
12.305 43.269 -1.26
9.713 41.266 -2.005
11.305 41.853 -1.617
12.869 45.102 -2.712
11.536 45.912 -2.231
15.177 47.607 -0.944
16.475 47.408 -0.35
16.277 46.84 1.067
15.208 46.941 1.7
17.315 48.703 -0.287
16.537 49.727 0.262
17.757 49.171 -1.69
16.983 46.733 -0.88
17.2 48.711 -2.381
17.633 50.16 -1.761
14.477 48.311 -0.558
18.12 48.531 0.319
18.72 48.941 -1.826
15.56 49.467 0.296
17.282 46.131 1.587
17.182 45.538 2.9
18.251 46.146 3.811
19.307 46.602 3.35
17.425 44.035 2.745
16.346 43.24 2.069
16.244 42.9 0.748
15.193 42.669 2.69
15.118 42.129 0.476
14.464 41.985 1.697
14.735 42.64 4.032
13.283 41.34 2.003
13.552 41.995 4.292
12.83 41.334 3.285
11.988 40.865 3.526
16.291 45.778 3.287
14.843 41.767 -0.379
15.259 43.073 4.751
13.19 41.995 5.227
12.759 40.872 1.258
16.91 43.175 0.037
18.115 46.051 0.974
17.556 43.634 3.659
18.267 43.898 2.212
18.032 46.011 5.124
19.013 46.404 6.116
19.065 45.281 7.162
18.138 44.476 7.127
18.636 47.742 6.769
18.907 48.927 5.851
18.624 50.266 6.542
18.732 51.288 5.511
19.858 51.869 5.142
21.033 51.652 5.739
19.752 52.744 4.153
18.319 48.868 5.048
19.905 46.477 5.69
17.88 51.573 5.044
19.864 48.923 5.573
20.601 53.237 3.842
18.888 52.928 3.714
17.102 45.602 5.361
19.307 50.403 7.222
17.716 50.239 6.891
21.848 52.121 5.444
21.079 50.995 6.502
19.18 47.852 7.585
17.671 47.725 6.975
20.06 45.203 7.998
20.217 44.184 9.023
20.663 44.799 10.357
21.042 45.975 10.449
21.204 43.116 8.553
22.637 43.54 8.404
23.587 42.359 8.502
23.461 41.649 9.525
24.44 42.199 7.584
22.759 43.939 7.517
19.345 43.698 9.16
22.864 44.157 9.131
20.786 45.976 7.871
20.887 42.791 7.665
21.173 42.373 9.217
20.406 44.104 11.46
20.807 44.608 12.776
20.994 43.378 13.69
20.375 42.331 13.498
19.838 45.626 13.297
19.916 43.208 11.315
21.676 45.073 12.696
18.924 45.46 12.916
19.786 45.573 14.298
20.134 46.549 13.037
21.924 43.495 14.63
22.318 42.403 15.504
21.221 42.202 16.557
20.703 43.23 17.009
23.622 42.662 16.268
24.858 42.475 15.407
24.668 42.303 14.19
26.038 42.476 15.92
22.354 44.453 14.688
22.346 41.571 14.955
23.663 42.025 17.029
23.601 43.599 16.599
20.983 40.962 16.966
19.925 40.773 17.978
20.647 39.931 19.047
21.581 39.231 18.7
18.718 40.018 17.393
17.858 40.911 16.487
17.788 39.372 18.409
17.188 42.084 17.163
19.77 41.647 18.376
17.104 38.83 17.924
18.325 38.784 19.012
19.066 39.263 16.836
18.442 41.254 15.741
17.148 40.331 16.068
17.884 42.68 17.562
21.536 40.225 16.564
16.657 42.597 16.49
17.341 40.089 18.941
16.581 41.75 17.883
20.234 40.059 20.273
20.67 39.41 21.474
22.093 39.839 21.856
22.692 39.164 22.69
20.517 37.881 21.412
19.037 37.521 21.22
20.071 39.713 22.228
19.413 40.803 20.33
20.823 37.5 22.262
21.021 37.545 20.641
18.169 38.164 21.813
18.718 36.497 20.433
17.791 36.241 20.282
19.464 35.977 19.985
22.568 40.962 21.32
23.94 41.309 21.618
24.019 42.188 22.871
23.273 43.155 22.92
24.618 42.033 20.434
25.995 42.533 20.762
27.064 41.654 20.713
26.227 43.849 21.195
28.341 42.098 21.044
27.507 44.28 21.521
28.56 43.396 21.426
29.857 43.757 21.729
24.455 40.464 21.804
29.115 41.446 20.998
27.659 45.22 21.821
21.934 41.493 20.741
25.459 44.479 21.267
26.927 40.708 20.444
24.048 42.807 20.185
24.681 41.389 19.681
30.465 42.994 21.521
25.011 41.913 23.713
25.265 42.784 24.853
26.712 43.267 24.886
26.946 44.479 24.901
24.897 42.074 26.177
23.458 41.946 26.287
25.431 42.874 27.358
24.664 43.593 24.779
25.754 43.77 27.043
24.703 43.006 28.035
25.557 41.069 23.496
25.295 41.135 26.169
26.193 42.381 27.785
23.013 42.766 25.919
27.67 42.354 24.892
29.089 42.832 24.896
29.975 41.77 24.311
29.462 40.691 23.997
29.455 43.24 26.331
29.395 42.076 27.136
27.4 41.386 24.894
29.123 43.644 24.315
28.796 43.893 26.651
30.37 43.594 26.336
28.458 41.73 27.152
31.252 42.057 24.063
32.145 41.05 23.533
32.099 40.854 22.019
31.902 41.746 21.211
31.531 43.029 24.277
33.111 41.277 23.804
31.946 40.148 23.985
32.425 39.625 21.597
32.415 39.322 20.158
30.956 39.16 19.735
30.146 38.736 20.561
33.271 38.093 19.899
34.702 38.346 20.331
35.582 39.031 19.522
35.157 37.912 21.57
36.885 39.266 19.925
36.448 38.164 21.999
37.328 38.839 21.152
38.267 39.006 21.441
32.763 40.125 19.692
37.512 39.76 19.297
36.749 37.862 22.911
32.668 38.953 22.326
34.529 37.402 22.17
35.281 39.368 18.629
33.277 37.916 18.941
32.925 37.356 20.434
30.642 39.581 18.518
29.323 39.419 17.938
28.851 37.989 17.774
29.632 37.054 17.542
29.315 40.124 16.558
29.515 41.627 16.693
29.604 42.38 15.383
28.288 42.399 14.642
28.254 41.978 13.372
29.341 41.555 12.746
27.165 42.004 12.641
30.366 41.801 17.212
28.645 39.917 18.53
27.501 42.712 15.094
28.748 42.015 17.226
27.159 41.709 11.705
26.297 42.339 13.054
31.436 40.044 18.008
30.276 41.938 14.8
29.865 43.321 15.566
29.29 41.265 11.793
30.218 41.525 13.23
28.44 39.961 16.14
30.056 39.756 16.026
27.536 37.818 17.851
26.876 36.521 17.777
26.346 36.22 16.386
26.564 37.012 15.437
25.755 36.501 18.844
24.605 37.449 18.542
27.575 35.819 17.987
26.999 38.719 17.973
26.16 36.757 19.72
25.398 35.57 18.897
24.421 37.968 17.425
23.755 37.784 19.543
23.009 38.381 19.386
23.923 37.394 20.457
25.511 35.165 16.266
24.958 34.872 14.948
23.498 35.211 14.716
22.892 34.622 13.797
25.168 33.366 14.734
24.451 32.699 15.764
25.326 34.646 17.113
25.515 35.4 14.256
26.121 33.164 14.819
24.798 33.114 13.865
23.617 32.302 15.384
22.908 36.035 15.552
21.515 36.424 15.462
21.411 37.762 14.752
22.02 38.739 15.228
20.894 36.618 16.865
20.882 35.345 17.692
20.689 34.251 17.135
20.99 35.444 18.924
23.547 36.4 16.314
21.05 35.748 14.886
19.96 36.931 16.739
21.432 37.306 17.338
20.527 37.908 13.776
20.332 39.156 13.1
18.836 39.358 12.81
18.149 38.358 12.568
21.039 39.222 11.724
22.5 38.822 11.658
23.374 39.846 12.396
24.781 39.451 12.324
25.443 38.991 13.398
24.813 38.878 14.571
26.698 38.633 13.207
22.8 38.794 10.713
20.638 39.912 13.685
25.259 39.524 11.464
22.629 37.941 12.095
27.237 38.296 14.006
27.12 38.684 12.313
19.993 37.035 13.55
23.083 39.868 13.339
23.252 40.721 11.957
25.328 38.55 15.368
23.853 39.114 14.649
20.958 40.172 11.389
20.521 38.628 11.091
18.485 40.622 12.617
17.096 40.915 12.211
17.208 41.592 10.844
18.188 42.323 10.685
16.296 41.807 13.177
14.832 41.86 12.673
16.934 43.197 13.285
13.832 42.328 13.701
16.666 40.043 12.061
16.401 43.742 13.927
17.869 43.093 13.612
16.292 41.38 14.062
14.803 42.47 11.881
14.583 40.939 12.37
14.069 43.252 14.001
19.2 41.326 12.761
12.917 42.333 13.298
16.928 43.621 12.383
13.846 41.709 14.486
16.385 41.163 9.884
16.516 41.726 8.548
15.21 42.445 8.204
14.195 41.764 8.318
16.793 40.645 7.49
17.95 39.685 7.602
19.291 40.405 7.782
17.818 38.619 8.696
17.006 38.066 8.52
18.629 38.037 8.689
17.734 39.067 9.584
15.707 40.456 10.157
19.261 40.953 8.616
20.022 39.728 7.851
19.455 40.998 6.995
17.252 42.396 8.549
17.999 39.117 6.77
16.885 41.131 6.592
15.938 40.084 7.414
15.287 43.685 7.751
14.108 44.471 7.45
14.288 45.318 6.186
15.334 45.892 5.889
13.778 45.354 8.639
14.831 46.366 9.029
15.919 45.979 9.815
14.793 47.662 8.549
16.894 46.886 10.177
15.756 48.592 8.914
16.806 48.173 9.707
17.769 49.091 10.069
13.332 43.841 7.29
17.649 46.609 10.769
15.69 49.534 8.612
16.261 44.043 7.631
14.06 47.938 7.926
15.989 45.027 10.119
13.61 44.762 9.437
12.928 45.856 8.436
18.425 48.652 10.68
13.233 45.283 5.341
13.21 45.912 4.037
12.638 47.315 4.06
11.973 47.806 4.986
12.359 44.999 3.138
10.962 45.083 3.439
12.415 44.743 5.734
14.168 45.973 3.7
12.657 44.054 3.267
12.497 45.267 2.186
10.47 45.378 2.624
12.84 48.028 2.946
12.32 49.369 2.74
10.792 49.407 2.801
10.359 50.453 3.286
12.768 50.013 1.418
12.85 49.008 0.423
13.417 47.522 2.224
12.67 49.961 3.48
13.658 50.417 1.549
12.098 50.685 1.15
12.505 48.145 0.791
10.081 48.347 2.451
8.622 48.313 2.566
8.145 47.52 3.79
7.095 46.916 3.909
7.979 47.73 1.305
8.473 46.371 0.9
9.63 45.914 1.187
7.729 45.725 0.127
10.64 47.545 2.09
8.31 49.267 2.696
8.148 48.376 0.553
6.987 47.682 1.466
8.951 47.432 4.817
8.81 46.9 6.134
8.555 45.42 6.312
7.91 45.03 7.292
7.837 47.783 6.991
8.356 49.196 6.902
7.805 50.167 6.105
9.558 49.743 7.435
8.566 51.285 6.169
9.654 51.066 6.981
10.557 49.258 8.275
10.699 51.915 7.337
11.589 50.111 8.645
11.654 51.433 8.18
12.408 52.011 8.476
9.688 47.117 6.656
8.376 52.156 5.697
10.541 48.319 8.61
12.3 49.769 9.257
10.731 52.855 6.971
6.974 50.056 5.567
9.946 47.89 4.535
7.896 47.499 7.905
6.969 47.757 6.585
9.092 44.586 5.42
9.051 43.145 5.57
10.095 42.773 6.643
11.038 43.571 6.797
9.507 42.41 4.303
8.672 42.564 3.036
9.171 41.685 1.894
7.236 42.185 3.359
6.883 42.787 4.076
6.671 42.28 2.539
7.202 41.237 3.677
9.543 45.067 4.606
9.133 40.725 2.172
8.592 41.823 1.09
10.114 41.931 1.672
8.159 42.874 5.905
8.696 43.529 2.744
9.545 41.429 4.52
10.437 42.727 4.088
9.843 41.775 7.512
10.815 41.566 8.588
11.078 40.069 8.71
10.14 39.28 8.855
10.422 42.018 10.003
9.833 43.425 10.026
11.573 41.862 11.042
9.417 43.856 11.421
11.665 41.982 8.281
11.198 42.045 11.943
11.915 40.932 10.982
9.724 41.384 10.346
10.513 44.061 9.682
9.033 43.442 9.437
10.215 43.844 12.02
9.006 41.243 7.362
9.04 44.779 11.381
12.282 42.517 10.813
8.726 43.225 11.768
12.355 39.756 8.682
12.877 38.418 8.78
13.892 38.368 9.913
14.447 39.409 10.262
13.652 38.038 7.496
12.763 37.539 6.369
12.049 38.527 5.668
12.556 36.23 6.019
11.18 38.189 4.663
11.652 35.842 5.025
11.05 36.856 4.298
10.127 36.633 3.307
12.129 37.793 9.008
10.642 38.889 4.191
11.457 34.899 4.855
12.992 40.605 8.577
13.076 35.501 6.494
12.185 39.487 5.916
14.295 37.317 7.728
14.136 38.846 7.179
10.326 37.229 2.531
14.262 37.168 10.307
15.391 36.916 11.192
16.189 35.694 10.731
15.703 34.787 10.02
14.946 36.53 12.606
14.091 35.275 12.705
13.488 35.301 14.12
12.678 34 14.283
12.747 33.514 15.685
16.001 37.718 11.183
11.73 34.186 14.038
13.059 33.313 13.67
13.367 35.319 12.055
14.654 34.486 12.618
13.701 33.348 15.933
12.358 34.204 16.296
12.228 32.663 15.768
12.881 36.056 14.193
14.209 35.302 14.772
13.664 36.387 9.923
14.422 37.298 12.987
15.769 36.393 13.164
17.352 35.612 11.393
18.243 34.488 11.211
18.934 34.266 12.55
19.307 35.256 13.223
19.317 34.708 10.111
20.089 33.504 10.091
20.343 35.815 10.472
17.709 33.681 10.998
20.487 36.398 9.674
19.984 36.357 11.229
17.541 36.41 12.028
18.853 34.809 9.227
21.204 35.386 10.739
19.628 32.801 9.539
19.078 33.007 12.914
19.81 32.685 14.15
20.97 31.738 13.873
21.587 31.175 14.785
18.941 31.983 15.202
18.389 30.817 14.595
17.78 32.826 15.685
20.179 33.542 14.528
17.744 32.819 16.689
17.888 33.773 15.369
18.661 32.303 12.299
19.53 31.694 15.975
16.916 32.46 15.326
18.477 30.865 13.593
21.263 31.572 12.574
22.345 30.617 12.237
23.336 31.223 11.248
23.774 30.633 10.256
21.688 29.366 11.667
20.867 29.541 10.443
20.781 30.664 9.851
20.201 28.585 9.993
20.733 32.104 11.911
22.846 30.436 13.091
21.11 28.969 12.4
22.428 28.698 11.477
23.589 32.492 11.417
24.54 33.269 10.638
24.221 33.148 9.167
24.986 32.868 8.253
25.993 32.902 10.988
26.969 33.994 10.752
23.022 32.938 12.204
24.457 34.234 10.905
26.262 32.102 10.435
26.03 32.638 11.961
26.93 35.321 11.03
28.558 32.915 9.85
29.758 35.076 9.676
28.848 34.947 10.074
28.208 33.806 10.163
28.101 35.884 10.592
26.176 35.805 11.479
22.98 33.58 8.883
22.481 33.818 7.532
22.405 32.522 6.74
22.107 32.654 5.569
23.244 34.917 6.797
23.691 36.189 7.525
22.91 37.354 7.572
24.943 36.267 8.103
23.335 38.478 8.245
25.384 37.388 8.784
24.581 38.494 8.854
25.049 39.619 9.511
21.551 34.199 7.602
22.744 39.291 8.299
26.286 37.385 9.221
22.388 33.734 9.742
25.565 35.472 8.028
22.023 37.361 7.101
22.674 35.217 5.997
24.086 34.497 6.386
24.373 40.347 9.428
22.567 31.318 7.247
22.233 30.105 6.524
20.766 30.056 6.139
20.356 29.671 5.029
22.605 28.901 7.427
24.115 28.905 7.76
24.556 27.707 8.564
24.62 28.924 6.896
22.777 30.09 5.67
24.313 29.74 8.277
22.959 31.308 8.222
22.401 28.067 6.945
22.106 28.971 8.272
25.061 28.879 10.118
24.51 26.584 8.072
25.02 27.905 9.796
25.315 27.14 10.38
19.886 30.25 7.12
18.448 30.212 6.989
17.829 31.447 7.666
18.318 32.138 8.589
17.794 28.974 7.619
18.107 29.008 9.022
18.237 27.632 7.023
18.204 30.241 6.017
17.46 27.001 7.008
18.569 27.774 6.089
20.362 30.446 8.059
16.792 29.042 7.518
18.971 27.244 7.582
19.085 28.826 9.164
16.651 31.76 7.129
15.868 32.916 7.5
14.41 32.562 7.741
13.825 31.825 6.956
15.956 33.879 6.32
17.296 34.466 6.049
17.784 35.538 6.796
18.087 33.935 5.028
19.023 36.071 6.518
19.32 34.471 4.76
19.796 35.543 5.502
20.695 35.932 5.303
16.233 33.255 8.381
19.364 36.853 7.062
19.891 34.082 4.011
16.335 31.07 6.39
17.744 33.162 4.498
17.234 35.916 7.532
15.318 34.629 6.497
15.664 33.38 5.503
13.804 33.166 8.739
12.379 32.998 9.028
11.695 34.365 8.932
12.15 35.344 9.538
12.229 32.457 10.437
12.877 31.163 10.49
10.778 32.438 10.825
11.981 32.399 8.337
10.534 31.546 11.222
10.588 33.155 11.505
14.425 33.783 9.318
12.709 33.067 11.09
10.198 32.6 10.019
13.852 31.26 10.277
10.577 34.409 8.189
9.748 35.605 8.085
8.986 35.839 9.389
8.397 34.945 9.975
8.834 35.54 6.865
7.87 36.738 6.765
7.244 36.93 5.424
6.557 38.322 5.288
5.178 38.075 4.81
10.339 36.399 7.912
6.542 38.742 6.174
7.058 38.847 4.628
7.144 36.61 7.464
8.386 37.574 7.023
4.934 38.759 4.121
5.122 37.162 4.405
4.54 38.136 5.579
6.541 36.24 5.27
7.938 36.874 4.709
10.359 33.515 7.697
8.287 34.713 6.921
9.395 35.533 6.046
9.196 37.006 10.039
8.537 37.244 11.318
7.562 38.396 11.203
6.712 38.492 12.116
9.44 37.399 12.541
10.315 38.632 12.47
10.217 36.092 12.764
11.34 38.803 13.584
7.995 36.422 11.511
10.712 36.161 13.625
9.566 35.339 12.797
8.85 37.48 13.352
10.807 38.63 11.587
9.718 39.45 12.468
11.961 38.023 13.578
9.823 37.66 9.571
11.852 39.645 13.43
10.852 35.969 12.007
10.865 38.851 14.459
7.495 39.154 10.137
6.419 40.158 10.038
6.037 40.184 8.531
6.696 41.534 10.602
6.987 41.611 12.102
5.751 41.418 13.001
6.081 41.718 14.41
6.686 40.84 15.212
6.926 39.608 14.815
7.113 41.085 16.451
7.09 40.213 7.827
5.057 40.18 8.054
5.642 39.851 10.548
5.84 42.611 14.769
7.656 40.901 12.349
7.381 42.511 12.319
7.526 40.422 17.001
6.986 42.034 16.817
8.203 39.009 9.417
5.465 40.476 12.926
5.049 42.038 12.691
7.367 38.954 15.441
6.675 39.313 13.892
5.899 42.122 10.421
7.491 41.924 10.122
49.455 42.3 9.091
48.579 41.927 10.242
48.184 40.452 10.151
48.913 39.598 10.664
47.365 42.85 10.298
46.518 42.581 11.512
47.46 41.446 12.594
47.649 40.047 11.485
46.749 39.671 11.265
48.1 40.347 10.644
48.205 39.343 11.928
49.984 41.5 8.817
48.881 42.607 8.336
46.33 43.436 11.995
45.654 42.155 11.241
50.067 43.034 9.377
49.11 42.061 11.078
46.811 42.707 9.477
47.679 43.799 10.325
47.059 40.159 9.514
46.637 38.769 9.336
46.883 38.337 7.891
46.653 39.056 6.912
45.183 38.563 9.756
44.984 37.443 10.77
44.244 36.255 10.153
43.486 35.488 11.22
44.329 34.73 12.18
47.178 38.184 9.943
42.905 36.144 11.741
42.846 34.839 10.762
45.877 37.131 11.093
44.45 37.788 11.54
44.978 35.353 12.617
43.746 34.312 12.877
44.83 34.015 11.691
44.907 35.651 9.734
43.599 36.597 9.484
46.522 40.969 9.165
44.649 38.345 8.941
44.85 39.412 10.16
47.385 37.128 7.738
47.655 36.581 6.41
46.792 35.35 6.185
46.9 34.388 6.948
49.13 36.243 6.239
49.435 35.45 4.961
49.756 36.428 3.832
50.349 35.737 2.628
51.294 34.659 3.079
47.423 37.271 5.722
49.623 35.322 2.09
50.853 36.396 2.08
50.22 34.872 5.121
48.64 34.92 4.713
51.527 34.812 4.037
50.849 33.773 2.974
52.118 34.695 2.519
50.409 37.102 4.173
48.911 36.885 3.56
47.569 36.608 8.616
49.423 35.695 7.017
49.649 37.092 6.204
46.107 35.309 5.047
45.347 34.107 4.699
45.831 33.565 3.352
46.158 34.296 2.43
43.858 34.416 4.684
46.155 36.15 4.464
45.506 33.41 5.399
43.408 33.932 5.435
43.719 35.4 4.793
43.463 34.119 3.815
45.897 32.235 3.204
46.331 31.621 1.945
45.316 30.56 1.485
44.931 29.723 2.281
47.711 30.936 2.09
48.042 30.062 0.87
48.805 31.963 2.393
46.365 32.336 1.243
48.62 30.58 0.244
48.739 32.236 3.351
47.665 30.325 2.877
48.523 29.243 1.176
47.194 29.805 0.413
45.62 31.691 4.04
49.697 31.55 2.218
48.677 32.758 1.803
44.952 30.595 0.217
44.068 29.571 -0.373
44.89 28.862 -1.461
45.44 29.458 -2.381
42.797 30.191 -0.972
41.839 30.765 0.089
42.018 29.192 -1.824
40.607 31.406 -0.602
43.907 28.905 0.336
41.257 29.667 -2.261
42.629 28.814 -2.515
43.073 30.949 -1.573
41.529 30.04 0.666
42.305 31.463 0.592
40.144 30.703 -1.129
45.331 31.392 -0.332
40.007 31.767 0.102
41.675 28.465 -1.234
40.926 32.134 -1.196
45.112 27.594 -1.334
45.83 26.767 -2.299
44.722 26.179 -3.196
44.077 25.171 -2.906
46.641 25.67 -1.621
47.689 26.305 -0.698
46.363 27.365 -2.866
44.718 27.172 -0.436
47.11 25.147 -2.307
46.041 25.119 -1.073
47.61 26.128 0.525
48.59 27.029 -1.298
49.321 27.478 -0.753
48.579 27.157 -2.29
44.378 26.978 -4.226
43.233 26.729 -5.1
43.08 25.39 -5.745
41.986 24.845 -5.983
45.015 27.804 -4.343
42.364 26.95 -4.559
43.23 27.468 -5.841
44.197 24.712 -5.976
44.337 23.38 -6.48
43.857 22.387 -5.421
43.584 21.255 -5.815
45.783 23.066 -6.9
46.664 22.614 -5.728
47.219 23.805 -4.952
46.862 24.971 -5.264
48.082 23.505 -4.093
46.112 22.093 -5.116
43.791 23.258 -7.313
47.422 22.117 -6.089
45.074 25.31 -5.727
46.174 23.885 -7.263
45.754 22.333 -7.546
43.691 22.764 -4.175
43.166 21.837 -3.18
41.686 22.068 -2.918
41.125 21.355 -2.087
43.904 21.885 -1.842
45.391 21.558 -1.867
46.198 21.988 -0.657
45.494 20.553 -1.977
43.273 20.9 -3.542
45.798 21.99 -2.692
43.954 23.741 -3.962
43.456 21.236 -1.204
43.798 22.814 -1.45
47.877 22.082 -1.771
45.772 22.11 0.486
47.505 22.224 -0.828
48.088 22.525 -0.064
41.104 23.052 -3.574
39.685 23.367 -3.364
38.828 22.453 -4.241
38.996 22.476 -5.466
39.462 24.846 -3.677
40.297 25.682 -2.702
37.976 25.18 -3.592
39.9 25.49 -1.247
39.483 23.126 -2.417
37.85 26.144 -3.814
37.48 24.611 -4.244
39.792 25.025 -4.591
41.255 25.432 -2.81
40.184 26.644 -2.938
40.017 24.531 -0.999
41.709 23.572 -4.232
40.481 26.061 -0.671
37.657 24.997 -2.665
38.945 25.754 -1.13
38.02 21.606 -3.637
37.284 20.589 -4.391
35.779 20.775 -4.298
35.082 19.956 -4.877
37.586 19.162 -3.93
39.016 18.752 -3.702
39.804 18.192 -4.85
39.19 17.2 -5.707
39.806 16.675 -6.777
41.041 17.053 -7.088
39.201 15.771 -7.536
39.044 18.057 -2.938
37.559 20.649 -5.364
38.265 16.886 -5.5
39.539 19.563 -3.331
39.65 15.4 -8.334
38.274 15.46 -7.294
37.948 21.713 -2.609
40.675 17.797 -4.466
40.109 18.984 -5.435
41.482 16.664 -7.905
41.525 17.711 -6.522
37.184 18.527 -4.619
37.073 19.006 -3.063
35.292 21.765 -3.617
33.905 22.138 -3.47
33.855 23.536 -2.828
34.895 23.946 -2.281
33.162 21.185 -2.53
33.652 21.389 -1.203
36.068 22.345 -3.122
33.493 22.211 -4.373
33.347 20.258 -2.8
32.202 21.394 -2.552
32.929 21.174 -0.551
32.667 24.117 -2.77
32.474 25.422 -2.134
32.506 25.288 -0.606
33.003 26.167 0.113
31.201 26.118 -2.64
30.996 27.505 -2.043
29.956 25.294 -2.294
31.631 28.682 -2.71
33.268 25.979 -2.387
29.158 25.741 -2.69
30.064 24.379 -2.674
31.282 26.218 -3.638
29.987 27.669 -1.978
31.317 27.471 -1.07
31.292 28.765 -3.649
31.892 23.579 -3.207
31.409 29.519 -2.207
29.87 25.249 -1.302
32.626 28.566 -2.73
32.16 24.102 -0.105
32.396 23.743 1.274
33.884 23.826 1.659
34.185 24.451 2.702
31.821 22.381 1.675
32.371 21.353 0.865
31.706 23.463 -0.799
31.897 24.395 1.867
30.837 22.4 1.549
32.05 22.203 2.624
33.359 21.311 1.007
34.773 23.314 0.831
36.218 23.396 1.103
36.67 24.855 1.206
37.558 25.229 1.962
37.066 22.82 -0.047
37.106 21.306 -0.083
36.58 20.716 0.877
37.641 20.698 -1.027
34.384 22.856 -0.014
36.372 22.975 2.002
37.995 23.166 0.061
36.678 23.153 -0.904
36.115 25.638 0.26
36.518 27.043 0.157
36.103 27.786 1.406
36.92 28.451 2.04
35.951 27.665 -1.123
36.296 29.144 -1.353
37.799 29.338 -1.422
35.598 29.677 -2.61
34.61 29.589 -2.5
35.838 30.638 -2.737
35.897 29.148 -3.402
35.428 25.184 -0.341
38.174 28.798 -2.177
38.007 30.306 -1.572
38.217 29.039 -0.563
37.516 27.079 0.074
35.922 29.682 -0.598
34.962 27.595 -1.086
36.31 27.155 -1.896
34.852 27.643 1.814
34.378 28.291 3.037
35.125 27.763 4.24
35.436 28.594 5.081
32.873 28.158 3.31
32.132 29.038 2.351
34.254 27.051 1.213
34.553 29.278 2.957
32.683 28.458 4.228
32.598 27.224 3.162
31.256 28.717 1.355
32.817 30.941 2.958
31.448 31.846 1.09
31.525 30.887 1.34
32.26 30.394 2.331
30.888 29.875 0.714
30.938 27.794 1.133
35.292 26.44 4.319
36.056 25.91 5.475
37.5 26.361 5.461
38.051 26.642 6.533
35.929 24.383 5.511
34.518 24.026 5.95
34.043 22.605 5.789
34.421 24.285 6.94
35.618 26.27 6.311
33.866 24.641 5.446
34.89 25.879 3.589
36.561 24.026 6.169
36.074 24.03 4.61
32.127 23.312 5.997
34.751 21.61 5.642
32.705 22.513 5.847
32.265 21.576 5.732
38.127 26.497 4.264
39.483 27.039 4.265
39.439 28.467 4.802
40.298 28.829 5.575
40.107 27.072 2.856
40.185 25.723 2.418
41.477 27.765 2.977
40.047 26.489 4.878
41.635 28.33 2.167
41.486 28.341 3.795
37.603 26.21 3.454
39.488 27.579 2.24
42.194 27.071 3.047
39.268 25.365 2.202
38.502 29.289 4.32
38.35 30.646 4.817
38.137 30.71 6.319
38.68 31.609 6.978
37.181 31.356 4.102
37.342 31.588 2.605
36.056 32.203 2.003
38.528 32.45 2.247
39.373 32.019 2.57
38.579 32.565 1.253
38.437 33.351 2.676
37.908 28.877 3.575
35.876 33.074 2.451
36.193 32.342 1.026
35.297 31.576 2.156
39.193 31.167 4.592
37.523 30.718 2.15
37.062 32.244 4.536
36.366 30.797 4.236
37.289 29.834 6.882
37.052 29.82 8.326
38.361 29.67 9.135
38.637 30.362 10.087
36.17 28.653 8.748
35.777 28.562 10.212
34.994 27.273 10.478
34.074 27.458 11.663
33.108 26.374 11.907
36.614 30.69 8.596
34.648 27.586 12.502
33.562 28.338 11.542
36.598 28.557 10.774
35.202 29.338 10.449
33.181 26.061 12.857
32.177 26.705 11.741
33.298 25.605 11.293
35.637 26.549 10.677
34.453 27.063 9.677
36.831 29.187 6.217
36.649 27.793 8.499
35.318 28.69 8.198
39.225 28.773 8.732
40.521 28.594 9.405
41.437 29.794 9.187
42.033 30.332 10.11
41.158 27.302 8.901
42.639 27.124 9.198
42.825 26.969 10.717
44.232 27.306 11.144
44.273 28.079 12.423
40.356 28.486 10.394
44.756 26.454 11.264
44.677 27.851 10.423
42.968 26.305 8.755
43.135 27.923 8.899
44.28 29.056 12.216
43.467 27.855 12.968
45.099 27.835 12.928
42.627 26.025 10.961
42.189 27.584 11.173
38.935 28.203 7.914
41.032 27.261 7.901
40.662 26.527 9.312
41.625 30.177 7.925
42.621 31.179 7.547
42.3 32.565 8.103
43.19 33.335 8.411
42.789 31.15 6.024
43.342 29.822 5.478
44.822 29.699 5.897
45.559 30.669 5.676
45.268 28.686 6.447
42.864 29.099 5.894
43.534 30.889 7.879
43.316 29.852 4.518
41.004 29.703 7.233
43.426 31.855 5.775
41.904 31.285 5.619
41.025 32.925 8.26
40.614 34.235 8.746
40.149 34.229 10.196
39.591 35.207 10.736
39.499 34.726 7.819
39.814 35.556 6.581
40.901 34.953 5.73
38.566 35.737 5.711
37.86 36.203 6.24
38.8 36.283 4.908
38.233 34.841 5.422
40.338 32.173 8
40.625 34.041 5.418
41.072 35.534 4.93
41.748 34.873 6.262
41.406 34.869 8.669
40.092 36.484 6.876
38.853 35.271 8.387
38.986 33.904 7.503
40.348 33.095 10.868
40.015 32.863 12.255
38.546 33.215 12.481
38.264 33.991 13.362
40.981 33.68 13.138
40.797 32.337 10.261
40.144 31.894 12.47
40.59 34.583 13.296
41.105 33.207 14.006
41.855 33.765 12.668
37.627 32.658 11.677
36.208 33.033 11.741
35.504 32.344 12.897
35.948 31.36 13.464
35.516 32.775 10.401
36 33.428 9.117
35.011 33.268 7.959
36.234 34.924 9.3
36.925 35.069 10.007
36.551 35.32 8.438
35.379 35.364 9.574
38.002 31.951 11.018
34.14 33.69 8.208
35.38 33.715 7.145
34.873 32.296 7.775
36.151 34.03 11.877
36.883 33.019 8.849
34.535 33.032 10.515
35.53 31.765 10.246
34.343 32.843 13.29
33.589 32.261 14.415
33.277 30.802 14.153
33.054 30.451 13.001
32.355 33.13 14.482
32.223 33.689 13.101
33.652 34.018 12.698
31.831 33.014 12.48
34.098 32.376 15.275
33.961 34.85 13.118
33.756 34.027 11.723
31.661 34.513 13.104
32.465 33.867 15.154
31.543 32.59 14.724
33.104 29.978 15.177
32.643 28.598 15.061
31.225 28.533 14.481
30.891 27.587 13.781
32.684 27.961 16.444
32.835 26.469 16.619
33.467 25.722 15.458
34.598 26.106 15.08
32.818 24.783 14.935
33.406 26.304 17.42
33.268 28.079 14.466
31.929 26.076 16.762
33.334 30.415 16.114
31.827 28.232 16.922
33.451 28.4 16.95
30.427 29.597 14.613
29.11 29.666 13.975
29.166 30.112 12.521
28.153 30.036 11.816
28.172 30.509 14.861
28.547 31.977 14.931
28.557 32.789 13.792
28.868 32.56 16.149
28.928 34.119 13.839
29.229 33.899 16.242
29.279 34.657 15.064
29.586 35.992 15.172
28.699 28.737 14.005
28.942 34.676 13.017
29.446 34.312 17.112
30.817 30.361 15.2
28.838 32.005 16.983
28.284 32.386 12.908
28.201 30.135 15.783
27.251 30.438 14.49
29.122 36.496 14.445
30.365 30.438 11.989
30.456 30.85 10.577
29.46 30.154 9.662
29.483 28.917 9.525
31.835 30.621 9.984
32.038 31.156 8.604
31.657 32.458 8.249
32.57 30.355 7.607
31.827 32.919 6.944
32.764 30.804 6.331
32.398 32.102 6.007
32.656 32.538 4.721
30.279 31.852 10.536
31.53 33.847 6.705
33.164 30.212 5.631
31.16 30.375 12.625
32.824 29.403 7.839
31.26 33.06 8.936
32.007 29.629 9.967
32.512 31.05 10.593
31.795 32.786 4.283
28.638 30.956 8.953
27.516 30.349 8.229
27.922 29.78 6.895
27.087 29.197 6.187
28.857 31.944 8.97
27.113 29.616 8.805
26.794 31.051 8.096
29.177 29.944 6.43
29.602 29.348 5.178
28.729 29.779 4.038
28.268 28.927 3.294
29.585 27.789 5.288
30.557 27.418 6.429
30.904 25.953 6.516
30.781 25.193 5.541
31.368 25.543 7.587
31.395 27.924 6.279
30.564 29.607 4.992
30.129 27.683 7.282
29.785 30.52 7.039
29.937 27.441 4.479
28.711 27.531 5.553
28.469 31.082 3.944
27.659 31.625 2.852
28.107 33.046 2.556
28.975 33.618 3.268
26.167 31.493 3.177
25.791 32.44 4.319
27.855 31.076 2.039
28.881 31.666 4.695
25.987 30.569 3.465
25.646 31.743 2.38
25.769 33.651 4.067
25.495 31.829 5.498
25.238 32.392 6.275
25.541 30.843 5.56
27.581 33.609 1.48
28.11 34.893 1.022
27.8 35.979 2.039
28.627 36.829 2.342
27.728 35.22 -0.392
28.222 34.271 -1.508
27.511 34.589 -2.821
29.703 34.43 -1.701
30.187 34.21 -0.85
30.024 33.814 -2.425
29.917 35.375 -1.961
26.822 33.102 1.026
27.705 35.534 -3.084
27.838 33.97 -3.534
26.525 34.471 -2.702
29.106 34.813 0.932
28.023 33.333 -1.24
28.082 36.131 -0.619
26.726 35.236 -0.46
26.608 35.988 2.581
26.159 36.895 3.63
27.005 36.686 4.884
27.508 37.644 5.496
24.672 36.649 3.828
23.791 37.124 2.679
23.977 38.288 2.222
22.919 36.344 2.204
25.955 35.244 2.178
26.332 37.829 3.313
24.384 37.124 4.661
24.531 35.664 3.945
27.33 35.436 5.256
28.168 35.177 6.436
29.568 35.738 6.257
30.124 36.4 7.124
28.229 33.707 6.771
26.946 34.69 4.652
27.739 35.62 7.234
27.726 33.18 6.084
29.183 33.4 6.785
27.82 33.545 7.671
30.104 35.556 5.025
31.439 36.13 4.785
31.479 37.645 4.803
32.441 38.213 5.362
31.822 35.582 3.403
33.172 36.03 2.873
34.3 35.495 3.788
33.301 35.437 1.46
32.558 35.783 0.891
34.179 35.707 1.071
33.248 34.442 1.517
29.556 35.045 4.365
34.259 34.5 3.8
35.178 35.797 3.427
34.166 35.854 4.707
32.064 35.78 5.511
33.216 37.024 2.863
31.128 35.88 2.759
31.835 34.59 3.467
30.51 38.34 4.174
30.498 39.798 4.269
30.492 40.314 5.699
31.174 41.278 6.055
29.245 40.354 3.574
29.057 41.817 3.768
28.204 42.4 4.655
29.718 42.877 3.068
28.288 43.754 4.532
29.227 44.08 3.587
30.693 42.908 2.059
29.66 45.334 3.142
31.126 44.148 1.608
30.609 45.338 2.153
30.954 46.212 1.798
31.346 40.139 3.824
27.745 44.424 5.053
31.065 42.073 1.677
31.81 44.192 0.89
29.286 46.17 3.535
27.614 41.913 5.291
29.831 37.782 3.659
28.447 39.894 3.946
29.324 40.186 2.599
29.579 39.707 6.502
29.498 40.051 7.917
30.817 39.757 8.636
31.291 40.533 9.509
28.356 39.22 8.549
28.166 39.46 10.026
27.89 40.644 10.32
28.319 38.546 10.885
28.985 39.018 6.031
29.349 41.045 7.976
28.57 38.257 8.398
27.514 39.458 8.068
31.431 38.63 8.31
32.742 38.36 9.003
33.78 39.388 8.568
34.448 40.008 9.389
33.302 36.98 8.733
31.012 38.028 7.641
32.587 38.44 9.986
32.597 36.404 8.316
34.083 37.048 8.11
33.602 36.562 9.592
33.83 39.629 7.235
34.765 40.62 6.727
34.55 42.026 7.294
35.526 42.745 7.431
34.795 40.688 5.184
35.287 39.355 4.562
35.282 39.402 3.056
36.676 38.963 5.045
36.666 38.852 6.039
36.948 38.101 4.618
37.331 39.677 4.797
33.186 39.079 6.669
35.886 40.135 2.734
35.604 38.528 2.685
34.352 39.575 2.722
35.71 40.327 6.967
34.684 38.619 4.885
35.425 41.382 4.922
33.886 40.838 4.869
33.31 42.408 7.611
33.095 43.773 8.045
32.801 43.923 9.521
32.692 45.066 9.979
31.935 44.385 7.206
30.798 43.561 7.481
32.305 44.424 5.729
33.938 44.314 7.831
33.237 44.076 5.603
31.668 43.854 5.204
32.587 41.697 7.523
31.753 45.311 7.544
32.257 45.367 5.392
30.875 42.684 6.995
32.637 42.863 10.268
32.334 42.874 11.689
32.993 41.731 12.452
32.394 41.407 13.488
32.747 41.945 9.732
32.636 43.758 12.092
31.327 42.821 11.82
34.154 41.21 12.048
34.776 40.143 12.855
36.301 40.097 12.659
37.092 40.158 13.601
34.248 38.75 12.486
34.816 37.646 13.34
35.961 36.935 13.097
34.269 37.148 14.557
36.157 36.025 14.088
35.131 36.128 15.005
33.125 37.429 15.309
34.895 35.402 16.169
32.901 36.714 16.472
33.779 35.705 16.894
33.575 35.211 17.735
34.603 40.355 13.823
36.918 35.378 14.155
32.479 38.131 15.018
32.094 36.923 17.022
35.537 34.679 16.452
36.558 37.07 12.308
34.547 41.587 11.192
34.494 38.551 11.547
33.264 38.737 12.606
36.691 39.942 11.407
38.056 39.834 10.941
38.986 40.93 11.394
38.674 42.112 11.487
38.019 39.761 9.398
39.292 40.175 8.714
37.628 38.298 9.028
38.434 38.94 11.281
39.75 39.371 8.326
37.121 37.909 9.789
37.291 40.394 9.088
39.09 40.822 7.975
39.908 40.615 9.372
35.863 39.9 10.723
37.065 38.323 8.209
38.463 37.784 8.864
40.191 40.543 11.762
41.26 41.412 12.208
41.925 41.916 10.925
41.998 41.159 9.954
42.254 40.612 13.054
43.546 41.345 13.344
44.724 40.496 13.74
44.651 39.275 14.011
45.817 41.106 13.779
43.804 41.852 12.521
40.898 42.176 12.712
43.376 41.989 14.091
40.322 39.482 11.702
42.477 39.793 12.556
41.819 40.414 13.915
42.307 43.172 10.899
42.947 43.869 9.8
44.246 44.476 10.293
44.347 44.7 11.511
41.936 44.973 9.379
40.758 44.404 8.608
41.035 43.822 7.369
39.447 44.381 9.049
40.035 43.257 6.617
38.43 43.818 8.286
38.728 43.265 7.055
37.801 42.675 6.215
43.163 43.204 9.084
40.258 42.826 5.727
37.491 43.815 8.627
42.093 43.684 11.826
39.22 44.779 9.942
41.978 43.821 7.03
42.412 45.614 8.799
41.599 45.403 10.2
36.902 42.718 6.643
45.233 44.778 9.459
45.204 44.537 8.045
45.185 43.068 7.682
45.794 42.219 8.351
46.534 45.061 7.479
47.263 45.627 8.623
46.521 45.39 9.899
48.211 45.223 8.682
44.414 45.02 7.608
46.341 46.244 10.393
47.008 44.758 10.504
47.42 46.638 8.485
46.357 45.757 6.769
47.048 44.305 7.048
44.659 42.807 6.518
44.429 41.459 5.993
45.017 41.382 4.594
44.881 42.228 3.691
42.948 41.128 5.988
42.402 39.87 5.286
42.823 38.582 5.969
40.879 39.861 5.238
40.556 40.664 4.737
40.564 39.032 4.777
40.515 39.882 6.169
44.399 43.669 5.956
42.484 38.574 6.911
42.443 37.799 5.475
43.822 38.515 5.976
44.904 40.806 6.576
42.732 39.869 4.333
42.453 41.921 5.579
42.639 41.069 6.96
45.812 40.344 4.431
46.404 39.959 3.17
45.835 38.563 2.841
46.173 37.519 3.454
47.916 39.966 3.116
48.507 39.627 1.744
48.44 41.358 3.496
46.095 40.578 2.465
48.737 38.656 1.716
48.132 41.578 4.419
48.261 39.257 3.753
47.835 39.834 1.036
49.33 40.172 1.597
45.986 39.8 5.326
49.437 41.349 3.461
48.082 42.026 2.848
45.125 38.555 1.739
44.607 37.299 1.168
45.409 36.93 -0.094
45.424 37.66 -1.088
43.148 37.392 0.784
42.537 36.169 0.067
42.412 34.975 1.017
41.129 36.564 -0.372
41.181 37.346 -0.991
40.699 35.794 -0.842
40.587 36.809 0.431
44.956 39.48 1.304
41.822 35.224 1.784
42.015 34.202 0.525
43.318 34.727 1.357
44.727 36.57 1.84
43.126 35.921 -0.702
43.03 38.172 0.171
42.61 37.534 1.615
46.015 35.744 0.008
46.758 35.254 -1.16
45.976 34.087 -1.759
45.997 32.997 -1.161
48.163 34.834 -0.777
48.924 34.104 -1.853
50.375 33.879 -1.397
50.653 34.068 -0.193
51.189 33.543 -2.287
48.529 33.228 -1.984
46.844 35.98 -1.832
48.96 34.655 -2.65
45.923 35.258 0.886
48.096 34.231 0.006
48.672 35.653 -0.551
45.43 34.283 -2.927
44.591 33.188 -3.485
45.354 32.6 -4.675
45.367 33.272 -5.7
43.236 33.73 -3.831
42.141 32.8 -4.21
42.262 31.58 -4.774
40.735 33.053 -4.051
41.027 31.021 -4.969
40.061 31.887 -4.524
39.967 34.108 -3.579
38.683 31.779 -4.539
38.586 33.99 -3.571
37.949 32.823 -4.072
36.955 32.792 -4.071
44.522 32.488 -2.791
40.851 30.121 -5.373
40.396 34.95 -3.244
38.031 34.729 -3.212
38.245 30.936 -4.893
43.129 31.138 -5.019
45.599 35.159 -3.396
43.333 34.393 -4.606
42.888 34.279 -3.039
45.983 31.454 -4.492
46.795 30.833 -5.527
45.939 29.901 -6.391
44.926 29.429 -5.911
47.939 29.995 -4.953
48.946 30.773 -4.107
49.648 29.821 -3.125
50.556 30.586 -2.245
51.266 29.982 -1.292
51.166 28.65 -1.074
52.041 30.771 -0.558
48.475 31.461 -3.579
47.179 31.549 -6.118
50.632 31.557 -2.371
49.635 31.171 -4.691
52.588 30.348 0.196
52.096 31.742 -0.728
45.849 31.031 -3.544
50.172 29.173 -3.65
48.958 29.382 -2.578
51.693 28.236 -0.347
50.564 28.107 -1.651
48.436 29.58 -5.713
47.545 29.279 -4.378
46.344 29.67 -7.638
45.611 28.739 -8.493
44.126 29.064 -8.536
43.25 28.184 -8.513
45.834 27.336 -7.926
47.024 26.558 -8.409
48.301 27.314 -8.587
47.193 25.79 -7.755
45.975 28.829 -9.431
46.782 26.12 -9.301
47.184 30.184 -7.934
44.995 26.783 -8.115
45.897 27.414 -6.909
48.229 26.913 -10.578
48.904 27.86 -7.666
48.741 27.372 -9.837
49.609 27.886 -10.055
43.8 30.343 -8.761
42.421 30.811 -8.782
41.574 29.982 -9.767
40.491 29.554 -9.363
42.306 32.321 -9.012
40.928 32.868 -8.792
40.439 33.202 -7.543
40.047 32.972 -9.889
39.136 33.672 -7.382
38.752 33.41 -9.71
38.292 33.764 -8.456
37.353 34.084 -8.337
42.035 30.645 -7.869
38.828 33.942 -6.455
38.128 33.471 -10.516
44.621 30.97 -8.919
40.377 32.724 -10.797
41.021 33.11 -6.737
42.564 32.503 -9.95
42.92 32.769 -8.379
42.049 29.79 -10.989
41.408 29.097 -12.069
41.027 27.675 -11.672
39.839 27.335 -11.746
42.198 29.035 -13.39
41.419 28.317 -14.51
40.192 29.089 -15.017
39.961 30.281 -14.729
39.366 28.551 -15.791
42.028 28.197 -15.274
40.574 29.593 -12.357
41.098 27.456 -14.155
43.03 30.232 -11.109
43.013 28.526 -13.229
42.358 29.95 -13.687
41.982 26.931 -11.112
41.638 25.603 -10.603
40.562 25.632 -9.534
39.671 24.759 -9.601
42.898 24.855 -10.146
43.81 24.461 -11.334
44.915 23.53 -10.863
43.258 23.994 -12.005
41.287 25.056 -11.384
44.213 25.284 -11.7
42.911 27.345 -11.074
42.631 24.02 -9.682
43.425 25.441 -9.545
44.683 22.32 -12.437
45.51 23.777 -9.808
45.246 22.452 -11.577
45.97 21.83 -11.306
40.519 26.57 -8.599
39.511 26.652 -7.551
38.12 26.966 -8.107
37.076 26.707 -7.509
39.949 27.706 -6.507
39.643 29.029 -6.945
41.304 27.279 -8.679
39.461 25.753 -7.091
40.931 27.628 -6.374
39.468 27.527 -5.656
39.997 29.159 -7.868
38.021 27.486 -9.318
36.756 27.733 -9.979
36.123 26.454 -10.53
34.907 26.418 -10.724
36.958 28.659 -11.169
37.279 30.101 -10.928
37.391 30.894 -12.211
36.362 30.592 -13.258
34.969 30.549 -12.733
36.11 28.147 -9.315
36.411 31.294 -13.988
36.573 29.698 -13.687
36.557 30.514 -10.357
38.152 30.172 -10.429
34.736 31.437 -12.339
34.34 30.339 -13.481
34.902 29.842 -12.03
38.313 30.733 -12.608
37.338 31.883 -11.981
38.949 27.707 -9.765
36.109 28.611 -11.742
37.703 28.258 -11.747
36.909 25.409 -10.765
36.407 24.195 -11.389
35.351 23.436 -10.604
34.427 22.844 -11.19
37.548 23.216 -11.717
38.578 23.775 -12.674
39.681 22.794 -12.976
38.122 24.019 -13.531
35.991 24.459 -12.29
38.981 24.597 -12.268
37.899 25.534 -10.468
37.149 22.393 -12.126
38.009 22.971 -10.863
40.558 24.176 -14.18
39.717 21.664 -12.484
40.635 23.24 -13.803
41.426 22.639 -14.047
35.549 23.321 -9.301
34.611 22.518 -8.514
33.8 23.384 -7.557
33.12 22.861 -6.668
35.396 21.417 -7.821
35.862 20.214 -8.653
36.821 19.324 -7.854
34.673 19.384 -9.104
34.063 19.946 -9.663
34.992 18.605 -9.644
34.173 19.049 -8.304
36.357 23.807 -8.917
36.355 18.987 -7.038
37.105 18.553 -8.422
37.621 19.858 -7.588
33.974 22.06 -9.147
36.329 20.547 -9.473
34.828 21.053 -7.075
36.222 21.83 -7.419
33.841 24.706 -7.732
33.072 25.584 -6.853
31.921 26.242 -7.608
31.158 27.041 -7.061
33.944 26.711 -6.276
34.463 27.447 -7.396
35.04 26.115 -5.402
32.685 25.03 -6.107
34.654 25.399 -4.815
35.756 25.716 -5.98
34.433 25.034 -8.503
33.363 27.331 -5.732
35.442 26.831 -4.827
35.446 27.269 -7.504
31.785 25.854 -8.861
30.798 26.37 -9.797
30.998 27.873 -9.965
31.999 28.298 -10.552
29.378 26.012 -9.383
29.156 24.525 -9.115
27.735 24.156 -8.698
26.83 24.952 -8.581
27.629 22.929 -8.483
29.357 24.029 -9.947
30.9 25.919 -10.684
29.759 24.25 -8.38
32.484 25.102 -9.146
28.772 26.272 -10.115
29.173 26.494 -8.548
30.116 28.675 -9.393
30.248 30.129 -9.475
30.816 30.714 -8.178
30.962 31.923 -7.979
28.871 30.724 -9.784
28.95 32.188 -10.191
30.916 30.327 -10.202
29.343 28.2 -8.894
28.307 30.652 -8.968
28.466 30.209 -10.532
30.024 32.786 -10.251
27.784 32.77 -10.494
27.769 33.729 -10.774
26.938 32.246 -10.439
31.18 29.828 -7.268
31.489 30.193 -5.911
32.801 30.946 -5.78
32.849 31.898 -5.001
31.223 28.841 -7.623
30.739 30.769 -5.532
31.53 29.356 -5.332
33.837 30.532 -6.505
35.136 31.192 -6.412
35.025 32.663 -6.782
35.442 33.527 -5.994
36.159 30.501 -7.296
33.646 29.724 -7.123
35.467 31.122 -5.463
35.814 29.603 -7.57
36.326 31.054 -8.112
37.016 30.387 -6.793
34.277 32.968 -7.851
34.117 34.369 -8.28
33.245 35.103 -7.29
33.59 36.223 -6.906
33.572 34.5 -9.694
34.544 34.012 -10.761
35.615 34.984 -11.176
35.752 36.044 -10.524
36.289 34.693 -12.21
34.996 33.195 -10.409
35.018 34.802 -8.333
34.014 33.781 -11.574
33.841 32.17 -8.328
33.397 35.45 -9.867
32.762 33.95 -9.76
32.153 34.481 -6.85
31.276 35.136 -5.863
32.084 35.503 -4.619
31.961 36.624 -4.169
30.102 34.249 -5.406
29.204 34.099 -6.509
31.98 33.549 -7.238
30.933 35.982 -6.271
29.634 34.697 -4.669
30.45 33.368 -5.152
29.587 33.443 -7.155
32.833 34.546 -4.081
33.594 34.838 -2.858
34.557 35.969 -3.057
34.638 36.862 -2.215
34.273 33.54 -2.353
35.321 33.852 -1.305
33.157 32.65 -1.747
32.928 35.101 -2.143
35.201 34.79 -0.976
32.432 32.55 -2.421
34.743 33.129 -3.129
35.228 33.218 -0.536
36.235 33.757 -1.702
32.835 33.647 -4.559
33.548 31.763 -1.523
32.81 33.094 -0.927
35.345 35.949 -4.129
36.261 36.966 -4.498
35.598 38.338 -4.491
36.17 39.288 -3.986
36.856 36.82 -5.927
37.798 37.976 -6.329
38.849 38.313 -5.259
38.467 37.612 -7.669
37.761 37.486 -8.361
39.078 38.352 -7.939
38.985 36.768 -7.555
35.212 35.054 -4.706
39.414 37.508 -5.091
39.419 39.064 -5.585
38.385 38.582 -4.418
37.026 36.991 -3.835
37.24 38.797 -6.511
36.108 36.811 -6.562
37.38 35.989 -5.948
34.458 38.442 -5.178
33.64 39.628 -5.232
33.294 40.155 -3.846
33.369 41.374 -3.683
32.314 39.285 -5.965
31.598 40.491 -6.535
30.321 40.122 -7.235
31.386 41.121 -5.786
34.162 40.353 -5.711
32.206 40.946 -7.188
34.205 37.549 -5.693
31.708 38.832 -5.311
32.528 38.656 -6.712
30.019 42.083 -7.68
29.92 38.96 -7.323
29.649 41.148 -7.78
28.777 40.978 -8.286
32.994 39.283 -2.871
32.662 39.754 -1.53
33.857 40.463 -0.877
33.806 41.605 -0.336
32.093 38.621 -0.667
31.908 39.066 0.799
30.702 38.115 -1.116
31.914 40.424 -1.606
32.365 38.412 1.396
30.462 38.563 -1.972
32.757 37.877 -0.653
32.309 39.971 0.915
30.934 39.095 1.008
33.02 38.293 -3.148
30.749 37.128 -1.243
30.038 38.342 -0.409
35.052 39.851 -1.057
36.245 40.522 -0.53
36.444 41.856 -1.266
36.804 42.877 -0.631
37.488 39.679 -0.714
37.677 38.518 0.223
37.22 37.237 -0.06
38.409 38.745 1.37
37.43 36.216 0.863
38.662 37.732 2.267
38.171 36.472 1.989
38.364 35.712 2.637
36.057 40.747 0.424
37.036 35.308 0.693
39.19 37.909 3.103
35.036 38.972 -1.543
38.765 39.669 1.553
36.751 37.046 -0.906
38.287 40.28 -0.613
37.477 39.312 -1.649
36.307 41.844 -2.604
36.491 43.143 -3.3
35.523 44.219 -2.823
35.918 45.394 -2.757
36.364 43.059 -4.824
37.222 41.9 -5.351
38.209 42.419 -6.353
37.741 42.965 -7.525
37.273 43.517 -8.579
36.507 42.81 -9.417
37.618 44.771 -8.829
36.632 41.239 -5.791
37.439 43.456 -3.131
38.432 42.03 -8.337
37.712 41.494 -4.593
37.278 45.239 -9.672
38.21 45.273 -8.202
36.093 40.976 -3.041
38.858 41.634 -6.557
38.803 43.106 -5.851
36.15 43.246 -10.266
36.283 41.863 -9.216
36.703 43.887 -5.213
35.433 42.874 -5.051
34.267 43.839 -2.529
33.332 44.893 -2.067
33.664 45.399 -0.671
33.663 46.594 -0.391
31.906 44.36 -2.089
31.434 44.197 -3.52
30.01 43.688 -3.576
29.232 43.928 -2.632
29.72 43.039 -4.589
31.454 45.073 -3.954
33.357 45.662 -2.724
32.003 43.536 -3.962
34.041 42.871 -2.64
31.334 45.013 -1.659
31.906 43.484 -1.674
34.044 44.459 0.195
34.554 44.692 1.519
35.72 45.663 1.41
35.757 46.607 2.17
35.017 43.419 2.25
33.929 43.472 -0.204
33.844 45.112 2.081
34.445 42.654 1.965
35.969 43.237 2.016
34.931 43.559 3.233
36.632 45.438 0.472
37.751 46.347 0.246
37.248 47.697 -0.272
37.726 48.757 0.159
38.718 45.81 -0.793
40.088 46.452 -0.849
40.914 45.746 -1.954
42.314 46.352 -2.06
43.074 45.65 -3.127
38.232 46.497 1.115
42.23 47.314 -2.289
42.779 46.238 -1.19
40.003 47.404 -1.089
40.553 46.328 0.01
43.309 44.729 -2.817
42.512 45.592 -3.952
43.911 46.159 -3.328
40.447 45.866 -2.817
40.996 44.79 -1.717
36.482 44.569 -0.081
38.287 45.91 -1.704
38.843 44.82 -0.624
36.288 47.673 -1.188
35.721 48.933 -1.67
35.032 49.658 -0.515
35.052 50.877 -0.453
34.774 48.713 -2.846
35.995 46.748 -1.51
36.462 49.511 -2.014
34.036 49.385 -2.809
35.278 48.818 -3.702
34.39 47.792 -2.795
34.46 48.96 0.457
33.786 49.517 1.602
34.751 50.156 2.602
34.272 50.7 3.597
33.027 48.413 2.337
31.937 48.785 3.324
30.631 49.1 2.613
30.492 48.844 1.394
29.716 49.609 3.286
31.776 48.021 3.911
33.113 50.217 1.303
32.213 49.59 3.804
34.547 47.905 0.31
33.708 47.865 2.838
32.605 47.824 1.636
36.065 50.01 2.462
36.993 50.613 3.389
37.848 49.608 4.131
38.907 49.992 4.632
36.352 49.436 1.644
37.601 51.261 2.886
36.477 51.176 4.067
37.43 48.348 4.171
38.243 47.298 4.791
39.659 47.317 4.207
39.879 47.532 3.013
37.63 45.923 4.587
36.507 48.175 3.739
38.302 47.474 5.776
36.819 45.828 5.165
37.369 45.811 3.628
38.296 45.219 4.833
40.61 47.063 5.086
42.032 47.08 4.762
42.454 45.679 4.355
43.044 44.911 5.122
42.863 47.59 5.928
44.331 47.821 5.665
44.893 47.541 4.597
45.005 48.326 6.602
40.255 46.844 6.053
42.147 47.668 3.963
42.775 46.924 6.685
42.453 48.462 6.241
42.125 45.374 3.111
42.33 44.037 2.561
43.227 44.121 1.334
42.981 44.896 0.405
40.979 43.413 2.177
40.032 43.244 3.365
41.185 42.022 1.552
38.633 42.798 3.046
42.837 43.523 3.253
40.3 41.675 1.256
41.801 42.113 0.775
40.535 44.024 1.513
40.449 42.582 4.006
39.987 44.13 3.853
38.659 41.908 2.59
41.712 46.157 2.562
38.103 42.721 3.892
41.581 41.422 2.241
38.196 43.466 2.442
44.288 43.335 1.343
45.15 43.225 0.149
44.839 41.852 -0.446
44.845 40.829 0.274
46.647 43.402 0.433
46.887 44.747 0.96
47.492 43.235 -0.805
44.88 43.917 -0.495
48.246 42.595 -0.626
46.934 42.875 -1.56
44.464 42.821 2.216
46.936 42.74 1.149
47.879 44.12 -1.083
46.103 45.035 1.51
44.571 41.811 -1.741
44.244 40.577 -2.462
45.319 40.281 -3.502
45.72 41.12 -4.329
42.887 40.68 -3.194
41.796 41.052 -2.182
42.46 39.398 -3.917
40.504 41.463 -2.891
44.286 39.84 -1.787
41.596 39.568 -4.384
43.167 39.153 -4.575
42.953 41.41 -3.857
41.611 40.271 -1.611
42.114 41.814 -1.642
40.184 40.7 -3.446
44.611 42.746 -2.22
39.82 41.697 -2.206
42.351 38.673 -3.242
40.69 42.252 -3.47
45.813 39.064 -3.436
46.857 38.576 -4.321
46.361 37.334 -5.037
45.861 36.374 -4.408
48.188 38.3 -3.646
48.704 39.537 -2.9
49.21 37.828 -4.675
49.786 39.274 -1.886
46.987 39.279 -5.02
50.058 37.597 -4.204
48.848 37.025 -5.143
48.058 37.574 -2.971
49.045 40.193 -3.582
47.921 39.965 -2.435
50.579 38.867 -2.34
45.386 38.465 -2.682
50.056 40.135 -1.454
49.371 38.563 -5.33
49.444 38.645 -1.187
46.225 37.496 -6.341
45.641 36.452 -7.181
46.742 35.841 -8.027
47.355 36.592 -8.777
44.518 36.999 -8.066
43.324 37.694 -7.419
42.485 38.507 -8.407
42.451 36.714 -6.698
42.973 36.25 -5.976
41.671 37.187 -6.278
42.102 36.023 -7.338
46.559 38.405 -6.712
42.132 37.9 -9.118
41.723 38.934 -7.921
43.056 39.214 -8.822
45.26 35.744 -6.59
43.658 38.31 -6.69
44.156 36.227 -8.608
44.934 37.66 -8.709
46.991 34.543 -7.867
48.009 33.831 -8.621
47.442 32.495 -9.155
49.291 33.499 -7.858
48.992 33.205 -6.487
46.178 32.46 -9.241
48.005 31.575 -9.468
46.385 34.079 -7.146
48.265 34.385 -9.416
49.899 34.281 -7.889
49.716 32.703 -8.267
48.003 33.203 -6.363
