0 1.764840325960e+01
1 0.000000000000e+00
2 0.000000000000e+00
3 0.000000000000e+00
4 1.506843099652e+00
5 1.619536383879e+00
6 0.000000000000e+00
7 1.297037348908e+01
8 2.189171213819e+01
9 0.000000000000e+00
10 7.252355982467e+00
11 8.715393166130e+00
12 1.108500338899e+01
13 7.547552114941e+00
14 0.000000000000e+00
15 6.151989276416e+00
16 0.000000000000e+00
17 3.014857092571e+00
18 0.000000000000e+00
19 0.000000000000e+00
20 0.000000000000e+00
21 0.000000000000e+00
22 0.000000000000e+00
23 0.000000000000e+00
24 2.719740023051e+00
25 0.000000000000e+00
26 0.000000000000e+00
27 1.444979932462e+01
28 7.582484500639e-01
29 9.226980752982e-01
30 0.000000000000e+00
31 1.667941954009e+00
32 2.333924027804e+01
33 0.000000000000e+00
34 0.000000000000e+00
35 1.081869466011e+01
36 1.084730857488e+01
37 9.689623753077e+00
38 5.113318903310e+00
39 0.000000000000e+00
40 6.798152586211e+00
41 0.000000000000e+00
42 1.748953937250e+00
43 0.000000000000e+00
44 0.000000000000e+00
45 0.000000000000e+00
46 0.000000000000e+00
47 0.000000000000e+00
48 0.000000000000e+00
49 0.000000000000e+00
50 0.000000000000e+00
51 0.000000000000e+00
52 0.000000000000e+00
53 0.000000000000e+00
54 0.000000000000e+00
55 0.000000000000e+00
56 0.000000000000e+00
57 0.000000000000e+00
58 0.000000000000e+00
59 7.691045459377e+00
60 0.000000000000e+00
61 0.000000000000e+00
62 1.309794854311e+00
63 0.000000000000e+00
64 0.000000000000e+00
65 9.046064604792e+00
66 0.000000000000e+00
67 0.000000000000e+00
68 7.115300717305e+00
69 0.000000000000e+00
70 5.004560191816e+00
71 1.244618517161e+01
72 0.000000000000e+00
73 0.000000000000e+00
74 0.000000000000e+00
75 0.000000000000e+00
76 0.000000000000e+00
77 0.000000000000e+00
78 0.000000000000e+00
79 0.000000000000e+00
80 0.000000000000e+00
81 2.819734644968e+00
82 0.000000000000e+00
83 0.000000000000e+00
84 0.000000000000e+00
85 0.000000000000e+00
86 0.000000000000e+00
87 0.000000000000e+00
88 0.000000000000e+00
89 0.000000000000e+00
90 0.000000000000e+00
91 5.748392111164e+00
92 0.000000000000e+00
93 0.000000000000e+00
94 3.257562272081e+00
95 0.000000000000e+00
96 2.703388300308e+00
97 0.000000000000e+00
98 0.000000000000e+00
99 4.997074716784e+00
100 0.000000000000e+00
101 1.888976093879e+01
102 1.182133540344e+01
103 0.000000000000e+00
104 0.000000000000e+00
105 0.000000000000e+00
106 0.000000000000e+00
107 0.000000000000e+00
108 0.000000000000e+00
109 0.000000000000e+00
110 0.000000000000e+00
111 0.000000000000e+00
112 0.000000000000e+00
113 0.000000000000e+00
114 0.000000000000e+00
115 1.542339600008e+01
116 8.204087978616e-01
117 2.395240888922e+00
118 4.457217765281e+00
119 5.120218414943e+00
120 1.467140213782e+01
121 0.000000000000e+00
122 5.221180387204e+00
123 8.721585216137e+00
124 2.122755951211e+00
125 4.044160771218e+00
126 1.196000520650e+01
127 0.000000000000e+00
128 0.000000000000e+00
129 0.000000000000e+00
130 1.198593851800e+01
131 7.085978131884e-01
132 0.000000000000e+00
133 7.202968262886e+00
134 0.000000000000e+00
135 6.275457343253e+00
136 6.807991499155e+00
137 8.712300969763e+00
138 9.133477084314e+00
139 0.000000000000e+00
140 1.821892995520e+01
141 1.974643795347e+01
142 0.000000000000e+00
143 0.000000000000e+00
144 0.000000000000e+00
145 0.000000000000e+00
146 0.000000000000e+00
147 0.000000000000e+00
148 0.000000000000e+00
149 0.000000000000e+00
150 0.000000000000e+00
151 9.297613114356e-01
152 0.000000000000e+00
153 0.000000000000e+00
154 0.000000000000e+00
155 0.000000000000e+00
156 0.000000000000e+00
157 0.000000000000e+00
158 0.000000000000e+00
159 0.000000000000e+00
160 5.123621517617e+00
161 3.875788450439e+00
162 0.000000000000e+00
163 0.000000000000e+00
164 0.000000000000e+00
165 0.000000000000e+00
166 1.126436637685e+01
167 4.339164787560e-01
168 7.525571324972e-01
169 2.687371959414e-01
170 1.082204516171e+01
171 3.800966254270e+00
172 2.423301391498e+01
173 2.709220929651e+01
174 0.000000000000e+00
175 0.000000000000e+00
176 7.475548460265e+00
177 9.725236408125e+00
178 3.271932442456e+00
179 1.126168259322e+01
180 0.000000000000e+00
181 6.913215283847e+00
182 0.000000000000e+00
183 0.000000000000e+00
184 0.000000000000e+00
185 0.000000000000e+00
186 0.000000000000e+00
187 0.000000000000e+00
188 0.000000000000e+00
189 0.000000000000e+00
190 0.000000000000e+00
191 6.179779688355e+00
192 7.556590571403e+00
193 0.000000000000e+00
194 4.118931194683e+00
195 6.372653911104e+00
196 7.992961283333e+00
197 0.000000000000e+00
198 3.660477286599e+00
199 0.000000000000e+00
200 0.000000000000e+00
201 0.000000000000e+00
202 0.000000000000e+00
203 0.000000000000e+00
204 3.932743310338e+00
205 1.371657949771e+00
206 0.000000000000e+00
207 0.000000000000e+00
208 7.957198406860e+00
209 1.128382959274e+01
210 2.289764860577e+00
211 7.684357276688e+00
212 1.126959635883e+01
213 8.538033744490e+00
214 1.486061035931e+00
215 5.047243789093e+00
216 0.000000000000e+00
217 0.000000000000e+00
218 0.000000000000e+00
219 0.000000000000e+00
220 0.000000000000e+00
221 4.244812365346e+00
222 1.617162492470e+01
223 0.000000000000e+00
224 7.884208660441e+00
225 9.718829442594e+00
226 3.722057145312e+00
227 0.000000000000e+00
228 0.000000000000e+00
229 0.000000000000e+00
230 0.000000000000e+00
231 3.637154264727e+00
232 0.000000000000e+00
233 4.862982830249e+00
234 6.578503766988e+00
235 1.779247442581e+01
236 0.000000000000e+00
237 4.318196258182e+00
238 0.000000000000e+00
239 5.737043394240e+00
240 0.000000000000e+00
241 0.000000000000e+00
242 0.000000000000e+00
243 0.000000000000e+00
244 0.000000000000e+00
245 0.000000000000e+00
246 0.000000000000e+00
247 0.000000000000e+00
248 0.000000000000e+00
249 0.000000000000e+00
250 0.000000000000e+00
251 0.000000000000e+00
252 0.000000000000e+00
253 0.000000000000e+00
254 0.000000000000e+00
255 0.000000000000e+00
256 0.000000000000e+00
257 0.000000000000e+00
258 0.000000000000e+00
259 0.000000000000e+00
260 0.000000000000e+00
261 0.000000000000e+00
262 0.000000000000e+00
263 0.000000000000e+00
264 0.000000000000e+00
265 4.854147369224e+00
266 0.000000000000e+00
267 1.686222393443e+00
268 0.000000000000e+00
269 0.000000000000e+00
270 0.000000000000e+00
271 0.000000000000e+00
272 0.000000000000e+00
273 0.000000000000e+00
274 8.651869187807e+00
275 0.000000000000e+00
276 0.000000000000e+00
277 0.000000000000e+00
278 1.164570898328e+00
279 7.165889835357e+00
280 6.301921133989e-01
281 0.000000000000e+00
282 3.223189602806e+00
283 0.000000000000e+00
284 0.000000000000e+00
285 2.202428001508e+00
286 1.040882373154e+01
287 7.776551465601e+00
288 0.000000000000e+00
289 1.806901426298e+01
290 1.890314779357e+01
291 0.000000000000e+00
292 0.000000000000e+00
293 2.433113195034e+00
294 0.000000000000e+00
295 0.000000000000e+00
296 0.000000000000e+00
297 0.000000000000e+00
298 1.369556726895e+01
299 0.000000000000e+00
300 0.000000000000e+00
301 6.202014107824e+00
302 0.000000000000e+00
303 0.000000000000e+00
304 1.139539856250e+01
305 5.975684389076e+00
306 0.000000000000e+00
307 0.000000000000e+00
308 0.000000000000e+00
309 0.000000000000e+00
310 0.000000000000e+00
311 0.000000000000e+00
312 0.000000000000e+00
313 0.000000000000e+00
314 0.000000000000e+00
315 0.000000000000e+00
316 0.000000000000e+00
317 0.000000000000e+00
318 0.000000000000e+00
319 0.000000000000e+00
320 0.000000000000e+00
321 0.000000000000e+00
322 0.000000000000e+00
323 0.000000000000e+00
324 0.000000000000e+00
325 0.000000000000e+00
326 0.000000000000e+00
327 0.000000000000e+00
328 0.000000000000e+00
329 3.768162884120e+00
330 0.000000000000e+00
331 0.000000000000e+00
332 0.000000000000e+00
333 1.908934813188e+00
334 2.006324422482e+01
335 0.000000000000e+00
336 0.000000000000e+00
337 0.000000000000e+00
338 1.009572806500e+00
339 9.369507255664e+00
340 0.000000000000e+00
341 0.000000000000e+00
342 1.210872296307e+01
343 3.395595441979e+00
344 0.000000000000e+00
345 0.000000000000e+00
346 0.000000000000e+00
347 0.000000000000e+00
348 0.000000000000e+00
349 0.000000000000e+00
350 0.000000000000e+00
351 9.276995519547e+00
352 1.094012864051e+00
353 4.000471566640e-01
354 1.018424130029e+00
355 1.313679205587e+01
356 2.480098370410e+01
357 0.000000000000e+00
358 5.195318851819e+00
359 1.117960338089e+01
360 5.561027754427e+00
361 1.221692023058e+01
362 2.451175183580e+00
363 6.614794594591e+00
364 1.078922770176e+01
365 3.517814428682e+00
366 3.423888888220e+00
367 0.000000000000e+00
368 0.000000000000e+00
369 0.000000000000e+00
370 0.000000000000e+00
371 0.000000000000e+00
372 0.000000000000e+00
373 1.196507738930e+01
374 0.000000000000e+00
375 0.000000000000e+00
376 1.050773379177e+00
377 1.163422874672e+01
378 2.163389387625e+01
379 0.000000000000e+00
380 6.000141699168e+00
381 0.000000000000e+00
382 0.000000000000e+00
383 0.000000000000e+00
384 0.000000000000e+00
385 0.000000000000e+00
386 0.000000000000e+00
387 2.819679041070e+00
388 5.677947632296e+00
389 0.000000000000e+00
390 0.000000000000e+00
391 0.000000000000e+00
392 0.000000000000e+00
393 0.000000000000e+00
394 5.230577271998e+00
395 0.000000000000e+00
396 0.000000000000e+00
397 0.000000000000e+00
398 0.000000000000e+00
399 0.000000000000e+00
400 0.000000000000e+00
401 0.000000000000e+00
402 0.000000000000e+00
403 0.000000000000e+00
404 0.000000000000e+00
405 0.000000000000e+00
406 2.119978908106e+00
407 7.054153968734e+00
408 4.440772030798e+00
409 0.000000000000e+00
410 8.645140000182e+00
411 1.309624618919e+01
412 9.805545517311e+00
413 1.096918078217e+01
414 0.000000000000e+00
415 0.000000000000e+00
416 0.000000000000e+00
417 1.384204239577e+01
418 0.000000000000e+00
419 0.000000000000e+00
420 0.000000000000e+00
421 0.000000000000e+00
422 0.000000000000e+00
423 0.000000000000e+00
424 0.000000000000e+00
425 0.000000000000e+00
426 0.000000000000e+00
427 0.000000000000e+00
428 0.000000000000e+00
429 0.000000000000e+00
430 0.000000000000e+00
431 0.000000000000e+00
432 0.000000000000e+00
433 0.000000000000e+00
434 0.000000000000e+00
435 0.000000000000e+00
436 0.000000000000e+00
437 2.483602173063e+00
438 0.000000000000e+00
439 0.000000000000e+00
440 6.231264904783e+00
441 1.507496231385e+00
442 0.000000000000e+00
443 0.000000000000e+00
444 6.062861032902e+00
445 0.000000000000e+00
446 0.000000000000e+00
447 8.046274461908e+00
448 0.000000000000e+00
449 0.000000000000e+00
450 1.138876778145e+01
451 1.258604164977e+00
452 2.618963501583e+00
453 3.992420960342e+00
454 1.210869192385e+01
455 2.036670053777e+01
456 0.000000000000e+00
457 0.000000000000e+00
458 8.856302433568e+00
459 1.003307352083e+01
460 1.090491839070e+01
461 4.446976750742e+00
462 0.000000000000e+00
463 0.000000000000e+00
464 1.828948586523e+00
465 1.106063808589e+01
466 2.186920389418e+00
467 2.600780817680e+00
468 5.234572207890e+00
469 4.753019109667e+00
470 5.788390747549e+00
471 3.477438346642e+00
472 2.984515090225e+00
473 1.788610092892e+01
474 0.000000000000e+00
475 9.565725721641e+00
476 1.016255314097e+01
477 1.092966801776e+01
478 1.077466768442e+01
479 6.413887494531e+00
480 9.215902266771e+00
481 1.379746748677e+01
482 0.000000000000e+00
483 0.000000000000e+00
484 0.000000000000e+00
485 0.000000000000e+00
486 1.009235075004e+01
487 0.000000000000e+00
488 0.000000000000e+00
489 0.000000000000e+00
490 0.000000000000e+00
491 0.000000000000e+00
492 0.000000000000e+00
493 0.000000000000e+00
494 0.000000000000e+00
495 0.000000000000e+00
496 0.000000000000e+00
497 0.000000000000e+00
498 0.000000000000e+00
499 5.532479709908e+00
500 0.000000000000e+00
501 0.000000000000e+00
502 0.000000000000e+00
503 0.000000000000e+00
504 4.145147174896e+00
505 3.383183484697e+00
506 1.796167200163e+00
507 1.072059630136e+01
508 0.000000000000e+00
509 8.113811755003e+00
510 4.541413542982e+00
511 0.000000000000e+00
512 0.000000000000e+00
513 0.000000000000e+00
514 1.233788305746e+01
515 1.087460766311e+00
516 0.000000000000e+00
517 5.521991611257e+00
518 2.263516027882e+01
519 5.015835112392e+00
520 0.000000000000e+00
521 0.000000000000e+00
522 6.929324120813e+00
523 5.861311262036e+00
524 0.000000000000e+00
525 3.483886276509e+00
526 0.000000000000e+00
527 0.000000000000e+00
528 0.000000000000e+00
529 0.000000000000e+00
530 2.548722790833e+00
531 5.302451279101e+00
532 0.000000000000e+00
533 6.131474943800e+00
534 1.241077531496e+01
535 7.082877268760e+00
536 2.820289234669e+00
537 1.415039863484e+01
538 0.000000000000e+00
539 0.000000000000e+00
540 1.708809066255e+00
541 0.000000000000e+00
542 1.618740168382e+00
543 2.894400916649e+00
544 1.686468179608e-01
545 0.000000000000e+00
546 4.203303724853e+00
547 0.000000000000e+00
548 0.000000000000e+00
549 0.000000000000e+00
550 1.169387548993e+01
551 7.106247231741e+00
552 1.136768216308e+01
553 1.061038763268e+01
554 8.231195397656e+00
555 5.655433008853e+00
556 0.000000000000e+00
557 0.000000000000e+00
558 3.275648600965e+00
559 0.000000000000e+00
560 0.000000000000e+00
561 1.517937750417e+00
562 4.091464135909e+00
563 1.505618195944e+00
564 5.444317378582e+00
565 2.093674421914e+01
566 2.268836438908e+01
567 0.000000000000e+00
568 4.763251836542e+00
569 6.028394042431e+00
570 1.221048094676e+01
571 2.519539047824e+00
572 4.714298367217e-01
573 0.000000000000e+00
574 4.278615107507e+00
575 1.297009102817e+00
576 0.000000000000e+00
577 7.388989637356e+00
578 6.079902317670e+00
579 0.000000000000e+00
580 5.843355766375e+00
581 0.000000000000e+00
582 0.000000000000e+00
583 0.000000000000e+00
584 0.000000000000e+00
585 0.000000000000e+00
586 0.000000000000e+00
587 0.000000000000e+00
588 0.000000000000e+00
589 0.000000000000e+00
590 0.000000000000e+00
591 0.000000000000e+00
592 0.000000000000e+00
593 0.000000000000e+00
594 0.000000000000e+00
595 0.000000000000e+00
596 0.000000000000e+00
597 0.000000000000e+00
598 0.000000000000e+00
599 0.000000000000e+00
600 0.000000000000e+00
601 0.000000000000e+00
602 0.000000000000e+00
603 0.000000000000e+00
604 1.583086379342e+00
605 2.568240658900e+00
606 6.297597749921e+00
607 2.693844055402e+00
608 1.410565209894e+01
609 2.547569405015e+00
610 6.734688429493e+00
611 4.532580437567e+00
612 1.332119541148e+00
613 4.920438966298e+00
614 0.000000000000e+00
615 0.000000000000e+00
616 6.111205025930e+00
617 1.320096556762e+00
618 8.824834697135e+00
619 0.000000000000e+00
620 0.000000000000e+00
621 1.240195454241e+01
622 0.000000000000e+00
623 1.092176263512e+00
624 0.000000000000e+00
625 0.000000000000e+00
626 0.000000000000e+00
627 0.000000000000e+00
628 1.652783328034e+00
629 4.128069744278e+00
630 2.018046461992e+01
631 2.421103805692e+01
632 0.000000000000e+00
633 2.729078384856e+00
634 9.484315440284e+00
635 2.127165166010e+00
636 0.000000000000e+00
637 0.000000000000e+00
638 0.000000000000e+00
639 0.000000000000e+00
640 0.000000000000e+00
641 0.000000000000e+00
642 4.416702123154e+00
643 6.779855087638e+00
644 0.000000000000e+00
645 0.000000000000e+00
646 0.000000000000e+00
647 0.000000000000e+00
648 0.000000000000e+00
649 0.000000000000e+00
650 0.000000000000e+00
651 0.000000000000e+00
652 0.000000000000e+00
653 0.000000000000e+00
654 0.000000000000e+00
655 0.000000000000e+00
656 0.000000000000e+00
657 0.000000000000e+00
658 0.000000000000e+00
659 0.000000000000e+00
660 0.000000000000e+00
661 0.000000000000e+00
662 0.000000000000e+00
663 0.000000000000e+00
664 0.000000000000e+00
665 0.000000000000e+00
666 0.000000000000e+00
667 2.411597924235e+00
668 1.673540839568e+01
669 6.337653787697e-01
670 1.073281480024e+01
671 0.000000000000e+00
672 0.000000000000e+00
673 3.514631072758e+00
674 9.351147943071e+00
675 5.142305661035e+00
676 0.000000000000e+00
677 0.000000000000e+00
678 0.000000000000e+00
679 2.074964752133e+00
680 1.941659086617e+00
681 2.995661717275e+00
682 1.747099465045e+01
683 0.000000000000e+00
684 8.411405544573e+00
685 9.168567945062e+00
686 6.109167057548e+00
687 8.955319170728e-01
688 1.214327477635e+00
689 1.606578236689e+01
690 0.000000000000e+00
691 0.000000000000e+00
692 1.315453600469e+00
693 2.978519187084e+00
694 8.942999784065e+00
695 3.360880872669e+00
696 4.508808384865e+00
697 4.674394772765e+00
698 4.403600273011e+00
699 3.201709517135e+00
700 0.000000000000e+00
701 7.615589714218e+00
702 7.947368580005e+00
703 0.000000000000e+00
704 0.000000000000e+00
705 0.000000000000e+00
706 8.224055218379e+00
707 9.847842780275e+00
708 7.715577154253e+00
709 5.590940409177e+00
710 0.000000000000e+00
711 0.000000000000e+00
712 0.000000000000e+00
713 1.108668140545e+01
714 0.000000000000e+00
715 0.000000000000e+00
716 0.000000000000e+00
717 0.000000000000e+00
718 5.641988733288e+00
719 0.000000000000e+00
720 0.000000000000e+00
721 0.000000000000e+00
722 0.000000000000e+00
723 0.000000000000e+00
724 5.626415487859e+00
725 0.000000000000e+00
726 4.521392992731e+00
727 0.000000000000e+00
728 0.000000000000e+00
729 0.000000000000e+00
730 3.812048976801e-01
731 0.000000000000e+00
732 4.907390853797e+00
733 1.683262533178e+01
734 1.878509470149e+01
735 0.000000000000e+00
736 7.815827134248e+00
737 1.082318636069e+01
738 7.730963726154e+00
739 0.000000000000e+00
740 1.000186550301e+01
741 4.787755131930e+00
742 0.000000000000e+00
743 0.000000000000e+00
744 1.468071854772e+01
745 0.000000000000e+00
746 0.000000000000e+00
747 0.000000000000e+00
748 7.151970786316e+00
749 0.000000000000e+00
750 8.394606917481e+00
751 0.000000000000e+00
752 1.027005003240e+01
753 0.000000000000e+00
754 0.000000000000e+00
755 1.024726461933e+01
756 0.000000000000e+00
757 0.000000000000e+00
758 1.029167430674e+01
759 0.000000000000e+00
760 1.062542917583e+01
761 0.000000000000e+00
762 0.000000000000e+00
763 0.000000000000e+00
764 0.000000000000e+00
765 0.000000000000e+00
766 6.836301858567e-01
767 1.988543723137e+00
768 3.707553413750e+00
769 0.000000000000e+00
770 7.279868095193e+00
771 8.368571760426e+00
772 1.343381658063e+01
773 8.548147445785e+00
774 3.333160217027e+00
775 9.350316887231e+00
776 0.000000000000e+00
777 0.000000000000e+00
778 0.000000000000e+00
779 4.595591711946e+00
780 0.000000000000e+00
781 0.000000000000e+00
782 0.000000000000e+00
783 0.000000000000e+00
784 0.000000000000e+00
785 0.000000000000e+00
786 0.000000000000e+00
787 0.000000000000e+00
788 0.000000000000e+00
789 0.000000000000e+00
790 0.000000000000e+00
791 0.000000000000e+00
792 0.000000000000e+00
793 0.000000000000e+00
794 0.000000000000e+00
795 0.000000000000e+00
796 0.000000000000e+00
797 0.000000000000e+00
798 0.000000000000e+00
799 0.000000000000e+00
800 0.000000000000e+00
801 6.827761430005e+00
802 0.000000000000e+00
803 0.000000000000e+00
804 0.000000000000e+00
805 0.000000000000e+00
806 6.229794023087e-01
807 1.392905456285e+01
808 5.047757831045e+00
809 6.604958242464e+00
810 1.284158469623e+01
811 0.000000000000e+00
812 0.000000000000e+00
813 0.000000000000e+00
814 0.000000000000e+00
815 0.000000000000e+00
816 0.000000000000e+00
817 0.000000000000e+00
818 0.000000000000e+00
819 0.000000000000e+00
820 0.000000000000e+00
821 0.000000000000e+00
822 0.000000000000e+00
823 0.000000000000e+00
824 0.000000000000e+00
825 0.000000000000e+00
826 0.000000000000e+00
827 0.000000000000e+00
828 0.000000000000e+00
829 0.000000000000e+00
830 0.000000000000e+00
831 0.000000000000e+00
832 0.000000000000e+00
833 0.000000000000e+00
834 0.000000000000e+00
835 0.000000000000e+00
836 4.950216752126e+00
837 1.478106839184e+01
838 8.400566470676e+00
839 0.000000000000e+00
840 0.000000000000e+00
841 5.486742130505e+00
842 0.000000000000e+00
843 0.000000000000e+00
844 0.000000000000e+00
845 0.000000000000e+00
846 0.000000000000e+00
847 0.000000000000e+00
848 0.000000000000e+00
849 0.000000000000e+00
850 0.000000000000e+00
851 0.000000000000e+00
852 0.000000000000e+00
853 0.000000000000e+00
854 0.000000000000e+00
855 0.000000000000e+00
856 0.000000000000e+00
857 0.000000000000e+00
858 0.000000000000e+00
859 0.000000000000e+00
860 0.000000000000e+00
861 0.000000000000e+00
862 0.000000000000e+00
863 0.000000000000e+00
864 0.000000000000e+00
865 0.000000000000e+00
866 0.000000000000e+00
867 0.000000000000e+00
868 0.000000000000e+00
869 0.000000000000e+00
870 0.000000000000e+00
871 0.000000000000e+00
872 0.000000000000e+00
873 0.000000000000e+00
874 0.000000000000e+00
875 2.428335627864e+00
876 3.540767059616e+00
877 3.838280834129e+00
878 1.961673749871e+01
879 2.061652987661e+01
880 0.000000000000e+00
881 0.000000000000e+00
882 0.000000000000e+00
883 9.763707163441e+00
884 4.356599732154e+00
885 0.000000000000e+00
886 0.000000000000e+00
887 8.890976569830e+00
888 0.000000000000e+00
889 0.000000000000e+00
890 0.000000000000e+00
891 0.000000000000e+00
892 0.000000000000e+00
893 0.000000000000e+00
894 0.000000000000e+00
895 0.000000000000e+00
896 0.000000000000e+00
897 0.000000000000e+00
898 1.151991347356e+00
899 3.654822144745e+00
900 0.000000000000e+00
901 5.132249319321e+00
902 0.000000000000e+00
903 0.000000000000e+00
904 4.480695514871e+00
905 5.056209222737e+00
906 2.076248285453e+01
907 1.771618827196e+01
908 0.000000000000e+00
909 0.000000000000e+00
910 0.000000000000e+00
911 0.000000000000e+00
912 0.000000000000e+00
913 0.000000000000e+00
914 0.000000000000e+00
915 0.000000000000e+00
916 0.000000000000e+00
917 5.955248817193e+00
918 0.000000000000e+00
919 5.993942638222e+00
920 0.000000000000e+00
921 0.000000000000e+00
922 0.000000000000e+00
923 0.000000000000e+00
924 8.149181518131e+00
925 0.000000000000e+00
926 0.000000000000e+00
927 0.000000000000e+00
928 4.534503924600e+00
929 0.000000000000e+00
930 0.000000000000e+00
931 0.000000000000e+00
932 0.000000000000e+00
933 3.294136750567e+00
934 2.026468472103e+00
935 2.515444353612e+00
936 3.896149833538e+00
937 1.930873985522e+01
938 1.232451009226e+01
939 0.000000000000e+00
940 0.000000000000e+00
941 1.059808954659e+01
942 1.114788906322e+01
943 9.181051537274e+00
944 1.116153985486e+01
945 0.000000000000e+00
946 0.000000000000e+00
947 0.000000000000e+00
948 2.203353503922e+00
949 0.000000000000e+00
950 1.414482511879e+00
951 3.140180115025e+00
952 0.000000000000e+00
953 0.000000000000e+00
954 0.000000000000e+00
955 8.123984746253e+00
956 9.121376891968e+00
957 5.474682716275e+00
958 5.643905914157e+00
959 2.656310272221e+01
960 0.000000000000e+00
961 0.000000000000e+00
962 0.000000000000e+00
963 0.000000000000e+00
964 0.000000000000e+00
965 0.000000000000e+00
966 0.000000000000e+00
967 0.000000000000e+00
968 0.000000000000e+00
969 0.000000000000e+00
970 0.000000000000e+00
971 0.000000000000e+00
972 0.000000000000e+00
973 0.000000000000e+00
974 0.000000000000e+00
975 0.000000000000e+00
976 3.425010481311e+00
977 0.000000000000e+00
978 0.000000000000e+00
979 1.003242130168e+00
980 1.465338072803e+01
981 1.457559156422e+01
982 0.000000000000e+00
983 0.000000000000e+00
984 0.000000000000e+00
985 0.000000000000e+00
986 7.608967400978e+00
987 0.000000000000e+00
988 4.040622326280e+00
989 9.630336083453e+00
990 2.932646878267e+00
991 3.008697713543e+00
992 0.000000000000e+00
993 0.000000000000e+00
994 0.000000000000e+00
995 0.000000000000e+00
996 0.000000000000e+00
997 0.000000000000e+00
998 1.232863525527e+01
999 0.000000000000e+00
1000 1.742155054767e+00
1001 3.473375970739e+00
1002 0.000000000000e+00
1003 9.505601085707e+00
1004 0.000000000000e+00
1005 9.941776069705e+00
1006 1.205130771122e+01
1007 1.468856396424e+00
1008 2.095350824115e+01
1009 2.248783621890e+01
1010 0.000000000000e+00
1011 0.000000000000e+00
1012 0.000000000000e+00
1013 0.000000000000e+00
1014 1.332067066476e+00
1015 7.211048019889e+00
1016 0.000000000000e+00
1017 0.000000000000e+00
1018 2.046915426273e+00
1019 2.965237931294e+00
1020 0.000000000000e+00
1021 5.991515714774e+00
1022 0.000000000000e+00
1023 1.254868283233e+00
1024 5.496231576089e+00
1025 3.573919218194e+00
1026 0.000000000000e+00
1027 1.108028731956e+01
1028 1.153126868793e+01
1029 7.383491968587e+00
1030 1.392335577435e+01
1031 0.000000000000e+00
1032 0.000000000000e+00
1033 0.000000000000e+00
1034 6.000248251278e+00
1035 0.000000000000e+00
1036 0.000000000000e+00
1037 0.000000000000e+00
1038 0.000000000000e+00
1039 4.886580642914e+00
1040 0.000000000000e+00
1041 0.000000000000e+00
1042 0.000000000000e+00
1043 0.000000000000e+00
1044 0.000000000000e+00
1045 0.000000000000e+00
1046 0.000000000000e+00
1047 4.000523311078e+00
1048 3.484692959223e+00
1049 2.970024584741e-01
1050 1.851849762606e+00
1051 5.223636526881e+00
1052 1.118031328454e+01
1053 2.006745495967e+01
1054 0.000000000000e+00
1055 8.425698039933e+00
1056 6.038683603066e+00
1057 8.540022603843e+00
1058 1.030800702882e+01
1059 1.042292836451e+01
1060 1.277421844119e+00
1061 0.000000000000e+00
1062 2.900523665183e+00
1063 0.000000000000e+00
1064 4.775590263991e-01
1065 5.919034064154e+00
1066 0.000000000000e+00
1067 2.118668341727e+00
1068 1.194640616784e+01
1069 8.778645947396e+00
1070 1.769304785562e+01
1071 2.671890606501e+01
1072 0.000000000000e+00
1073 0.000000000000e+00
1074 3.907753052623e+00
1075 2.680812920630e+00
1076 0.000000000000e+00
1077 0.000000000000e+00
1078 0.000000000000e+00
1079 6.409043424107e+00
1080 1.298468787634e+00
1081 0.000000000000e+00
1082 0.000000000000e+00
1083 0.000000000000e+00
1084 0.000000000000e+00
1085 0.000000000000e+00
1086 0.000000000000e+00
1087 0.000000000000e+00
1088 0.000000000000e+00
1089 0.000000000000e+00
1090 0.000000000000e+00
1091 0.000000000000e+00
1092 0.000000000000e+00
1093 0.000000000000e+00
1094 0.000000000000e+00
1095 0.000000000000e+00
1096 2.862824041517e+00
1097 4.328026523674e+00
1098 1.161349725554e+01
1099 1.573851942462e+01
1100 0.000000000000e+00
1101 0.000000000000e+00
1102 0.000000000000e+00
1103 4.729371402786e+00
1104 1.131286133683e+01
1105 8.407860098128e+00
1106 1.637106117385e+00
1107 6.837629698774e-01
1108 0.000000000000e+00
1109 0.000000000000e+00
1110 5.158505869778e+00
1111 8.267389786239e+00
1112 0.000000000000e+00
1113 7.270262060623e+00
1114 3.872170511608e+00
1115 9.092797494153e+00
1116 0.000000000000e+00
1117 0.000000000000e+00
1118 0.000000000000e+00
1119 0.000000000000e+00
1120 0.000000000000e+00
1121 0.000000000000e+00
1122 0.000000000000e+00
1123 0.000000000000e+00
1124 0.000000000000e+00
1125 0.000000000000e+00
1126 0.000000000000e+00
1127 0.000000000000e+00
1128 0.000000000000e+00
1129 0.000000000000e+00
1130 0.000000000000e+00
1131 0.000000000000e+00
1132 0.000000000000e+00
1133 0.000000000000e+00
1134 0.000000000000e+00
1135 0.000000000000e+00
1136 0.000000000000e+00
1137 0.000000000000e+00
1138 0.000000000000e+00
1139 0.000000000000e+00
1140 4.225786619104e+00
1141 0.000000000000e+00
1142 0.000000000000e+00
1143 0.000000000000e+00
1144 0.000000000000e+00
1145 4.033925481194e+00
1146 0.000000000000e+00
1147 0.000000000000e+00
1148 2.807559073882e+00
1149 0.000000000000e+00
1150 1.703867168534e+00
1151 8.603820664479e+00
1152 0.000000000000e+00
1153 0.000000000000e+00
1154 0.000000000000e+00
1155 0.000000000000e+00
1156 0.000000000000e+00
1157 1.813679022853e+00
1158 3.482827820813e+00
1159 2.016675897136e+01
1160 1.689190130481e+01
1161 0.000000000000e+00
1162 4.108975892400e+00
1163 7.433307094337e+00
1164 3.592486448894e+00
1165 1.282161281259e+01
1166 2.770805838914e+00
1167 0.000000000000e+00
1168 0.000000000000e+00
1169 0.000000000000e+00
1170 0.000000000000e+00
1171 0.000000000000e+00
1172 0.000000000000e+00
1173 0.000000000000e+00
1174 0.000000000000e+00
1175 0.000000000000e+00
1176 0.000000000000e+00
1177 0.000000000000e+00
1178 0.000000000000e+00
1179 0.000000000000e+00
1180 0.000000000000e+00
1181 0.000000000000e+00
1182 1.439780923979e+01
1183 3.063507209465e+00
1184 0.000000000000e+00
1185 0.000000000000e+00
1186 0.000000000000e+00
1187 0.000000000000e+00
1188 0.000000000000e+00
1189 0.000000000000e+00
1190 0.000000000000e+00
1191 0.000000000000e+00
1192 0.000000000000e+00
1193 0.000000000000e+00
1194 0.000000000000e+00
1195 0.000000000000e+00
1196 0.000000000000e+00
1197 0.000000000000e+00
1198 0.000000000000e+00
1199 0.000000000000e+00
1200 0.000000000000e+00
1201 0.000000000000e+00
1202 0.000000000000e+00
1203 0.000000000000e+00
1204 0.000000000000e+00
1205 0.000000000000e+00
1206 0.000000000000e+00
1207 1.196900765843e+00
1208 9.005053511851e+00
1209 0.000000000000e+00
1210 0.000000000000e+00
1211 2.168638305004e+00
1212 9.196031440776e+00
1213 8.590445329804e+00
1214 2.337421425103e+01
1215 2.754736421527e+01
1216 0.000000000000e+00
1217 0.000000000000e+00
1218 0.000000000000e+00
1219 9.917167315512e+00
1220 0.000000000000e+00
1221 0.000000000000e+00
1222 6.452519075081e+00
1223 1.153579541399e+01
1224 0.000000000000e+00
1225 0.000000000000e+00
1226 0.000000000000e+00
1227 0.000000000000e+00
1228 0.000000000000e+00
1229 0.000000000000e+00
1230 0.000000000000e+00
1231 0.000000000000e+00
1232 2.842055969499e+00
1233 0.000000000000e+00
1234 0.000000000000e+00
1235 6.261528494339e+00
1236 1.226045925485e+01
1237 1.946791215715e+01
1238 0.000000000000e+00
1239 3.199071624113e+00
1240 0.000000000000e+00
1241 7.896693885098e+00
1242 1.192615944908e+01
1243 0.000000000000e+00
1244 0.000000000000e+00
1245 0.000000000000e+00
1246 0.000000000000e+00
1247 0.000000000000e+00
1248 0.000000000000e+00
1249 0.000000000000e+00
1250 0.000000000000e+00
1251 0.000000000000e+00
1252 0.000000000000e+00
1253 0.000000000000e+00
1254 0.000000000000e+00
1255 0.000000000000e+00
1256 0.000000000000e+00
1257 9.474317090250e+00
1258 0.000000000000e+00
1259 3.108764496899e-01
1260 0.000000000000e+00
1261 1.071892429983e+01
1262 2.511664263937e+01
1263 0.000000000000e+00
1264 0.000000000000e+00
1265 0.000000000000e+00
1266 1.321104595154e+00
1267 8.795304473489e+00
1268 5.127975289880e+00
1269 0.000000000000e+00
1270 1.262942199294e+01
1271 2.792898649819e+00
1272 3.207124426758e+00
1273 0.000000000000e+00
1274 0.000000000000e+00
1275 0.000000000000e+00
1276 0.000000000000e+00
1277 0.000000000000e+00
1278 2.625837518626e+00
1279 1.803099409674e+01
1280 4.388851111735e+00
1281 0.000000000000e+00
1282 9.345288492296e+00
1283 1.054934714127e+01
1284 7.000183463466e+00
1285 1.144071230593e+01
1286 0.000000000000e+00
1287 0.000000000000e+00
1288 2.483587845337e+00
1289 1.632452391728e+01
1290 0.000000000000e+00
1291 3.691162374476e+00
1292 3.249913466208e+00
1293 1.706658321489e+01
1294 2.141248864372e+01
1295 0.000000000000e+00
1296 5.898463895203e+00
1297 0.000000000000e+00
1298 3.446445072548e+00
1299 4.661593327324e+00
1300 7.125394862756e+00
1301 0.000000000000e+00
1302 3.069504111979e+00
1303 5.505292818662e+00
1304 1.737058297491e+01
1305 0.000000000000e+00
1306 1.059472812534e+01
1307 6.629989966855e+00
1308 4.591413584978e+00
1309 9.349863021269e-02
1310 0.000000000000e+00
1311 4.816508949965e+00
1312 0.000000000000e+00
1313 0.000000000000e+00
1314 6.774806251132e+00
1315 5.302860667140e+00
1316 0.000000000000e+00
1317 0.000000000000e+00
1318 4.142551490666e+00
1319 0.000000000000e+00
1320 0.000000000000e+00
1321 0.000000000000e+00
1322 8.555287579634e-01
1323 3.589047515976e+00
1324 1.530043221304e+01
1325 1.321261474624e+01
1326 0.000000000000e+00
1327 8.142503458078e+00
1328 1.183352267894e+01
1329 3.478003706643e+00
1330 2.316178880724e+00
1331 0.000000000000e+00
1332 0.000000000000e+00
1333 5.689873357640e+00
1334 0.000000000000e+00
1335 0.000000000000e+00
1336 0.000000000000e+00
1337 0.000000000000e+00
1338 0.000000000000e+00
1339 0.000000000000e+00
1340 0.000000000000e+00
1341 0.000000000000e+00
1342 0.000000000000e+00
1343 0.000000000000e+00
1344 0.000000000000e+00
1345 0.000000000000e+00
1346 0.000000000000e+00
1347 0.000000000000e+00
1348 0.000000000000e+00
1349 0.000000000000e+00
1350 0.000000000000e+00
1351 0.000000000000e+00
1352 0.000000000000e+00
1353 0.000000000000e+00
1354 2.102231946689e+01
1355 4.093376667473e+00
1356 0.000000000000e+00
1357 0.000000000000e+00
1358 0.000000000000e+00
1359 0.000000000000e+00
1360 1.123035936899e+01
1361 1.079566042578e+01
1362 0.000000000000e+00
1363 4.592611730528e+00
1364 0.000000000000e+00
1365 0.000000000000e+00
1366 1.585452113009e+01
1367 0.000000000000e+00
1368 0.000000000000e+00
1369 0.000000000000e+00
1370 0.000000000000e+00
1371 0.000000000000e+00
1372 0.000000000000e+00
1373 1.074333186814e+01
1374 0.000000000000e+00
1375 0.000000000000e+00
1376 0.000000000000e+00
1377 3.130444388419e+00
1378 0.000000000000e+00
1379 0.000000000000e+00
1380 0.000000000000e+00
1381 5.648110681169e+00
1382 0.000000000000e+00
1383 0.000000000000e+00
1384 0.000000000000e+00
1385 0.000000000000e+00
1386 0.000000000000e+00
1387 6.057703665700e-01
1388 2.125685455236e+00
1389 0.000000000000e+00
1390 0.000000000000e+00
1391 3.866939018221e+00
1392 0.000000000000e+00
1393 1.229226625174e+01
1394 1.033998417737e+01
1395 1.117416047472e+01
1396 9.924161035461e+00
1397 0.000000000000e+00
1398 0.000000000000e+00
1399 7.541628839884e+00
1400 0.000000000000e+00
1401 5.636540244975e+00
1402 0.000000000000e+00
1403 9.898777732495e-01
1404 1.744647214575e+01
1405 0.000000000000e+00
1406 0.000000000000e+00
1407 4.407251672935e+00
1408 0.000000000000e+00
1409 0.000000000000e+00
1410 0.000000000000e+00
1411 8.275563816100e+00
1412 8.471225628080e+00
1413 4.283187015696e+00
1414 1.142082720878e+01
1415 1.222181227494e+01
1416 5.491448602296e+00
1417 0.000000000000e+00
1418 0.000000000000e+00
1419 0.000000000000e+00
1420 0.000000000000e+00
1421 0.000000000000e+00
1422 4.435469423545e+00
1423 1.269445345356e+01
1424 4.911522871742e+00
1425 5.830440354566e+00
1426 1.442268961605e+01
1427 0.000000000000e+00
1428 7.903133395931e+00
1429 8.132754272721e+00
1430 7.190554248437e+00
1431 0.000000000000e+00
