130.051 37.978 48.827
131.171 38.835 48.348
131.574 38.383 46.946
131.5 39.151 45.988
132.361 38.717 49.31
133.459 39.736 49.089
132.954 41.147 49.322
134.09 42.158 49.25
134.757 42.128 47.921
130.85 39.777 48.309
132.014 38.821 50.243
132.751 37.8 49.205
134.21 39.552 49.724
133.792 39.662 48.149
132.286 41.372 48.621
132.542 41.2 50.225
133.719 43.074 49.413
134.761 41.943 49.961
135.124 41.21 47.762
134.092 42.35 47.211
135.5 42.793 47.905
129.205 38.292 48.406
130.234 37.034 48.566
129.838 38.151 49.809
131.991 37.125 46.835
132.402 36.547 45.56
131.572 35.298 45.272
131.464 34.424 46.124
133.889 36.189 45.614
134.388 35.327 44.466
134.281 36.037 43.129
134.836 35.172 42.002
136.281 34.831 42.194
132.015 36.574 47.677
132.241 37.215 44.831
134.415 37.043 45.617
134.059 35.699 46.473
135.349 35.089 44.631
133.845 34.484 44.43
133.325 36.227 42.938
134.805 36.88 43.165
134.303 34.32 41.954
134.73 35.665 41.131
136.795 35.691 42.245
136.387 34.322 43.04
136.602 34.293 41.433
130.985 35.224 44.079
130.166 34.076 43.678
130.61 33.517 42.329
130.865 34.265 41.38
128.697 34.466 43.617
131.123 35.995 43.449
130.263 33.353 44.374
128.402 34.784 44.519
128.573 35.2 42.949
128.152 33.673 43.347
130.703 32.194 42.249
131.129 31.533 41.024
130.112 30.515 40.533
129.546 29.75 41.315
132.472 30.79 41.214
132.915 30.171 39.885
133.535 31.746 41.749
130.469 31.664 43.066
131.234 32.24 40.306
132.316 30.041 41.843
132.248 29.508 39.567
133.016 30.899 39.201
133.802 29.715 40.011
133.679 32.49 41.101
133.231 32.12 42.626
134.393 31.249 41.881
129.88 30.516 39.228
128.96 29.568 38.618
129.712 28.865 37.498
130.224 29.512 36.585
127.717 30.264 37.992
126.886 30.959 39.072
126.871 29.232 37.251
125.695 31.727 38.531
130.362 31.196 38.671
128.767 28.88 39.307
128.048 30.955 37.359
126.56 30.268 39.715
127.48 31.596 39.563
126.547 28.543 37.894
126.096 29.696 36.827
127.423 28.795 36.545
125.08 31.086 38.073
125.217 32.173 39.285
126.007 32.412 37.881
129.801 27.547 37.576
130.467 26.784 36.531
129.373 26.23 35.619
128.778 25.179 35.881
131.311 25.672 37.147
132.466 26.223 37.968
129.4 27.096 38.369
131 27.421 35.989
130.732 25.127 37.743
131.683 25.113 36.414
132.49 26.1 39.198
133.42 26.859 37.291
133.346 26.956 36.298
134.208 27.239 37.773
129.109 26.985 34.556
128.078 26.643 33.597
127.977 25.201 33.161
126.883 24.637 33.17
129.663 27.819 34.441
127.159 26.942 33.978
128.198 27.239 32.755
129.107 24.606 32.782
129.112 23.228 32.313
128.547 22.255 33.336
128.17 21.138 32.987
130.529 22.784 31.912
131.405 22.28 33.055
131.977 23.397 33.905
131.639 24.575 33.651
132.768 23.094 34.827
129.95 25.139 32.831
128.575 23.161 31.454
130.436 22.046 31.26
130.983 23.564 31.51
130.85 21.714 33.638
132.161 21.783 32.667
128.472 22.672 34.595
127.947 21.79 35.628
126.463 21.994 35.929
125.88 21.244 36.713
128.778 21.939 36.902
130.254 21.639 36.676
131.014 21.39 37.958
128.781 23.59 34.805
128.065 20.83 35.308
128.699 22.875 37.231
128.434 21.303 37.588
130.328 20.825 36.095
130.668 22.419 36.202
130.691 20.47 38.718
132.039 22.2 38.207
132.165 21.673 39.038
132.657 22.969 38.005
125.848 22.992 35.298
124.431 23.264 35.515
123.577 22.388 34.605
123.609 22.529 33.385
124.094 24.749 35.244
124.853 25.645 36.225
122.595 24.979 35.389
124.421 25.469 37.663
126.389 23.549 34.671
124.23 22.981 36.456
124.399 24.967 34.326
125.827 25.441 36.15
124.703 26.596 35.959
122.314 24.765 36.322
122.393 25.934 35.182
122.104 24.389 34.75
124.605 24.528 37.948
124.931 26.101 38.245
123.443 25.657 37.743
122.802 21.49 35.204
121.962 20.585 34.427
120.494 21.011 34.422
119.733 20.587 33.561
122.079 19.155 34.978
123.513 18.684 35.246
124.298 18.31 33.974
123.843 17.052 33.375
124.535 16.341 32.485
125.729 16.752 32.075
124.034 15.211 32.005
122.813 21.455 36.2
122.294 20.573 33.47
121.577 19.111 35.838
121.672 18.531 34.315
124.02 19.413 35.713
123.491 17.874 35.838
124.18 19.052 33.318
125.259 18.229 34.227
122.941 16.699 33.657
126.135 17.586 32.44
126.231 16.215 31.389
123.142 14.886 32.331
124.539 14.684 31.325
120.103 21.856 35.372
118.718 22.312 35.462
118.578 23.695 36.086
119.535 24.241 36.642
117.907 21.33 36.298
118.426 21.268 37.617
120.79 22.17 36.026
118.344 22.358 34.519
116.965 21.638 36.336
117.966 20.429 35.886
117.727 20.884 38.209
117.369 24.248 36.006
117.089 25.561 36.579
117.274 25.449 38.088
117.566 26.433 38.776
115.644 26.018 36.273
115.417 27.421 36.836
114.64 25.047 36.876
116.382 28.444 36.29
116.654 23.729 35.536
117.801 26.169 36.25
115.541 26.058 35.289
114.486 27.701 36.618
115.518 27.379 37.828
114.754 25.027 37.868
113.718 25.349 36.645
114.795 24.133 36.504
116.26 28.522 35.301
116.21 29.331 36.719
117.322 28.155 36.488
117.106 24.226 38.579
117.257 23.911 39.989
118.726 24.004 40.403
119.057 24.662 41.393
116.73 22.501 40.263
116.824 22.177 41.637
116.862 23.5 37.916
116.746 24.592 40.522
115.775 22.456 39.982
117.271 21.85 39.738
117.481 22.79 42.06
119.602 23.34 39.652
121.036 23.365 39.945
121.509 24.81 40.082
122.324 25.141 40.945
121.832 22.698 38.814
121.714 21.182 38.814
122.167 20.557 37.828
121.18 20.612 39.791
119.247 22.819 38.876
121.164 22.928 40.837
121.484 23.045 37.95
122.788 22.944 38.926
120.982 25.665 39.215
121.355 27.066 39.198
120.953 27.811 40.461
121.797 28.449 41.082
120.77 27.742 37.955
121.08 29.224 37.712
122.585 29.511 37.878
120.608 29.599 36.306
120.308 25.303 38.563
122.366 27.131 39.1
121.099 27.236 37.149
119.77 27.653 38.001
120.57 29.778 38.369
122.854 29.26 38.807
123.094 28.967 37.218
122.76 30.47 37.727
121.088 29.03 35.638
119.625 29.443 36.234
120.808 30.56 36.132
119.682 27.731 40.85
119.217 28.433 42.051
119.921 27.909 43.294
120.251 28.673 44.198
117.704 28.286 42.226
116.902 29.193 41.347
116.115 28.726 40.317
116.768 30.541 41.341
115.532 29.746 39.713
115.912 30.859 40.316
119.059 27.183 40.303
119.436 29.41 41.949
117.442 27.335 42.023
117.466 28.483 43.184
117.208 31.183 41.963
114.913 29.688 38.935
115.621 31.784 40.065
120.147 26.601 43.338
120.826 26.001 44.472
122.3 26.376 44.476
122.904 26.526 45.538
120.632 24.489 44.458
119.241 24.104 44.953
118.905 22.642 44.762
119.835 26.049 42.569
120.414 26.368 45.314
120.732 24.157 43.53
121.3 24.07 45.059
119.181 24.322 45.932
118.564 24.658 44.458
117.917 22.153 45.314
119.715 21.934 43.973
119.121 21.167 44.166
120.513 21.812 43.372
122.884 26.539 43.293
124.276 26.949 43.228
124.338 28.387 43.727
125.283 28.776 44.411
124.831 26.893 41.801
124.902 25.528 41.379
126.227 27.497 41.749
122.349 26.375 42.478
124.809 26.381 43.842
124.192 27.386 41.177
126.227 28.46 42.006
126.839 26.994 42.377
126.593 27.408 40.794
123.976 25.201 41.242
123.315 29.172 43.397
123.277 30.563 43.83
123.009 30.659 45.326
123.52 31.555 45.996
122.206 31.348 43.059
122.481 31.65 41.579
121.315 32.427 40.997
123.779 32.443 41.429
122.584 28.78 42.849
124.172 30.984 43.64
121.355 30.823 43.1
122.079 32.225 43.522
122.588 30.79 41.09
120.475 31.89 41.062
121.197 33.286 41.502
121.504 32.635 40.028
123.687 33.295 41.953
124.537 31.909 41.788
123.935 32.653 40.472
122.201 29.737 45.841
121.872 29.725 47.258
123.155 29.591 48.07
123.337 30.259 49.081
120.939 28.556 47.572
120.496 28.488 49.019
119.562 27.318 49.255
118.98 27.352 50.656
118.013 26.234 50.882
121.826 29.05 45.218
121.428 30.589 47.499
120.127 28.643 46.997
121.418 27.708 47.347
121.301 28.383 49.604
120.021 29.336 49.258
118.815 27.363 48.6
120.07 26.47 49.143
119.725 27.278 51.323
118.506 28.225 50.794
117.273 26.315 50.212
118.483 25.365 50.763
117.642 26.293 51.798
124.045 28.725 47.606
125.309 28.503 48.28
126.321 29.615 48.024
126.922 30.143 48.956
125.92 27.167 47.841
127.238 26.871 48.537
127.054 26.959 50.056
128.363 26.81 50.819
129.314 27.92 50.561
123.811 28.226 46.768
125.144 28.445 49.281
125.278 26.445 48.062
126.081 27.207 46.863
127.534 25.953 48.306
127.916 27.54 48.26
126.656 27.848 50.276
126.433 26.232 50.344
128.159 26.771 51.806
128.794 25.937 50.555
129.504 27.946 49.574
128.906 28.782 50.846
130.157 27.762 51.061
126.507 29.963 46.757
127.471 30.987 46.38
127.189 32.379 46.931
128.119 33.158 47.139
127.594 31.051 44.859
128.171 29.798 44.248
129.569 29.501 44.751
130.448 30.382 44.631
129.793 28.385 45.259
125.958 29.494 46.062
128.408 30.694 46.678
126.69 31.178 44.493
128.193 31.799 44.64
127.6 29.037 44.496
128.228 29.92 43.274
125.918 32.69 47.172
125.546 34.004 47.699
125.085 33.971 49.163
124.648 34.988 49.704
124.441 34.619 46.831
124.767 34.87 45.356
123.521 35.377 44.644
125.902 35.877 45.236
125.225 31.999 46.982
126.355 34.615 47.638
123.653 34.003 46.86
124.191 35.499 47.234
125.064 34.017 44.94
122.793 34.697 44.699
123.213 36.228 45.075
123.738 35.555 43.678
125.62 36.732 45.682
126.716 35.519 45.686
126.097 36.049 44.273
125.187 32.806 49.799
124.771 32.651 51.193
123.347 33.153 51.374
123.067 33.986 52.229
125.717 33.41 52.127
125.561 32.031 49.288
124.803 31.676 51.432
126.643 33.05 52.011
125.703 34.38 51.893
125.426 33.288 53.068
122.442 32.641 50.552
121.051 33.045 50.642
120.388 32.373 51.835
120.889 31.375 52.352
120.318 32.668 49.355
120.93 33.297 48.104
120.015 33.06 46.899
121.14 34.797 48.353
122.747 31.976 49.876
121.01 34.039 50.776
120.367 31.69 49.25
119.39 32.987 49.426
121.817 32.88 47.928
119.908 32.079 46.751
119.122 33.472 47.077
120.418 33.477 46.088
120.255 35.216 48.557
121.757 34.918 49.126
121.53 35.218 47.543
119.252 32.919 52.293
118.521 32.356 53.431
118.024 30.937 53.153
117.715 30.595 52.013
117.373 33.343 53.622
117.155 33.871 52.239
118.56 34.106 51.769
119.091 32.375 54.266
116.558 32.879 53.959
117.632 34.074 54.246
116.696 33.196 51.675
116.639 34.718 52.266
118.615 34.135 50.776
118.944 34.938 52.16
117.951 30.115 54.196
117.487 28.747 54.038
116.129 28.687 53.346
115.862 27.761 52.589
117.395 28.047 55.393
118.542 27.089 55.676
118.778 26.092 54.545
119.454 26.452 53.562
118.28 24.948 54.63
118.225 30.47 55.087
118.159 28.219 53.498
117.408 28.741 56.091
116.561 27.525 55.406
119.366 27.614 55.781
118.324 26.571 56.482
115.28 29.68 53.598
113.955 29.713 52.993
113.958 30.158 51.525
112.904 30.175 50.892
113.015 30.633 53.795
113.445 32.092 53.841
113.945 32.652 55.015
113.358 32.908 52.707
114.351 33.993 55.067
113.759 34.246 52.743
114.256 34.783 53.931
114.664 36.095 53.982
115.582 30.403 54.217
113.564 28.775 53.03
112.109 30.589 53.379
112.974 30.293 54.732
114.018 32.092 55.841
113.004 32.527 51.856
114.707 34.372 55.92
113.691 34.813 51.927
115.636 36.134 54.216
115.13 30.51 50.992
115.234 30.971 49.606
114.197 30.294 48.714
114.141 29.067 48.642
116.636 30.71 49.063
116.831 31.164 47.633
116.53 32.476 47.246
117.326 30.285 46.664
116.719 32.902 45.923
117.519 30.693 45.352
117.215 32.003 44.985
117.413 32.402 43.686
115.94 30.449 51.574
115.06 31.964 49.591
117.291 31.197 49.636
116.811 29.729 49.103
116.175 33.121 47.919
117.545 29.346 46.925
116.501 33.837 45.663
117.873 30.055 44.671
116.544 32.704 43.292
113.382 31.109 48.045
112.319 30.604 47.189
112.72 29.955 45.88
111.869 29.409 45.172
113.53 32.096 48.155
111.749 29.93 47.734
111.66 31.38 46.988
114.008 30.017 45.55
114.519 29.423 44.32
113.636 29.775 43.123
113.107 28.897 42.439
114.622 27.902 44.48
115.371 27.489 45.743
115.67 25.999 45.818
114.727 25.186 45.752
116.859 25.643 45.951
114.623 30.493 46.184
115.458 29.75 44.149
113.713 27.546 44.544
115.118 27.553 43.713
116.234 27.966 45.758
114.812 27.718 46.522
113.465 31.074 42.899
112.672 31.584 41.784
113.149 33.01 41.525
113.897 33.566 42.334
111.177 31.541 42.12
110.817 32.41 43.307
113.911 31.712 43.54
112.907 31.049 40.984
110.668 31.86 41.324
110.931 30.598 42.328
110.82 33.639 43.211
110.502 31.777 44.438
110.52 30.776 44.464
110.252 32.297 45.25
112.729 33.599 40.409
113.173 34.945 40.055
112.86 36.03 41.077
113.695 36.89 41.342
112.621 35.349 38.685
113.139 34.523 37.5
112.66 35.156 36.2
114.657 34.456 37.52
112.102 33.093 39.822
114.189 34.919 39.919
111.635 35.244 38.709
112.872 36.293 38.52
112.783 33.599 37.571
111.663 35.167 36.171
113.004 36.096 36.14
113.01 34.624 35.422
115.017 35.394 37.477
114.963 34.021 38.362
114.98 33.936 36.733
111.663 35.994 41.649
111.281 36.981 42.641
112.108 36.843 43.92
112.55 37.843 44.482
109.789 36.862 42.936
108.929 37.276 41.742
109.167 38.387 41.204
108.019 36.504 41.35
111.038 35.267 41.373
111.488 37.892 42.258
109.588 35.917 43.153
109.573 37.455 43.699
112.327 35.607 44.369
113.125 35.356 45.573
114.568 35.831 45.349
115.211 36.358 46.256
113.109 33.862 45.92
111.926 34.849 43.855
112.735 35.875 46.335
112.165 33.577 46.078
113.494 33.345 45.159
113.646 33.704 46.738
115.067 35.636 44.133
116.418 36.058 43.79
116.526 37.577 43.863
117.485 38.108 44.421
116.778 35.596 42.382
118.126 36.113 41.877
119.267 35.606 42.788
118.333 35.646 40.444
114.481 35.187 43.458
117.058 35.663 44.454
116.822 34.608 42.384
116.083 35.925 41.762
118.124 37.108 41.889
119.109 35.938 43.715
119.269 34.61 42.778
120.133 35.944 42.456
118.317 34.644 40.419
117.602 36.005 39.866
119.218 35.975 40.109
115.544 38.274 43.292
115.545 39.731 43.312
115.542 40.26 44.734
116.31 41.162 45.07
114.331 40.283 42.561
114.084 41.752 42.792
113.193 42.304 43.669
114.728 42.852 42.128
113.235 43.672 43.588
114.17 44.038 42.652
115.724 42.948 41.14
114.57 45.314 42.224
116.126 44.22 40.709
115.544 45.385 41.255
114.81 37.764 42.851
116.396 40.043 42.871
114.471 40.161 41.585
113.517 39.799 42.861
112.597 41.786 44.281
112.676 44.306 44.123
116.141 42.136 40.75
114.15 46.133 42.621
116.825 44.295 40.014
115.854 46.274 40.923
114.657 39.699 45.555
114.52 40.091 46.948
115.809 39.807 47.716
116.171 40.545 48.635
113.359 39.336 47.597
113.18 39.69 49.057
112.922 40.875 49.351
113.3 38.787 49.91
114.071 38.975 45.166
114.381 41.087 46.969
112.528 39.57 47.105
113.545 38.364 47.522
116.497 38.735 47.344
117.743 38.4 48.01
118.842 39.361 47.558
119.654 39.816 48.365
118.137 36.959 47.71
116.135 38.178 46.606
117.623 38.498 49.001
117.415 36.345 48.032
118.256 36.845 46.724
118.992 36.743 48.177
118.859 39.687 46.27
119.882 40.596 45.753
119.724 42.039 46.233
120.673 42.813 46.174
119.902 40.571 44.218
120.42 39.268 43.591
120.364 39.344 42.069
121.851 39.021 44.053
118.166 39.3 45.677
120.792 40.259 46.057
118.973 40.704 43.899
120.492 41.304 43.909
119.852 38.51 43.907
119.418 39.492 41.78
120.932 40.103 41.753
120.702 38.489 41.679
122.422 39.794 43.769
121.871 38.939 45.047
122.196 38.18 43.639
118.541 42.384 46.732
118.259 43.748 47.172
117.77 43.89 48.613
117.294 44.96 49.005
117.186 44.386 46.283
115.943 43.702 46.485
117.579 44.292 44.818
117.84 41.67 46.797
119.12 44.298 47.076
117.061 45.359 46.56
118.423 44.786 44.626
117.705 43.323 44.56
116.824 44.689 44.245
116.013 42.81 46.059
117.867 42.822 49.396
117.408 42.895 50.766
117.993 41.808 51.633
117.424 41.463 52.665
118.255 41.995 49.016
117.651 43.803 51.155
116.393 42.831 50.785
119.13 41.261 51.217
119.779 40.208 51.986
121.264 40.082 51.667
122.11 40.221 52.551
119.073 38.868 51.736
119.732 37.708 52.412
120.897 37.092 52.04
119.292 37.048 53.603
121.208 36.092 52.931
120.241 36.045 53.9
118.188 37.208 54.449
120.119 35.203 55.012
118.064 36.37 55.557
119.027 35.379 55.826
119.523 41.594 50.363
119.699 40.449 52.966
118.145 38.927 52.082
119.073 38.684 50.76
121.441 37.332 51.24
122.008 35.497 52.881
117.5 37.905 54.272
120.813 34.501 55.192
117.284 36.478 56.16
118.904 34.797 56.629
121.574 39.824 50.403
122.952 39.661 49.968
123.868 40.79 50.437
123.432 41.918 50.674
123.039 39.548 48.426
122.661 40.868 47.785
124.438 39.136 48.011
120.816 39.744 49.749
123.307 38.794 50.36
122.366 38.876 48.139
121.724 41.121 48.009
123.283 41.59 48.11
122.751 40.786 46.776
125.103 39.818 48.307
124.664 38.252 48.428
124.475 39.048 47.007
125.146 40.457 50.571
126.174 41.39 51.004
126.907 41.962 49.791
127.113 41.259 48.809
127.162 40.653 51.914
128.521 41.312 52.059
129.548 40.402 52.729
130.724 40.812 52.823
129.187 39.281 53.16
125.389 39.496 50.354
125.758 42.14 51.525
126.756 40.602 52.814
127.304 39.752 51.532
128.861 41.526 51.163
128.425 42.109 52.625
127.29 43.236 49.864
128.022 43.898 48.782
129.376 44.356 49.318
129.562 44.462 50.528
127.272 45.133 48.282
125.8 44.934 48.028
125.344 44.032 47.067
124.858 45.677 48.737
123.983 43.88 46.819
123.503 45.537 48.498
123.069 44.642 47.54
121.719 44.541 47.299
127.056 43.739 50.702
128.182 43.232 48.057
127.377 45.859 48.966
127.7 45.431 47.424
126.001 43.487 46.548
125.172 46.324 49.434
123.665 43.23 46.132
122.841 46.081 49.015
121.528 43.68 46.828
130.34 44.642 48.427
130.217 44.552 46.969
130.136 43.094 46.564
130.636 42.227 47.274
131.504 45.206 46.469
131.861 46.153 47.57
131.594 45.32 48.795
129.419 45.062 46.648
132.221 44.524 46.338
131.345 45.695 45.614
132.816 46.411 47.515
131.276 46.953 47.548
132.318 44.658 48.951
131.463 45.888 49.601
129.503 42.82 45.43
129.387 41.448 44.958
129.995 41.276 43.575
129.849 42.133 42.7
127.918 41.003 44.927
127.64 39.637 44.273
128.423 38.537 44.986
126.147 39.336 44.319
129.113 43.578 44.917
129.88 40.844 45.6
127.595 40.95 45.866
127.403 41.683 44.419
127.918 39.676 43.316
129.401 38.735 44.926
128.147 38.502 45.946
128.234 37.658 44.552
125.851 39.332 45.278
125.649 40.04 43.819
125.972 38.444 43.91
130.685 40.157 43.396
131.3 39.821 42.125
130.782 38.453 41.722
131.048 37.456 42.402
132.827 39.745 42.235
133.417 39.17 40.952
133.384 41.121 42.513
130.769 39.539 44.187
130.998 40.48 41.444
133.05 39.109 42.965
133.085 38.246 40.792
133.158 39.755 40.176
134.424 39.152 41.029
133.168 41.75 41.77
132.993 41.477 43.369
134.393 41.058 42.612
130.035 38.405 40.623
129.488 37.145 40.14
130.258 36.745 38.891
130.257 37.474 37.902
128.006 37.308 39.792
127.111 36.069 39.621
126.018 36.396 38.616
127.905 34.877 39.141
129.862 39.262 40.141
129.627 36.446 40.836
127.583 37.876 40.517
127.951 37.83 38.926
126.704 35.844 40.496
125.455 37.15 38.944
126.435 36.652 37.739
125.437 35.582 38.48
128.34 35.12 38.264
128.611 34.648 39.806
127.294 34.096 39.01
130.92 35.593 38.946
131.681 35.082 37.813
130.929 33.885 37.214
130.971 32.781 37.748
133.084 34.651 38.254
133.933 34.103 37.105
135.306 33.616 37.542
136.082 33.175 36.666
135.611 33.671 38.754
130.877 35.079 39.808
131.779 35.79 37.119
133.543 35.44 38.609
132.986 33.936 38.915
133.456 33.336 36.712
134.068 34.827 36.452
130.239 34.115 36.102
129.463 33.065 35.458
130.273 32.448 34.31
130.394 33.046 33.24
128.163 33.668 34.915
127.061 32.688 34.662
127.181 31.427 34.156
125.657 32.903 34.873
125.943 30.842 34.04
124.989 31.726 34.473
124.9 33.978 35.359
123.596 31.591 34.545
123.513 33.843 35.43
122.878 32.655 35.024
130.271 35.04 35.72
129.301 32.341 36.131
127.82 34.336 35.575
128.359 34.125 34.047
128.043 30.989 33.905
125.765 29.921 33.696
125.335 34.824 35.651
123.158 30.737 34.25
122.971 34.601 35.773
121.883 32.598 35.092
130.832 31.261 34.529
131.615 30.608 33.485
130.742 29.691 32.634
129.748 29.141 33.114
132.752 29.789 34.096
133.714 30.595 34.949
134.745 29.681 35.575
135.536 30.343 36.605
136.236 29.694 37.531
136.241 28.366 37.55
136.924 30.369 38.444
130.701 30.838 35.418
132.015 31.315 32.888
132.351 29.078 34.669
133.271 29.373 33.353
134.186 31.258 34.382
133.214 31.047 35.677
134.266 28.901 35.979
135.354 29.357 34.85
135.554 31.347 36.617
135.744 27.837 36.869
136.759 27.883 38.268
136.926 31.373 38.416
137.434 29.886 39.15
131.121 29.531 31.37
130.382 28.669 30.456
128.9 28.994 30.482
128.062 28.098 30.6
130.591 27.198 30.835
132.043 26.77 30.822
132.685 26.955 29.465
131.936 30.026 31.065
130.721 28.843 29.523
130.227 27.052 31.755
130.088 26.627 30.184
132.547 27.317 31.49
132.097 25.804 31.072
133.91 26.972 29.346
131.861 27.089 28.43
132.679 27.163 27.875
130.955 27.148 27.994
128.586 30.28 30.376
127.201 30.731 30.393
126.375 29.999 29.337
125.325 29.425 29.633
127.131 32.237 30.135
125.744 32.799 30.241
125.202 33.118 31.485
124.953 32.956 29.102
123.898 33.58 31.596
123.642 33.418 29.203
123.112 33.73 30.451
129.339 30.934 30.284
126.818 30.475 31.287
127.697 32.686 30.809
127.46 32.402 29.218
125.756 33.015 32.306
125.331 32.735 28.205
123.522 33.804 32.501
123.083 33.522 28.368
122.175 34.06 30.534
126.862 30.027 28.103
126.182 29.381 26.989
125.807 27.941 27.313
124.663 27.541 27.126
127.074 29.436 25.748
127.648 30.828 25.495
126.567 31.899 25.342
126.909 33.11 25.393
125.382 31.528 25.163
127.728 30.516 27.96
125.346 29.9 26.755
127.827 28.828 25.891
126.528 29.196 24.973
128.202 31.078 26.266
128.158 30.805 24.657
126.765 27.164 27.806
126.495 25.775 28.151
125.364 25.667 29.164
124.479 24.821 29.024
127.743 25.099 28.719
128.81 24.769 27.686
129.78 23.71 28.183
127.67 27.561 27.931
126.204 25.297 27.312
128.153 25.706 29.406
127.469 24.242 29.167
128.364 24.429 26.861
129.323 25.598 27.478
130.473 23.903 29.183
129.828 22.58 27.488
130.51 22.286 28.146
129.561 21.964 26.737
125.397 26.526 30.181
124.37 26.52 31.217
123.044 27.042 30.67
121.977 26.739 31.202
124.805 27.379 32.411
124.799 28.759 32.088
126.154 27.179 30.211
124.228 25.569 31.512
124.174 27.219 33.166
125.728 27.112 32.676
124.968 28.853 31.114
123.117 27.834 29.607
121.917 28.384 28.993
121.143 27.248 28.33
119.912 27.24 28.303
122.295 29.432 27.945
121.104 30.051 27.242
121.542 30.967 26.115
120.342 31.557 25.393
119.472 32.322 26.327
124.024 28.041 29.242
121.343 28.792 29.701
122.805 30.158 28.401
122.873 28.992 27.261
120.532 29.322 26.863
120.572 30.581 27.902
122.081 31.711 26.494
122.079 30.445 25.462
120.666 32.168 24.669
119.811 30.814 24.983
119.151 31.707 27.049
119.996 33.069 26.731
118.691 32.691 25.83
121.887 26.285 27.804
121.303 25.142 27.13
120.426 24.304 28.051
119.23 24.146 27.808
122.416 24.266 26.543
123.314 24.995 25.55
124.44 24.127 25.011
122.886 26.377 27.89
120.716 25.486 26.378
122.988 23.931 27.291
121.997 23.489 26.071
122.754 25.304 24.779
123.716 25.791 26.006
125.217 24.56 24.157
124.537 22.897 25.508
125.317 22.792 24.908
124.252 22.134 26.099
121.023 23.779 29.114
120.309 22.922 30.056
119.35 23.628 31.015
118.964 23.054 32.039
121.319 22.104 30.863
122.274 21.235 30.043
123.239 20.509 30.972
121.473 20.24 29.212
121.994 23.992 29.252
119.767 22.236 29.516
121.874 22.738 31.391
120.811 21.5 31.467
122.789 21.817 29.42
123.774 21.174 31.491
122.721 19.932 31.605
123.857 19.935 30.429
120.927 19.669 29.829
120.868 20.734 28.592
122.096 19.664 28.687
118.958 24.858 30.693
118.045 25.594 31.559
117.022 26.412 30.786
116.203 27.104 31.392
118.795 26.57 32.474
119.301 27.657 31.69
119.95 25.87 33.174
119.305 25.254 29.851
117.545 24.925 32.138
118.142 26.95 33.159
119.635 25.129 33.762
120.585 25.49 32.486
120.457 26.555 33.746
120.234 27.441 31.436
117.071 26.336 29.457
116.156 27.094 28.603
116.498 28.578 28.721
117.672 28.957 28.687
114.7 26.861 29.027
114.128 25.485 28.687
114.865 24.333 29.355
116 24.022 28.935
114.307 23.736 30.303
117.765 25.734 29.055
116.257 26.802 27.656
114.654 26.966 30.009
114.142 27.535 28.567
113.193 25.458 28.995
114.197 25.356 27.712
115.479 29.42 28.861
115.704 30.855 29.003
115.989 31.175 30.467
116.162 32.335 30.84
114.471 31.641 28.538
114.211 31.497 27.046
114.557 29.04 28.865
116.531 31.079 28.488
113.677 31.301 29.032
114.618 32.604 28.743
114.07 30.385 26.527
114.141 32.626 26.349
114.263 33.506 26.81
113.967 32.598 25.365
116.042 30.13 31.289
116.284 30.303 32.709
117.538 31.072 33.067
117.487 32.018 33.846
115.909 29.223 30.892
115.473 30.772 33.131
116.32 29.378 33.157
118.669 30.661 32.509
119.934 31.324 32.789
119.86 32.798 32.415
120.302 33.661 33.172
121.072 30.638 32.026
118.624 29.878 31.888
120.128 31.252 33.774
121.127 29.682 32.311
120.887 30.686 31.046
121.931 31.095 32.226
119.288 33.08 31.252
119.166 34.451 30.776
118.246 35.258 31.687
118.508 36.432 31.958
118.638 34.462 29.336
118.682 35.827 28.66
120.076 36.437 28.667
121.028 35.783 28.192
120.214 37.577 29.152
118.941 32.314 30.708
120.074 34.884 30.75
119.2 33.85 28.807
117.698 34.172 29.36
118.412 35.715 27.723
118.091 36.435 29.153
117.177 34.629 32.169
116.249 35.319 33.058
116.912 35.564 34.423
116.66 36.583 35.067
114.946 34.518 33.212
115.18 33.232 33.759
117.033 33.682 31.905
116.036 36.213 32.66
114.332 35.022 33.816
114.527 34.418 32.312
116.152 33.038 33.698
117.765 34.637 34.855
118.472 34.813 36.125
119.458 35.963 35.958
119.547 36.846 36.809
119.235 33.528 36.54
120.201 33.831 37.683
118.231 32.451 36.976
117.905 33.831 34.295
117.807 35.073 36.818
119.783 33.242 35.763
120.877 34.504 37.4
119.685 34.187 38.467
120.67 32.983 37.955
117.709 32.772 37.759
117.613 32.256 36.214
118.723 31.62 37.223
120.191 35.947 34.848
121.154 36.997 34.545
120.487 38.373 34.533
121.058 39.355 35.016
121.808 36.739 33.186
122.638 37.889 32.604
123.714 38.333 33.604
123.265 37.433 31.294
120.056 35.177 34.219
121.866 36.998 35.258
122.416 35.955 33.283
121.086 36.535 32.532
122.036 38.659 32.408
123.271 38.639 34.445
124.316 37.562 33.802
124.243 39.078 33.216
123.851 36.639 31.468
122.546 37.181 30.649
123.815 38.176 30.91
119.28 38.434 33.977
118.518 39.675 33.891
118.279 40.298 35.263
118.43 41.506 35.431
117.173 39.415 33.202
116.215 40.594 33.217
116.702 41.762 32.375
117.518 41.588 31.46
116.217 42.965 32.687
118.902 37.576 33.609
119.056 40.333 33.344
117.348 39.166 32.245
116.724 38.641 33.66
115.33 40.294 32.86
116.104 40.907 34.161
116.773 43.303 31.94
115.656 43.602 33.225
117.904 39.471 36.236
117.647 39.936 37.6
118.912 40.564 38.206
118.859 41.599 38.874
117.161 38.768 38.489
116.958 39.24 39.916
115.861 38.203 37.933
117.801 38.5 36.001
116.941 40.648 37.562
117.883 38.084 38.504
117.812 39.573 40.306
116.278 39.982 39.931
116.616 38.467 40.476
115.153 38.903 37.93
116.014 37.88 36.996
115.563 37.431 38.504
120.05 39.933 37.966
121.31 40.458 38.457
121.564 41.808 37.81
121.998 42.752 38.47
122.449 39.512 38.099
122.649 38.404 39.085
123.477 38.586 40.19
122.024 37.171 38.905
123.683 37.554 41.099
122.225 36.135 39.81
123.055 36.325 40.906
120.012 39.087 37.438
121.2 40.623 39.437
122.243 39.107 37.219
123.284 40.043 38.06
123.926 39.461 40.334
121.425 37.032 38.118
124.285 37.699 41.89
121.765 35.246 39.663
123.206 35.585 41.56
121.291 41.895 36.511
121.509 43.135 35.778
120.611 44.272 36.235
121.047 45.427 36.269
121.338 42.909 34.272
122.504 42.184 33.632
123.08 43.025 32.516
122.548 42.623 31.228
122.386 43.434 30.194
122.716 44.715 30.282
121.885 42.954 29.071
120.933 41.083 36.056
122.479 43.419 35.903
120.518 42.366 34.132
121.245 43.797 33.835
123.213 42.032 34.308
122.191 41.326 33.247
122.845 43.976 32.69
124.069 42.908 32.518
122.281 41.654 31.109
123.11 45.086 31.12
122.569 45.323 29.494
121.648 41.984 28.992
121.739 43.561 28.284
119.366 43.956 36.588
118.437 44.987 37.042
118.779 45.396 38.463
118.658 46.562 38.828
116.988 44.492 36.971
116.525 44.147 35.559
115.062 43.717 35.502
114.677 43.073 34.503
114.299 44.029 36.446
119.093 43.002 36.532
118.496 45.784 36.437
116.924 43.675 37.512
116.409 45.21 37.306
116.618 44.948 35
117.065 43.396 35.231
119.206 44.43 39.265
119.588 44.724 40.638
120.731 45.732 40.563
120.754 46.727 41.285
120.038 43.458 41.336
119.256 43.506 38.901
118.824 45.144 41.107
119.292 42.79 41.342
120.825 43.068 40.853
120.301 43.674 42.283
121.672 45.481 39.662
122.795 46.388 39.494
122.292 47.758 39.044
122.737 48.788 39.55
123.779 45.84 38.464
124.956 46.76 38.236
126.014 46.112 37.372
127.242 47.002 37.282
128.305 46.325 36.505
121.584 44.657 39.11
123.268 46.494 40.373
124.118 44.966 38.792
123.295 45.723 37.603
124.636 47.597 37.785
125.362 47.001 39.121
126.28 45.247 37.777
125.653 45.979 36.458
126.991 47.855 36.83
127.573 47.192 38.204
128.562 45.47 36.954
127.971 46.127 35.582
129.11 46.926 36.446
121.369 47.771 38.087
120.825 49.035 37.615
120.057 49.704 38.757
119.939 50.923 38.808
119.909 48.808 36.415
121.07 46.904 37.712
121.577 49.635 37.345
120.432 48.377 35.68
119.154 48.21 36.682
119.548 49.681 36.1
119.558 48.891 39.683
118.807 49.386 40.832
119.714 50.104 41.841
119.24 50.878 42.675
118.103 48.22 41.526
116.967 48.619 42.451
115.855 49.339 41.713
115.574 48.967 40.548
115.258 50.268 42.3
119.718 47.905 39.563
118.089 50.024 40.521
117.725 47.637 40.823
118.776 47.743 42.068
116.586 47.804 42.841
117.32 49.234 43.129
121.016 49.843 41.767
121.94 50.479 42.685
122.827 49.492 43.413
123.822 49.875 44.027
121.326 49.206 41.071
122.523 51.138 42.173
121.416 51.024 43.367
122.468 48.215 43.354
123.261 47.183 44.009
124.661 47.162 43.395
124.811 47.248 42.172
122.586 45.827 43.84
121.64 47.986 42.848
123.343 47.402 44.981
121.676 45.852 44.251
122.505 45.615 42.865
123.135 45.123 44.289
125.687 47.066 44.238
127.057 47.036 43.737
127.414 45.614 43.342
127.986 44.86 44.129
128.034 47.547 44.795
129.467 47.582 44.294
130.327 48.172 44.981
129.741 47.015 43.214
125.49 47.016 45.21
127.08 47.59 42.904
127.762 48.468 45.047
127.985 46.941 45.579
127.067 45.263 42.109
127.311 43.931 41.575
128.174 43.997 40.323
127.946 44.82 39.444
125.975 43.238 41.194
125.051 43.18 42.409
126.235 41.839 40.648
123.69 42.585 42.111
126.618 45.967 41.542
127.849 43.442 42.269
125.539 43.79 40.496
125.494 42.635 43.119
124.925 44.11 42.752
126.68 41.289 41.353
125.365 41.426 40.391
126.826 41.898 39.849
123.808 41.641 41.806
123.13 42.604 42.937
123.244 43.115 41.393
129.178 43.135 40.255
130.038 43.066 39.084
129.766 41.701 38.488
129.822 40.693 39.193
131.532 43.148 39.436
131.815 44.409 40.06
132.371 43.01 38.171
129.326 42.531 41.039
129.756 43.755 38.44
131.756 42.408 40.102
132.242 42.128 37.729
132.122 43.74 37.517
133.363 43.116 38.417
131.089 44.597 40.707
129.466 41.666 37.195
129.171 40.41 36.527
130.222 40.065 35.49
130.457 40.831 34.557
127.784 40.47 35.85
126.726 40.814 36.892
127.451 39.136 35.195
125.352 40.973 36.33
129.45 42.532 36.698
129.218 39.694 37.236
127.807 41.196 35.177
126.721 40.089 37.584
126.999 41.669 37.339
127.423 38.423 35.894
126.563 39.209 34.746
128.149 38.913 34.519
125.053 40.109 35.918
124.711 41.229 37.057
125.361 41.696 35.622
130.861 38.911 35.66
131.872 38.454 34.716
131.35 37.254 33.931
131.283 36.133 34.444
133.19 38.045 35.422
133.883 39.279 36.003
134.13 37.36 34.427
133.109 39.954 37.102
130.622 38.364 36.464
131.998 39.195 34.054
132.956 37.439 36.171
134.777 39 36.354
134.027 39.933 35.258
134.354 37.999 33.695
134.958 37.084 34.908
133.684 36.56 34.044
132.997 39.316 37.866
133.604 40.764 37.416
132.207 40.225 36.758
130.971 37.504 32.685
130.467 36.457 31.81
131.638 35.902 31.015
132.15 36.558 30.11
129.415 37.026 30.86
128.146 37.581 31.511
127.316 38.295 30.459
127.346 36.451 32.153
131.044 38.452 32.362
130.087 35.725 32.369
129.835 37.771 30.348
129.136 36.299 30.239
128.403 38.223 32.225
127.831 39.056 30.068
127.073 37.651 29.728
126.471 38.648 30.884
127.112 35.784 31.44
127.897 36.01 32.855
126.514 36.816 32.556
132.068 34.696 31.367
133.189 34.06 30.687
132.816 32.665 30.205
133.566 31.717 30.527
134.389 33.978 31.633
134.052 33.302 32.835
131.781 32.538 29.511
131.595 34.236 32.119
133.421 34.615 29.879
135.123 33.482 31.178
134.686 34.903 31.855
133.062 33.255 32.899
