130.051000 37.978000 48.827000 1.824000
131.171000 38.835000 48.348000 1.908000
131.574000 38.383000 46.946000 1.908000
131.500000 39.151000 45.988000 1.661200
132.361000 38.717000 49.310000 1.908000
133.459000 39.736000 49.089000 1.908000
132.954000 41.147000 49.322000 1.908000
134.090000 42.158000 49.250000 1.908000
134.757000 42.128000 47.921000 1.824000
130.850000 39.777000 48.309000 1.100000
132.014000 38.821000 50.243000 1.487000
132.751000 37.800000 49.205000 1.487000
134.210000 39.552000 49.724000 1.487000
133.792000 39.662000 48.149000 1.487000
132.286000 41.372000 48.621000 1.487000
132.542000 41.200000 50.225000 1.487000
133.719000 43.074000 49.413000 1.100000
134.761000 41.943000 49.961000 1.100000
135.124000 41.210000 47.762000 0.600000
134.092000 42.350000 47.211000 0.600000
135.500000 42.793000 47.905000 0.600000
129.205000 38.292000 48.406000 0.600000
130.234000 37.034000 48.566000 0.600000
129.838000 38.151000 49.809000 0.600000
131.991000 37.125000 46.835000 1.824000
132.402000 36.547000 45.560000 1.908000
131.572000 35.298000 45.272000 1.908000
131.464000 34.424000 46.124000 1.661200
133.889000 36.189000 45.614000 1.908000
134.388000 35.327000 44.466000 1.908000
134.281000 36.037000 43.129000 1.908000
134.836000 35.172000 42.002000 1.908000
136.281000 34.831000 42.194000 1.824000
132.015000 36.574000 47.677000 0.600000
132.241000 37.215000 44.831000 1.387000
134.415000 37.043000 45.617000 1.487000
134.059000 35.699000 46.473000 1.487000
135.349000 35.089000 44.631000 1.487000
133.845000 34.484000 44.430000 1.487000
133.325000 36.227000 42.938000 1.487000
134.805000 36.880000 43.165000 1.487000
134.303000 34.320000 41.954000 1.100000
134.730000 35.665000 41.131000 1.100000
136.795000 35.691000 42.245000 0.600000
136.387000 34.322000 43.040000 0.600000
136.602000 34.293000 41.433000 0.600000
130.985000 35.224000 44.079000 1.824000
130.166000 34.076000 43.678000 1.908000
130.610000 33.517000 42.329000 1.908000
130.865000 34.265000 41.380000 1.661200
128.697000 34.466000 43.617000 1.908000
131.123000 35.995000 43.449000 0.600000
130.263000 33.353000 44.374000 1.387000
128.402000 34.784000 44.519000 1.487000
128.573000 35.200000 42.949000 1.487000
128.152000 33.673000 43.347000 1.487000
130.703000 32.194000 42.249000 1.824000
131.129000 31.533000 41.024000 1.908000
130.112000 30.515000 40.533000 1.908000
129.546000 29.750000 41.315000 1.661200
132.472000 30.790000 41.214000 1.908000
132.915000 30.171000 39.885000 1.908000
133.535000 31.746000 41.749000 1.908000
130.469000 31.664000 43.066000 0.600000
131.234000 32.240000 40.306000 1.387000
132.316000 30.041000 41.843000 1.487000
132.248000 29.508000 39.567000 1.487000
133.016000 30.899000 39.201000 1.487000
133.802000 29.715000 40.011000 1.487000
133.679000 32.490000 41.101000 1.487000
133.231000 32.120000 42.626000 1.487000
134.393000 31.249000 41.881000 1.487000
129.880000 30.516000 39.228000 1.824000
128.960000 29.568000 38.618000 1.908000
129.712000 28.865000 37.498000 1.908000
130.224000 29.512000 36.585000 1.661200
127.717000 30.264000 37.992000 1.908000
126.886000 30.959000 39.072000 1.908000
126.871000 29.232000 37.251000 1.908000
125.695000 31.727000 38.531000 1.908000
130.362000 31.196000 38.671000 0.600000
128.767000 28.880000 39.307000 1.387000
128.048000 30.955000 37.359000 1.487000
126.560000 30.268000 39.715000 1.487000
127.480000 31.596000 39.563000 1.487000
126.547000 28.543000 37.894000 1.487000
126.096000 29.696000 36.827000 1.487000
127.423000 28.795000 36.545000 1.487000
125.080000 31.086000 38.073000 1.487000
125.217000 32.173000 39.285000 1.487000
126.007000 32.412000 37.881000 1.487000
129.801000 27.547000 37.576000 1.824000
130.467000 26.784000 36.531000 1.908000
129.373000 26.230000 35.619000 1.908000
128.778000 25.179000 35.881000 1.661200
131.311000 25.672000 37.147000 1.908000
132.466000 26.223000 37.968000 1.908000
129.400000 27.096000 38.369000 0.600000
131.000000 27.421000 35.989000 1.387000
130.732000 25.127000 37.743000 1.487000
131.683000 25.113000 36.414000 1.487000
132.490000 26.100000 39.198000 1.661200
133.420000 26.859000 37.291000 1.824000
133.346000 26.956000 36.298000 0.600000
134.208000 27.239000 37.773000 0.600000
129.109000 26.985000 34.556000 1.824000
128.078000 26.643000 33.597000 1.908000
127.977000 25.201000 33.161000 1.908000
126.883000 24.637000 33.170000 1.661200
129.663000 27.819000 34.441000 0.600000
127.159000 26.942000 33.978000 1.387000
128.198000 27.239000 32.755000 1.387000
129.107000 24.606000 32.782000 1.824000
129.112000 23.228000 32.313000 1.908000
128.547000 22.255000 33.336000 1.908000
128.170000 21.138000 32.987000 1.661200
130.529000 22.784000 31.912000 1.908000
131.405000 22.280000 33.055000 1.908000
131.977000 23.397000 33.905000 1.908000
131.639000 24.575000 33.651000 1.661200
132.768000 23.094000 34.827000 1.661200
129.950000 25.139000 32.831000 0.600000
128.575000 23.161000 31.454000 1.387000
130.436000 22.046000 31.260000 1.487000
130.983000 23.564000 31.510000 1.487000
130.850000 21.714000 33.638000 1.487000
132.161000 21.783000 32.667000 1.487000
128.472000 22.672000 34.595000 1.824000
127.947000 21.790000 35.628000 1.908000
126.463000 21.994000 35.929000 1.908000
125.880000 21.244000 36.713000 1.661200
128.778000 21.939000 36.902000 1.908000
130.254000 21.639000 36.676000 1.908000
131.014000 21.390000 37.958000 1.908000
128.781000 23.590000 34.805000 0.600000
128.065000 20.830000 35.308000 1.387000
128.699000 22.875000 37.231000 1.487000
128.434000 21.303000 37.588000 1.487000
130.328000 20.825000 36.095000 1.487000
130.668000 22.419000 36.202000 1.487000
130.691000 20.470000 38.718000 1.661200
132.039000 22.200000 38.207000 1.824000
132.165000 21.673000 39.038000 0.600000
132.657000 22.969000 38.005000 0.600000
125.848000 22.992000 35.298000 1.824000
124.431000 23.264000 35.515000 1.908000
123.577000 22.388000 34.605000 1.908000
123.609000 22.529000 33.385000 1.661200
124.094000 24.749000 35.244000 1.908000
124.853000 25.645000 36.225000 1.908000
122.595000 24.979000 35.389000 1.908000
124.421000 25.469000 37.663000 1.908000
126.389000 23.549000 34.671000 0.600000
124.230000 22.981000 36.456000 1.387000
124.399000 24.967000 34.326000 1.487000
125.827000 25.441000 36.150000 1.487000
124.703000 26.596000 35.959000 1.487000
122.314000 24.765000 36.322000 1.487000
122.393000 25.934000 35.182000 1.487000
122.104000 24.389000 34.750000 1.487000
124.605000 24.528000 37.948000 1.487000
124.931000 26.101000 38.245000 1.487000
123.443000 25.657000 37.743000 1.487000
122.802000 21.490000 35.204000 1.824000
121.962000 20.585000 34.427000 1.908000
120.494000 21.011000 34.422000 1.908000
119.733000 20.587000 33.561000 1.661200
122.079000 19.155000 34.978000 1.908000
123.513000 18.684000 35.246000 1.908000
124.298000 18.310000 33.974000 1.908000
123.843000 17.052000 33.375000 1.824000
124.535000 16.341000 32.485000 1.908000
125.729000 16.752000 32.075000 1.824000
124.034000 15.211000 32.005000 1.824000
122.813000 21.455000 36.200000 0.600000
122.294000 20.573000 33.470000 1.387000
121.577000 19.111000 35.838000 1.487000
121.672000 18.531000 34.315000 1.487000
124.020000 19.413000 35.713000 1.487000
123.491000 17.874000 35.838000 1.487000
124.180000 19.052000 33.318000 1.387000
125.259000 18.229000 34.227000 1.387000
122.941000 16.699000 33.657000 0.600000
126.135000 17.586000 32.440000 0.600000
126.231000 16.215000 31.389000 0.600000
123.142000 14.886000 32.331000 0.600000
124.539000 14.684000 31.325000 0.600000
120.103000 21.856000 35.372000 1.824000
118.718000 22.312000 35.462000 1.908000
118.578000 23.695000 36.086000 1.908000
119.535000 24.241000 36.642000 1.661200
117.907000 21.330000 36.298000 1.908000
118.426000 21.268000 37.617000 1.721000
120.790000 22.170000 36.026000 0.600000
118.344000 22.358000 34.519000 1.387000
116.965000 21.638000 36.336000 1.387000
117.966000 20.429000 35.886000 1.387000
117.727000 20.884000 38.209000 0.600000
117.369000 24.248000 36.006000 1.824000
117.089000 25.561000 36.579000 1.908000
117.274000 25.449000 38.088000 1.908000
117.566000 26.433000 38.776000 1.661200
115.644000 26.018000 36.273000 1.908000
115.417000 27.421000 36.836000 1.908000
114.640000 25.047000 36.876000 1.908000
116.382000 28.444000 36.290000 1.908000
116.654000 23.729000 35.536000 0.600000
117.801000 26.169000 36.250000 1.387000
115.541000 26.058000 35.289000 1.487000
114.486000 27.701000 36.618000 1.487000
115.518000 27.379000 37.828000 1.487000
114.754000 25.027000 37.868000 1.487000
113.718000 25.349000 36.645000 1.487000
114.795000 24.133000 36.504000 1.487000
116.260000 28.522000 35.301000 1.487000
116.210000 29.331000 36.719000 1.487000
117.322000 28.155000 36.488000 1.487000
117.106000 24.226000 38.579000 1.824000
117.257000 23.911000 39.989000 1.908000
118.726000 24.004000 40.403000 1.908000
119.057000 24.662000 41.393000 1.661200
116.730000 22.501000 40.263000 1.908000
116.824000 22.177000 41.637000 1.721000
116.862000 23.500000 37.916000 0.600000
116.746000 24.592000 40.522000 1.387000
115.775000 22.456000 39.982000 1.387000
117.271000 21.850000 39.738000 1.387000
117.481000 22.790000 42.060000 0.600000
119.602000 23.340000 39.652000 1.824000
121.036000 23.365000 39.945000 1.908000
121.509000 24.810000 40.082000 1.908000
122.324000 25.141000 40.945000 1.661200
121.832000 22.698000 38.814000 1.908000
121.714000 21.182000 38.814000 1.908000
122.167000 20.557000 37.828000 1.661200
121.180000 20.612000 39.791000 1.661200
119.247000 22.819000 38.876000 0.600000
121.164000 22.928000 40.837000 1.387000
121.484000 23.045000 37.950000 1.487000
122.788000 22.944000 38.926000 1.487000
120.982000 25.665000 39.215000 1.824000
121.355000 27.066000 39.198000 1.908000
120.953000 27.811000 40.461000 1.908000
121.797000 28.449000 41.082000 1.661200
120.770000 27.742000 37.955000 1.908000
121.080000 29.224000 37.712000 1.908000
122.585000 29.511000 37.878000 1.908000
120.608000 29.599000 36.306000 1.908000
120.308000 25.303000 38.563000 0.600000
122.366000 27.131000 39.100000 1.387000
121.099000 27.236000 37.149000 1.487000
119.770000 27.653000 38.001000 1.487000
120.570000 29.778000 38.369000 1.487000
122.854000 29.260000 38.807000 1.487000
123.094000 28.967000 37.218000 1.487000
122.760000 30.470000 37.727000 1.487000
121.088000 29.030000 35.638000 1.487000
119.625000 29.443000 36.234000 1.487000
120.808000 30.560000 36.132000 1.487000
119.682000 27.731000 40.850000 1.824000
119.217000 28.433000 42.051000 1.908000
119.921000 27.909000 43.294000 1.908000
120.251000 28.673000 44.198000 1.661200
117.704000 28.286000 42.226000 1.908000
116.902000 29.193000 41.347000 1.908000
116.115000 28.726000 40.317000 1.824000
116.768000 30.541000 41.341000 1.908000
115.532000 29.746000 39.713000 1.908000
115.912000 30.859000 40.316000 1.824000
119.059000 27.183000 40.303000 0.600000
119.436000 29.410000 41.949000 1.387000
117.442000 27.335000 42.023000 1.487000
117.466000 28.483000 43.184000 1.487000
117.208000 31.183000 41.963000 1.409000
114.913000 29.688000 38.935000 1.359000
115.621000 31.784000 40.065000 0.600000
120.147000 26.601000 43.338000 1.824000
120.826000 26.001000 44.472000 1.908000
122.300000 26.376000 44.476000 1.908000
122.904000 26.526000 45.538000 1.661200
120.632000 24.489000 44.458000 1.908000
119.241000 24.104000 44.953000 1.908000
118.905000 22.642000 44.762000 1.908000
119.835000 26.049000 42.569000 0.600000
120.414000 26.368000 45.314000 1.387000
120.732000 24.157000 43.530000 1.487000
121.300000 24.070000 45.059000 1.487000
119.181000 24.322000 45.932000 1.487000
118.564000 24.658000 44.458000 1.487000
117.917000 22.153000 45.314000 1.661200
119.715000 21.934000 43.973000 1.824000
119.121000 21.167000 44.166000 0.600000
120.513000 21.812000 43.372000 0.600000
122.884000 26.539000 43.293000 1.824000
124.276000 26.949000 43.228000 1.908000
124.338000 28.387000 43.727000 1.908000
125.283000 28.776000 44.411000 1.661200
124.831000 26.893000 41.801000 1.908000
124.902000 25.528000 41.379000 1.721000
126.227000 27.497000 41.749000 1.908000
122.349000 26.375000 42.478000 0.600000
124.809000 26.381000 43.842000 1.387000
124.192000 27.386000 41.177000 1.387000
126.227000 28.460000 42.006000 1.487000
126.839000 26.994000 42.377000 1.487000
126.593000 27.408000 40.794000 1.487000
123.976000 25.201000 41.242000 0.600000
123.315000 29.172000 43.397000 1.824000
123.277000 30.563000 43.830000 1.908000
123.009000 30.659000 45.326000 1.908000
123.520000 31.555000 45.996000 1.661200
122.206000 31.348000 43.059000 1.908000
122.481000 31.650000 41.579000 1.908000
121.315000 32.427000 40.997000 1.908000
123.779000 32.443000 41.429000 1.908000
122.584000 28.780000 42.849000 0.600000
124.172000 30.984000 43.640000 1.387000
121.355000 30.823000 43.100000 1.487000
122.079000 32.225000 43.522000 1.487000
122.588000 30.790000 41.090000 1.487000
120.475000 31.890000 41.062000 1.487000
121.197000 33.286000 41.502000 1.487000
121.504000 32.635000 40.028000 1.487000
123.687000 33.295000 41.953000 1.487000
124.537000 31.909000 41.788000 1.487000
123.935000 32.653000 40.472000 1.487000
122.201000 29.737000 45.841000 1.824000
121.872000 29.725000 47.258000 1.908000
123.155000 29.591000 48.070000 1.908000
123.337000 30.259000 49.081000 1.661200
120.939000 28.556000 47.572000 1.908000
120.496000 28.488000 49.019000 1.908000
119.562000 27.318000 49.255000 1.908000
118.980000 27.352000 50.656000 1.908000
118.013000 26.234000 50.882000 1.824000
121.826000 29.050000 45.218000 0.600000
121.428000 30.589000 47.499000 1.387000
120.127000 28.643000 46.997000 1.487000
121.418000 27.708000 47.347000 1.487000
121.301000 28.383000 49.604000 1.487000
120.021000 29.336000 49.258000 1.487000
118.815000 27.363000 48.600000 1.487000
120.070000 26.470000 49.143000 1.487000
119.725000 27.278000 51.323000 1.100000
118.506000 28.225000 50.794000 1.100000
117.273000 26.315000 50.212000 0.600000
118.483000 25.365000 50.763000 0.600000
117.642000 26.293000 51.798000 0.600000
124.045000 28.725000 47.606000 1.824000
125.309000 28.503000 48.280000 1.908000
126.321000 29.615000 48.024000 1.908000
126.922000 30.143000 48.956000 1.661200
125.920000 27.167000 47.841000 1.908000
127.238000 26.871000 48.537000 1.908000
127.054000 26.959000 50.056000 1.908000
128.363000 26.810000 50.819000 1.908000
129.314000 27.920000 50.561000 1.824000
123.811000 28.226000 46.768000 0.600000
125.144000 28.445000 49.281000 1.387000
125.278000 26.445000 48.062000 1.487000
126.081000 27.207000 46.863000 1.487000
127.534000 25.953000 48.306000 1.487000
127.916000 27.540000 48.260000 1.487000
126.656000 27.848000 50.276000 1.487000
126.433000 26.232000 50.344000 1.487000
128.159000 26.771000 51.806000 1.100000
128.794000 25.937000 50.555000 1.100000
129.504000 27.946000 49.574000 0.600000
128.906000 28.782000 50.846000 0.600000
130.157000 27.762000 51.061000 0.600000
126.507000 29.963000 46.757000 1.824000
127.471000 30.987000 46.380000 1.908000
127.189000 32.379000 46.931000 1.908000
128.119000 33.158000 47.139000 1.661200
127.594000 31.051000 44.859000 1.908000
128.171000 29.798000 44.248000 1.908000
129.569000 29.501000 44.751000 1.908000
130.448000 30.382000 44.631000 1.661200
129.793000 28.385000 45.259000 1.661200
125.958000 29.494000 46.062000 0.600000
128.408000 30.694000 46.678000 1.387000
126.690000 31.178000 44.493000 1.487000
128.193000 31.799000 44.640000 1.487000
127.600000 29.037000 44.496000 1.487000
128.228000 29.920000 43.274000 1.487000
125.918000 32.690000 47.172000 1.824000
125.546000 34.004000 47.699000 1.908000
125.085000 33.971000 49.163000 1.908000
124.648000 34.988000 49.704000 1.661200
124.441000 34.619000 46.831000 1.908000
124.767000 34.870000 45.356000 1.908000
123.521000 35.377000 44.644000 1.908000
125.902000 35.877000 45.236000 1.908000
125.225000 31.999000 46.982000 0.600000
126.355000 34.615000 47.638000 1.387000
123.653000 34.003000 46.860000 1.487000
124.191000 35.499000 47.234000 1.487000
125.064000 34.017000 44.940000 1.487000
122.793000 34.697000 44.699000 1.487000
123.213000 36.228000 45.075000 1.487000
123.738000 35.555000 43.678000 1.487000
125.620000 36.732000 45.682000 1.487000
126.716000 35.519000 45.686000 1.487000
126.097000 36.049000 44.273000 1.487000
125.187000 32.806000 49.799000 1.824000
124.771000 32.651000 51.193000 1.908000
123.347000 33.153000 51.374000 1.908000
123.067000 33.986000 52.229000 1.661200
125.717000 33.410000 52.127000 1.908000
125.561000 32.031000 49.288000 0.600000
124.803000 31.676000 51.432000 1.387000
126.643000 33.050000 52.011000 1.487000
125.703000 34.380000 51.893000 1.487000
125.426000 33.288000 53.068000 1.487000
122.442000 32.641000 50.552000 1.824000
121.051000 33.045000 50.642000 1.908000
120.388000 32.373000 51.835000 1.908000
120.889000 31.375000 52.352000 1.661200
120.318000 32.668000 49.355000 1.908000
120.930000 33.297000 48.104000 1.908000
120.015000 33.060000 46.899000 1.908000
121.140000 34.797000 48.353000 1.908000
122.747000 31.976000 49.876000 0.600000
121.010000 34.039000 50.776000 1.387000
120.367000 31.690000 49.250000 1.487000
119.390000 32.987000 49.426000 1.487000
121.817000 32.880000 47.928000 1.487000
119.908000 32.079000 46.751000 1.487000
119.122000 33.472000 47.077000 1.487000
120.418000 33.477000 46.088000 1.487000
120.255000 35.216000 48.557000 1.487000
121.757000 34.918000 49.126000 1.487000
121.530000 35.218000 47.543000 1.487000
119.252000 32.919000 52.293000 1.824000
118.521000 32.356000 53.431000 1.908000
118.024000 30.937000 53.153000 1.908000
117.715000 30.595000 52.013000 1.661200
117.373000 33.343000 53.622000 1.908000
117.155000 33.871000 52.239000 1.908000
118.560000 34.106000 51.769000 1.908000
119.091000 32.375000 54.266000 1.387000
116.558000 32.879000 53.959000 1.487000
117.632000 34.074000 54.246000 1.487000
116.696000 33.196000 51.675000 1.487000
116.639000 34.718000 52.266000 1.487000
118.615000 34.135000 50.776000 1.387000
118.944000 34.938000 52.160000 1.387000
117.951000 30.115000 54.196000 1.824000
117.487000 28.747000 54.038000 1.908000
116.129000 28.687000 53.346000 1.908000
115.862000 27.761000 52.589000 1.661200
117.395000 28.047000 55.393000 1.908000
118.542000 27.089000 55.676000 1.908000
118.778000 26.092000 54.545000 1.908000
119.454000 26.452000 53.562000 1.661200
118.280000 24.948000 54.630000 1.661200
118.225000 30.470000 55.087000 0.600000
118.159000 28.219000 53.498000 1.387000
117.408000 28.741000 56.091000 1.487000
116.561000 27.525000 55.406000 1.487000
119.366000 27.614000 55.781000 1.487000
118.324000 26.571000 56.482000 1.487000
115.280000 29.680000 53.598000 1.824000
113.955000 29.713000 52.993000 1.908000
113.958000 30.158000 51.525000 1.908000
112.904000 30.175000 50.892000 1.661200
113.015000 30.633000 53.795000 1.908000
113.445000 32.092000 53.841000 1.908000
113.945000 32.652000 55.015000 1.908000
113.358000 32.908000 52.707000 1.908000
114.351000 33.993000 55.067000 1.908000
113.759000 34.246000 52.743000 1.908000
114.256000 34.783000 53.931000 1.908000
114.664000 36.095000 53.982000 1.721000
115.582000 30.403000 54.217000 0.600000
113.564000 28.775000 53.030000 1.387000
112.109000 30.589000 53.379000 1.487000
112.974000 30.293000 54.732000 1.487000
114.018000 32.092000 55.841000 1.459000
113.004000 32.527000 51.856000 1.459000
114.707000 34.372000 55.920000 1.459000
113.691000 34.813000 51.927000 1.459000
115.636000 36.134000 54.216000 0.600000
115.130000 30.510000 50.992000 1.824000
115.234000 30.971000 49.606000 1.908000
114.197000 30.294000 48.714000 1.908000
114.141000 29.067000 48.642000 1.661200
116.636000 30.710000 49.063000 1.908000
116.831000 31.164000 47.633000 1.908000
116.530000 32.476000 47.246000 1.908000
117.326000 30.285000 46.664000 1.908000
116.719000 32.902000 45.923000 1.908000
117.519000 30.693000 45.352000 1.908000
117.215000 32.003000 44.985000 1.908000
117.413000 32.402000 43.686000 1.721000
115.940000 30.449000 51.574000 0.600000
115.060000 31.964000 49.591000 1.387000
117.291000 31.197000 49.636000 1.487000
116.811000 29.729000 49.103000 1.487000
116.175000 33.121000 47.919000 1.459000
117.545000 29.346000 46.925000 1.459000
116.501000 33.837000 45.663000 1.459000
117.873000 30.055000 44.671000 1.459000
116.544000 32.704000 43.292000 0.600000
113.382000 31.109000 48.045000 1.824000
112.319000 30.604000 47.189000 1.908000
112.720000 29.955000 45.880000 1.908000
111.869000 29.409000 45.172000 1.661200
113.530000 32.096000 48.155000 0.600000
111.749000 29.930000 47.734000 1.387000
111.660000 31.380000 46.988000 1.387000
114.008000 30.017000 45.550000 1.824000
114.519000 29.423000 44.320000 1.908000
113.636000 29.775000 43.123000 1.908000
113.107000 28.897000 42.439000 1.661200
114.622000 27.902000 44.480000 1.908000
115.371000 27.489000 45.743000 1.908000
115.670000 25.999000 45.818000 1.908000
114.727000 25.186000 45.752000 1.661200
116.859000 25.643000 45.951000 1.661200
114.623000 30.493000 46.184000 0.600000
115.458000 29.750000 44.149000 1.387000
113.713000 27.546000 44.544000 1.487000
115.118000 27.553000 43.713000 1.487000
116.234000 27.966000 45.758000 1.487000
114.812000 27.718000 46.522000 1.487000
113.465000 31.074000 42.899000 1.824000
112.672000 31.584000 41.784000 1.908000
113.149000 33.010000 41.525000 1.908000
113.897000 33.566000 42.334000 1.661200
111.177000 31.541000 42.120000 1.908000
110.817000 32.410000 43.307000 1.908000
113.911000 31.712000 43.540000 0.600000
112.907000 31.049000 40.984000 1.387000
110.668000 31.860000 41.324000 1.487000
110.931000 30.598000 42.328000 1.487000
110.820000 33.639000 43.211000 1.661200
110.502000 31.777000 44.438000 1.824000
110.520000 30.776000 44.464000 0.600000
110.252000 32.297000 45.250000 0.600000
112.729000 33.599000 40.409000 1.824000
113.173000 34.945000 40.055000 1.908000
112.860000 36.030000 41.077000 1.908000
113.695000 36.890000 41.342000 1.661200
112.621000 35.349000 38.685000 1.908000
113.139000 34.523000 37.500000 1.908000
112.660000 35.156000 36.200000 1.908000
114.657000 34.456000 37.520000 1.908000
112.102000 33.093000 39.822000 0.600000
114.189000 34.919000 39.919000 1.387000
111.635000 35.244000 38.709000 1.487000
112.872000 36.293000 38.520000 1.487000
112.783000 33.599000 37.571000 1.487000
111.663000 35.167000 36.171000 1.487000
113.004000 36.096000 36.140000 1.487000
113.010000 34.624000 35.422000 1.487000
115.017000 35.394000 37.477000 1.487000
114.963000 34.021000 38.362000 1.487000
114.980000 33.936000 36.733000 1.487000
111.663000 35.994000 41.649000 1.824000
111.281000 36.981000 42.641000 1.908000
112.108000 36.843000 43.920000 1.908000
112.550000 37.843000 44.482000 1.661200
109.789000 36.862000 42.936000 1.908000
108.929000 37.276000 41.742000 1.908000
109.167000 38.387000 41.204000 1.661200
108.019000 36.504000 41.350000 1.661200
111.038000 35.267000 41.373000 0.600000
111.488000 37.892000 42.258000 1.387000
109.588000 35.917000 43.153000 1.487000
109.573000 37.455000 43.699000 1.487000
112.327000 35.607000 44.369000 1.824000
113.125000 35.356000 45.573000 1.908000
114.568000 35.831000 45.349000 1.908000
115.211000 36.358000 46.256000 1.661200
113.109000 33.862000 45.920000 1.908000
111.926000 34.849000 43.855000 0.600000
112.735000 35.875000 46.335000 1.387000
112.165000 33.577000 46.078000 1.487000
113.494000 33.345000 45.159000 1.487000
113.646000 33.704000 46.738000 1.487000
115.067000 35.636000 44.133000 1.824000
116.418000 36.058000 43.790000 1.908000
116.526000 37.577000 43.863000 1.908000
117.485000 38.108000 44.421000 1.661200
116.778000 35.596000 42.382000 1.908000
118.126000 36.113000 41.877000 1.908000
119.267000 35.606000 42.788000 1.908000
118.333000 35.646000 40.444000 1.908000
114.481000 35.187000 43.458000 0.600000
117.058000 35.663000 44.454000 1.387000
116.822000 34.608000 42.384000 1.487000
116.083000 35.925000 41.762000 1.487000
118.124000 37.108000 41.889000 1.487000
119.109000 35.938000 43.715000 1.487000
119.269000 34.610000 42.778000 1.487000
120.133000 35.944000 42.456000 1.487000
118.317000 34.644000 40.419000 1.487000
117.602000 36.005000 39.866000 1.487000
119.218000 35.975000 40.109000 1.487000
115.544000 38.274000 43.292000 1.824000
115.545000 39.731000 43.312000 1.908000
115.542000 40.260000 44.734000 1.908000
116.310000 41.162000 45.070000 1.661200
114.331000 40.283000 42.561000 1.908000
114.084000 41.752000 42.792000 1.908000
113.193000 42.304000 43.669000 1.908000
114.728000 42.852000 42.128000 1.908000
113.235000 43.672000 43.588000 1.824000
114.170000 44.038000 42.652000 1.908000
115.724000 42.948000 41.140000 1.908000
114.570000 45.314000 42.224000 1.908000
116.126000 44.220000 40.709000 1.908000
115.544000 45.385000 41.255000 1.908000
114.810000 37.764000 42.851000 0.600000
116.396000 40.043000 42.871000 1.387000
114.471000 40.161000 41.585000 1.487000
113.517000 39.799000 42.861000 1.487000
112.597000 41.786000 44.281000 1.409000
112.676000 44.306000 44.123000 0.600000
116.141000 42.136000 40.750000 1.459000
114.150000 46.133000 42.621000 1.459000
116.825000 44.295000 40.014000 1.459000
115.854000 46.274000 40.923000 1.459000
114.657000 39.699000 45.555000 1.824000
114.520000 40.091000 46.948000 1.908000
115.809000 39.807000 47.716000 1.908000
116.171000 40.545000 48.635000 1.661200
113.359000 39.336000 47.597000 1.908000
113.180000 39.690000 49.057000 1.908000
112.922000 40.875000 49.351000 1.661200
113.300000 38.787000 49.910000 1.661200
114.071000 38.975000 45.166000 0.600000
114.381000 41.087000 46.969000 1.387000
112.528000 39.570000 47.105000 1.487000
113.545000 38.364000 47.522000 1.487000
116.497000 38.735000 47.344000 1.824000
117.743000 38.400000 48.010000 1.908000
118.842000 39.361000 47.558000 1.908000
119.654000 39.816000 48.365000 1.661200
118.137000 36.959000 47.710000 1.908000
116.135000 38.178000 46.606000 0.600000
117.623000 38.498000 49.001000 1.387000
117.415000 36.345000 48.032000 1.487000
118.256000 36.845000 46.724000 1.487000
118.992000 36.743000 48.177000 1.487000
118.859000 39.687000 46.270000 1.824000
119.882000 40.596000 45.753000 1.908000
119.724000 42.039000 46.233000 1.908000
120.673000 42.813000 46.174000 1.661200
119.902000 40.571000 44.218000 1.908000
120.420000 39.268000 43.591000 1.908000
120.364000 39.344000 42.069000 1.908000
121.851000 39.021000 44.053000 1.908000
118.166000 39.300000 45.677000 0.600000
120.792000 40.259000 46.057000 1.387000
118.973000 40.704000 43.899000 1.487000
120.492000 41.304000 43.909000 1.487000
119.852000 38.510000 43.907000 1.487000
119.418000 39.492000 41.780000 1.487000
120.932000 40.103000 41.753000 1.487000
120.702000 38.489000 41.679000 1.487000
122.422000 39.794000 43.769000 1.487000
121.871000 38.939000 45.047000 1.487000
122.196000 38.180000 43.639000 1.487000
118.541000 42.384000 46.732000 1.824000
118.259000 43.748000 47.172000 1.908000
117.770000 43.890000 48.613000 1.908000
117.294000 44.960000 49.005000 1.661200
117.186000 44.386000 46.283000 1.908000
115.943000 43.702000 46.485000 1.721000
117.579000 44.292000 44.818000 1.908000
117.840000 41.670000 46.797000 0.600000
119.120000 44.298000 47.076000 1.387000
117.061000 45.359000 46.560000 1.387000
118.423000 44.786000 44.626000 1.487000
117.705000 43.323000 44.560000 1.487000
116.824000 44.689000 44.245000 1.487000
116.013000 42.810000 46.059000 0.600000
117.867000 42.822000 49.396000 1.824000
117.408000 42.895000 50.766000 1.908000
117.993000 41.808000 51.633000 1.908000
117.424000 41.463000 52.665000 1.661200
118.255000 41.995000 49.016000 0.600000
117.651000 43.803000 51.155000 1.387000
116.393000 42.831000 50.785000 1.387000
119.130000 41.261000 51.217000 1.824000
119.779000 40.208000 51.986000 1.908000
121.264000 40.082000 51.667000 1.908000
122.110000 40.221000 52.551000 1.661200
119.073000 38.868000 51.736000 1.908000
119.732000 37.708000 52.412000 1.908000
120.897000 37.092000 52.040000 1.908000
119.292000 37.048000 53.603000 1.908000
121.208000 36.092000 52.931000 1.824000
120.241000 36.045000 53.900000 1.908000
118.188000 37.208000 54.449000 1.908000
120.119000 35.203000 55.012000 1.908000
118.064000 36.370000 55.557000 1.908000
119.027000 35.379000 55.826000 1.908000
119.523000 41.594000 50.363000 0.600000
119.699000 40.449000 52.966000 1.387000
118.145000 38.927000 52.082000 1.487000
119.073000 38.684000 50.760000 1.487000
121.441000 37.332000 51.240000 1.409000
122.008000 35.497000 52.881000 0.600000
117.500000 37.905000 54.272000 1.459000
120.813000 34.501000 55.192000 1.459000
117.284000 36.478000 56.160000 1.459000
118.904000 34.797000 56.629000 1.459000
121.574000 39.824000 50.403000 1.824000
122.952000 39.661000 49.968000 1.908000
123.868000 40.790000 50.437000 1.908000
123.432000 41.918000 50.674000 1.661200
123.039000 39.548000 48.426000 1.908000
122.661000 40.868000 47.785000 1.908000
124.438000 39.136000 48.011000 1.908000
120.816000 39.744000 49.749000 0.600000
123.307000 38.794000 50.360000 1.387000
122.366000 38.876000 48.139000 1.487000
121.724000 41.121000 48.009000 1.487000
123.283000 41.590000 48.110000 1.487000
122.751000 40.786000 46.776000 1.487000
125.103000 39.818000 48.307000 1.487000
124.664000 38.252000 48.428000 1.487000
124.475000 39.048000 47.007000 1.487000
125.146000 40.457000 50.571000 1.824000
126.174000 41.390000 51.004000 1.908000
126.907000 41.962000 49.791000 1.908000
127.113000 41.259000 48.809000 1.661200
127.162000 40.653000 51.914000 1.908000
128.521000 41.312000 52.059000 1.908000
129.548000 40.402000 52.729000 1.908000
130.724000 40.812000 52.823000 1.661200
129.187000 39.281000 53.160000 1.661200
125.389000 39.496000 50.354000 0.600000
125.758000 42.140000 51.525000 1.387000
126.756000 40.602000 52.814000 1.487000
127.304000 39.752000 51.532000 1.487000
128.861000 41.526000 51.163000 1.487000
128.425000 42.109000 52.625000 1.487000
127.290000 43.236000 49.864000 1.824000
128.022000 43.898000 48.782000 1.908000
129.376000 44.356000 49.318000 1.908000
129.562000 44.462000 50.528000 1.661200
127.272000 45.133000 48.282000 1.908000
125.800000 44.934000 48.028000 1.908000
125.344000 44.032000 47.067000 1.908000
124.858000 45.677000 48.737000 1.908000
123.983000 43.880000 46.819000 1.908000
123.503000 45.537000 48.498000 1.908000
123.069000 44.642000 47.540000 1.908000
121.719000 44.541000 47.299000 1.721000
127.056000 43.739000 50.702000 0.600000
128.182000 43.232000 48.057000 1.387000
127.377000 45.859000 48.966000 1.487000
127.700000 45.431000 47.424000 1.487000
126.001000 43.487000 46.548000 1.459000
125.172000 46.324000 49.434000 1.459000
123.665000 43.230000 46.132000 1.459000
122.841000 46.081000 49.015000 1.459000
121.528000 43.680000 46.828000 0.600000
130.340000 44.642000 48.427000 1.824000
130.217000 44.552000 46.969000 1.908000
130.136000 43.094000 46.564000 1.908000
130.636000 42.227000 47.274000 1.661200
131.504000 45.206000 46.469000 1.908000
131.861000 46.153000 47.570000 1.908000
131.594000 45.320000 48.795000 1.908000
129.419000 45.062000 46.648000 1.387000
132.221000 44.524000 46.338000 1.487000
131.345000 45.695000 45.614000 1.487000
132.816000 46.411000 47.515000 1.487000
131.276000 46.953000 47.548000 1.487000
132.318000 44.658000 48.951000 1.387000
131.463000 45.888000 49.601000 1.387000
129.503000 42.820000 45.430000 1.824000
129.387000 41.448000 44.958000 1.908000
129.995000 41.276000 43.575000 1.908000
129.849000 42.133000 42.700000 1.661200
127.918000 41.003000 44.927000 1.908000
127.640000 39.637000 44.273000 1.908000
128.423000 38.537000 44.986000 1.908000
126.147000 39.336000 44.319000 1.908000
129.113000 43.578000 44.917000 0.600000
129.880000 40.844000 45.600000 1.387000
127.595000 40.950000 45.866000 1.487000
127.403000 41.683000 44.419000 1.487000
127.918000 39.676000 43.316000 1.487000
129.401000 38.735000 44.926000 1.487000
128.147000 38.502000 45.946000 1.487000
128.234000 37.658000 44.552000 1.487000
125.851000 39.332000 45.278000 1.487000
125.649000 40.040000 43.819000 1.487000
125.972000 38.444000 43.910000 1.487000
130.685000 40.157000 43.396000 1.824000
131.300000 39.821000 42.125000 1.908000
130.782000 38.453000 41.722000 1.908000
131.048000 37.456000 42.402000 1.661200
132.827000 39.745000 42.235000 1.908000
133.417000 39.170000 40.952000 1.908000
133.384000 41.121000 42.513000 1.908000
130.769000 39.539000 44.187000 0.600000
130.998000 40.480000 41.444000 1.387000
133.050000 39.109000 42.965000 1.487000
133.085000 38.246000 40.792000 1.487000
133.158000 39.755000 40.176000 1.487000
134.424000 39.152000 41.029000 1.487000
133.168000 41.750000 41.770000 1.487000
132.993000 41.477000 43.369000 1.487000
134.393000 41.058000 42.612000 1.487000
130.035000 38.405000 40.623000 1.824000
129.488000 37.145000 40.140000 1.908000
130.258000 36.745000 38.891000 1.908000
130.257000 37.474000 37.902000 1.661200
128.006000 37.308000 39.792000 1.908000
127.111000 36.069000 39.621000 1.908000
126.018000 36.396000 38.616000 1.908000
127.905000 34.877000 39.141000 1.908000
129.862000 39.262000 40.141000 0.600000
129.627000 36.446000 40.836000 1.387000
127.583000 37.876000 40.517000 1.487000
127.951000 37.830000 38.926000 1.487000
126.704000 35.844000 40.496000 1.487000
125.455000 37.150000 38.944000 1.487000
126.435000 36.652000 37.739000 1.487000
125.437000 35.582000 38.480000 1.487000
128.340000 35.120000 38.264000 1.487000
128.611000 34.648000 39.806000 1.487000
127.294000 34.096000 39.010000 1.487000
130.920000 35.593000 38.946000 1.824000
131.681000 35.082000 37.813000 1.908000
130.929000 33.885000 37.214000 1.908000
130.971000 32.781000 37.748000 1.661200
133.084000 34.651000 38.254000 1.908000
133.933000 34.103000 37.105000 1.908000
135.306000 33.616000 37.542000 1.908000
136.082000 33.175000 36.666000 1.661200
135.611000 33.671000 38.754000 1.661200
130.877000 35.079000 39.808000 0.600000
131.779000 35.790000 37.119000 1.387000
133.543000 35.440000 38.609000 1.487000
132.986000 33.936000 38.915000 1.487000
133.456000 33.336000 36.712000 1.487000
134.068000 34.827000 36.452000 1.487000
130.239000 34.115000 36.102000 1.824000
129.463000 33.065000 35.458000 1.908000
130.273000 32.448000 34.310000 1.908000
130.394000 33.046000 33.240000 1.661200
128.163000 33.668000 34.915000 1.908000
127.061000 32.688000 34.662000 1.908000
127.181000 31.427000 34.156000 1.908000
125.657000 32.903000 34.873000 1.908000
125.943000 30.842000 34.040000 1.824000
124.989000 31.726000 34.473000 1.908000
124.900000 33.978000 35.359000 1.908000
123.596000 31.591000 34.545000 1.908000
123.513000 33.843000 35.430000 1.908000
122.878000 32.655000 35.024000 1.908000
130.271000 35.040000 35.720000 0.600000
129.301000 32.341000 36.131000 1.387000
127.820000 34.336000 35.575000 1.487000
128.359000 34.125000 34.047000 1.487000
128.043000 30.989000 33.905000 1.409000
125.765000 29.921000 33.696000 0.600000
125.335000 34.824000 35.651000 1.459000
123.158000 30.737000 34.250000 1.459000
122.971000 34.601000 35.773000 1.459000
121.883000 32.598000 35.092000 1.459000
130.832000 31.261000 34.529000 1.824000
131.615000 30.608000 33.485000 1.908000
130.742000 29.691000 32.634000 1.908000
129.748000 29.141000 33.114000 1.661200
132.752000 29.789000 34.096000 1.908000
133.714000 30.595000 34.949000 1.908000
134.745000 29.681000 35.575000 1.908000
135.536000 30.343000 36.605000 1.824000
136.236000 29.694000 37.531000 1.908000
136.241000 28.366000 37.550000 1.824000
136.924000 30.369000 38.444000 1.824000
130.701000 30.838000 35.418000 0.600000
132.015000 31.315000 32.888000 1.387000
132.351000 29.078000 34.669000 1.487000
133.271000 29.373000 33.353000 1.487000
134.186000 31.258000 34.382000 1.487000
133.214000 31.047000 35.677000 1.487000
134.266000 28.901000 35.979000 1.387000
135.354000 29.357000 34.850000 1.387000
135.554000 31.347000 36.617000 0.600000
135.744000 27.837000 36.869000 0.600000
136.759000 27.883000 38.268000 0.600000
136.926000 31.373000 38.416000 0.600000
137.434000 29.886000 39.150000 0.600000
131.121000 29.531000 31.370000 1.824000
130.382000 28.669000 30.456000 1.908000
128.900000 28.994000 30.482000 1.908000
128.062000 28.098000 30.600000 1.661200
130.591000 27.198000 30.835000 1.908000
132.043000 26.770000 30.822000 1.908000
132.685000 26.955000 29.465000 1.908000
131.936000 30.026000 31.065000 0.600000
130.721000 28.843000 29.523000 1.387000
130.227000 27.052000 31.755000 1.487000
130.088000 26.627000 30.184000 1.487000
132.547000 27.317000 31.490000 1.487000
132.097000 25.804000 31.072000 1.487000
133.910000 26.972000 29.346000 1.661200
131.861000 27.089000 28.430000 1.824000
132.679000 27.163000 27.875000 0.600000
130.955000 27.148000 27.994000 0.600000
128.586000 30.280000 30.376000 1.824000
127.201000 30.731000 30.393000 1.908000
126.375000 29.999000 29.337000 1.908000
125.325000 29.425000 29.633000 1.661200
127.131000 32.237000 30.135000 1.908000
125.744000 32.799000 30.241000 1.908000
125.202000 33.118000 31.485000 1.908000
124.953000 32.956000 29.102000 1.908000
123.898000 33.580000 31.596000 1.908000
123.642000 33.418000 29.203000 1.908000
123.112000 33.730000 30.451000 1.908000
129.339000 30.934000 30.284000 0.600000
126.818000 30.475000 31.287000 1.387000
127.697000 32.686000 30.809000 1.487000
127.460000 32.402000 29.218000 1.487000
125.756000 33.015000 32.306000 1.459000
125.331000 32.735000 28.205000 1.459000
123.522000 33.804000 32.501000 1.459000
123.083000 33.522000 28.368000 1.459000
122.175000 34.060000 30.534000 1.459000
126.862000 30.027000 28.103000 1.824000
126.182000 29.381000 26.989000 1.908000
125.807000 27.941000 27.313000 1.908000
124.663000 27.541000 27.126000 1.661200
127.074000 29.436000 25.748000 1.908000
127.648000 30.828000 25.495000 1.908000
126.567000 31.899000 25.342000 1.908000
126.909000 33.110000 25.393000 1.661200
125.382000 31.528000 25.163000 1.661200
127.728000 30.516000 27.960000 0.600000
125.346000 29.900000 26.755000 1.387000
127.827000 28.828000 25.891000 1.487000
126.528000 29.196000 24.973000 1.487000
128.202000 31.078000 26.266000 1.487000
128.158000 30.805000 24.657000 1.487000
126.765000 27.164000 27.806000 1.824000
126.495000 25.775000 28.151000 1.908000
125.364000 25.667000 29.164000 1.908000
124.479000 24.821000 29.024000 1.661200
127.743000 25.099000 28.719000 1.908000
128.810000 24.769000 27.686000 1.908000
129.780000 23.710000 28.183000 1.908000
127.670000 27.561000 27.931000 0.600000
126.204000 25.297000 27.312000 1.387000
128.153000 25.706000 29.406000 1.487000
127.469000 24.242000 29.167000 1.487000
128.364000 24.429000 26.861000 1.487000
129.323000 25.598000 27.478000 1.487000
130.473000 23.903000 29.183000 1.661200
129.828000 22.580000 27.488000 1.824000
130.510000 22.286000 28.146000 0.600000
129.561000 21.964000 26.737000 0.600000
125.397000 26.526000 30.181000 1.824000
124.370000 26.520000 31.217000 1.908000
123.044000 27.042000 30.670000 1.908000
121.977000 26.739000 31.202000 1.661200
124.805000 27.379000 32.411000 1.908000
124.799000 28.759000 32.088000 1.721000
126.154000 27.179000 30.211000 0.600000
124.228000 25.569000 31.512000 1.387000
124.174000 27.219000 33.166000 1.387000
125.728000 27.112000 32.676000 1.387000
124.968000 28.853000 31.114000 0.600000
123.117000 27.834000 29.607000 1.824000
121.917000 28.384000 28.993000 1.908000
121.143000 27.248000 28.330000 1.908000
119.912000 27.240000 28.303000 1.661200
122.295000 29.432000 27.945000 1.908000
121.104000 30.051000 27.242000 1.908000
121.542000 30.967000 26.115000 1.908000
120.342000 31.557000 25.393000 1.908000
119.472000 32.322000 26.327000 1.824000
124.024000 28.041000 29.242000 0.600000
121.343000 28.792000 29.701000 1.387000
122.805000 30.158000 28.401000 1.487000
122.873000 28.992000 27.261000 1.487000
120.532000 29.322000 26.863000 1.487000
120.572000 30.581000 27.902000 1.487000
122.081000 31.711000 26.494000 1.487000
122.079000 30.445000 25.462000 1.487000
120.666000 32.168000 24.669000 1.100000
119.811000 30.814000 24.983000 1.100000
119.151000 31.707000 27.049000 0.600000
119.996000 33.069000 26.731000 0.600000
118.691000 32.691000 25.830000 0.600000
121.887000 26.285000 27.804000 1.824000
121.303000 25.142000 27.130000 1.908000
120.426000 24.304000 28.051000 1.908000
119.230000 24.146000 27.808000 1.661200
122.416000 24.266000 26.543000 1.908000
123.314000 24.995000 25.550000 1.908000
124.440000 24.127000 25.011000 1.908000
122.886000 26.377000 27.890000 0.600000
120.716000 25.486000 26.378000 1.387000
122.988000 23.931000 27.291000 1.487000
121.997000 23.489000 26.071000 1.487000
122.754000 25.304000 24.779000 1.487000
123.716000 25.791000 26.006000 1.487000
125.217000 24.560000 24.157000 1.661200
124.537000 22.897000 25.508000 1.824000
125.317000 22.792000 24.908000 0.600000
124.252000 22.134000 26.099000 0.600000
121.023000 23.779000 29.114000 1.824000
120.309000 22.922000 30.056000 1.908000
119.350000 23.628000 31.015000 1.908000
118.964000 23.054000 32.039000 1.661200
121.319000 22.104000 30.863000 1.908000
122.274000 21.235000 30.043000 1.908000
123.239000 20.509000 30.972000 1.908000
121.473000 20.240000 29.212000 1.908000
121.994000 23.992000 29.252000 0.600000
119.767000 22.236000 29.516000 1.387000
121.874000 22.738000 31.391000 1.487000
120.811000 21.500000 31.467000 1.487000
122.789000 21.817000 29.420000 1.487000
123.774000 21.174000 31.491000 1.487000
122.721000 19.932000 31.605000 1.487000
123.857000 19.935000 30.429000 1.487000
120.927000 19.669000 29.829000 1.487000
120.868000 20.734000 28.592000 1.487000
122.096000 19.664000 28.687000 1.487000
118.958000 24.858000 30.693000 1.824000
118.045000 25.594000 31.559000 1.908000
117.022000 26.412000 30.786000 1.908000
116.203000 27.104000 31.392000 1.661200
118.795000 26.570000 32.474000 1.908000
119.301000 27.657000 31.690000 1.721000
119.950000 25.870000 33.174000 1.908000
119.305000 25.254000 29.851000 0.600000
117.545000 24.925000 32.138000 1.387000
118.142000 26.950000 33.159000 1.387000
119.635000 25.129000 33.762000 1.487000
120.585000 25.490000 32.486000 1.487000
120.457000 26.555000 33.746000 1.487000
120.234000 27.441000 31.436000 0.600000
117.071000 26.336000 29.457000 1.824000
116.156000 27.094000 28.603000 1.908000
116.498000 28.578000 28.721000 1.908000
117.672000 28.957000 28.687000 1.661200
114.700000 26.861000 29.027000 1.908000
114.128000 25.485000 28.687000 1.908000
114.865000 24.333000 29.355000 1.908000
116.000000 24.022000 28.935000 1.661200
114.307000 23.736000 30.303000 1.661200
117.765000 25.734000 29.055000 0.600000
116.257000 26.802000 27.656000 1.387000
114.654000 26.966000 30.009000 1.487000
114.142000 27.535000 28.567000 1.487000
113.193000 25.458000 28.995000 1.487000
114.197000 25.356000 27.712000 1.487000
115.479000 29.420000 28.861000 1.824000
115.704000 30.855000 29.003000 1.908000
115.989000 31.175000 30.467000 1.908000
116.162000 32.335000 30.840000 1.661200
114.471000 31.641000 28.538000 1.908000
114.211000 31.497000 27.046000 1.908000
114.557000 29.040000 28.865000 0.600000
116.531000 31.079000 28.488000 1.387000
113.677000 31.301000 29.032000 1.487000
114.618000 32.604000 28.743000 1.487000
114.070000 30.385000 26.527000 1.661200
114.141000 32.626000 26.349000 1.824000
114.263000 33.506000 26.810000 0.600000
113.967000 32.598000 25.365000 0.600000
116.042000 30.130000 31.289000 1.824000
116.284000 30.303000 32.709000 1.908000
117.538000 31.072000 33.067000 1.908000
117.487000 32.018000 33.846000 1.661200
115.909000 29.223000 30.892000 0.600000
115.473000 30.772000 33.131000 1.387000
116.320000 29.378000 33.157000 1.387000
118.669000 30.661000 32.509000 1.824000
119.934000 31.324000 32.789000 1.908000
119.860000 32.798000 32.415000 1.908000
120.302000 33.661000 33.172000 1.661200
121.072000 30.638000 32.026000 1.908000
118.624000 29.878000 31.888000 0.600000
120.128000 31.252000 33.774000 1.387000
121.127000 29.682000 32.311000 1.487000
120.887000 30.686000 31.046000 1.487000
121.931000 31.095000 32.226000 1.487000
119.288000 33.080000 31.252000 1.824000
119.166000 34.451000 30.776000 1.908000
118.246000 35.258000 31.687000 1.908000
118.508000 36.432000 31.958000 1.661200
118.638000 34.462000 29.336000 1.908000
118.682000 35.827000 28.660000 1.908000
120.076000 36.437000 28.667000 1.908000
121.028000 35.783000 28.192000 1.661200
120.214000 37.577000 29.152000 1.661200
118.941000 32.314000 30.708000 0.600000
120.074000 34.884000 30.750000 1.387000
119.200000 33.850000 28.807000 1.487000
117.698000 34.172000 29.360000 1.487000
118.412000 35.715000 27.723000 1.487000
118.091000 36.435000 29.153000 1.487000
117.177000 34.629000 32.169000 1.824000
116.249000 35.319000 33.058000 1.908000
116.912000 35.564000 34.423000 1.908000
116.660000 36.583000 35.067000 1.661200
114.946000 34.518000 33.212000 1.908000
115.180000 33.232000 33.759000 1.721000
117.033000 33.682000 31.905000 0.600000
116.036000 36.213000 32.660000 1.387000
114.332000 35.022000 33.816000 1.387000
114.527000 34.418000 32.312000 1.387000
116.152000 33.038000 33.698000 0.600000
117.765000 34.637000 34.855000 1.824000
118.472000 34.813000 36.125000 1.908000
119.458000 35.963000 35.958000 1.908000
119.547000 36.846000 36.809000 1.661200
119.235000 33.528000 36.540000 1.908000
120.201000 33.831000 37.683000 1.908000
118.231000 32.451000 36.976000 1.908000
117.905000 33.831000 34.295000 0.600000
117.807000 35.073000 36.818000 1.387000
119.783000 33.242000 35.763000 1.487000
120.877000 34.504000 37.400000 1.487000
119.685000 34.187000 38.467000 1.487000
120.670000 32.983000 37.955000 1.487000
117.709000 32.772000 37.759000 1.487000
117.613000 32.256000 36.214000 1.487000
118.723000 31.620000 37.223000 1.487000
120.191000 35.947000 34.848000 1.824000
121.154000 36.997000 34.545000 1.908000
120.487000 38.373000 34.533000 1.908000
121.058000 39.355000 35.016000 1.661200
121.808000 36.739000 33.186000 1.908000
122.638000 37.889000 32.604000 1.908000
123.714000 38.333000 33.604000 1.908000
123.265000 37.433000 31.294000 1.908000
120.056000 35.177000 34.219000 0.600000
121.866000 36.998000 35.258000 1.387000
122.416000 35.955000 33.283000 1.487000
121.086000 36.535000 32.532000 1.487000
122.036000 38.659000 32.408000 1.487000
123.271000 38.639000 34.445000 1.487000
124.316000 37.562000 33.802000 1.487000
124.243000 39.078000 33.216000 1.487000
123.851000 36.639000 31.468000 1.487000
122.546000 37.181000 30.649000 1.487000
123.815000 38.176000 30.910000 1.487000
119.280000 38.434000 33.977000 1.824000
118.518000 39.675000 33.891000 1.908000
118.279000 40.298000 35.263000 1.908000
118.430000 41.506000 35.431000 1.661200
117.173000 39.415000 33.202000 1.908000
116.215000 40.594000 33.217000 1.908000
116.702000 41.762000 32.375000 1.908000
117.518000 41.588000 31.460000 1.661200
116.217000 42.965000 32.687000 1.824000
118.902000 37.576000 33.609000 0.600000
119.056000 40.333000 33.344000 1.387000
117.348000 39.166000 32.245000 1.487000
116.724000 38.641000 33.660000 1.487000
115.330000 40.294000 32.860000 1.487000
116.104000 40.907000 34.161000 1.487000
116.773000 43.303000 31.940000 0.600000
115.656000 43.602000 33.225000 0.600000
117.904000 39.471000 36.236000 1.824000
117.647000 39.936000 37.600000 1.908000
118.912000 40.564000 38.206000 1.908000
118.859000 41.599000 38.874000 1.661200
117.161000 38.768000 38.489000 1.908000
116.958000 39.240000 39.916000 1.908000
115.861000 38.203000 37.933000 1.908000
117.801000 38.500000 36.001000 0.600000
116.941000 40.648000 37.562000 1.387000
117.883000 38.084000 38.504000 1.487000
117.812000 39.573000 40.306000 1.487000
116.278000 39.982000 39.931000 1.487000
116.616000 38.467000 40.476000 1.487000
115.153000 38.903000 37.930000 1.487000
116.014000 37.880000 36.996000 1.487000
115.563000 37.431000 38.504000 1.487000
120.050000 39.933000 37.966000 1.824000
121.310000 40.458000 38.457000 1.908000
121.564000 41.808000 37.810000 1.908000
121.998000 42.752000 38.470000 1.661200
122.449000 39.512000 38.099000 1.908000
122.649000 38.404000 39.085000 1.908000
123.477000 38.586000 40.190000 1.908000
122.024000 37.171000 38.905000 1.908000
123.683000 37.554000 41.099000 1.908000
122.225000 36.135000 39.810000 1.908000
123.055000 36.325000 40.906000 1.908000
120.012000 39.087000 37.438000 0.600000
121.200000 40.623000 39.437000 1.387000
122.243000 39.107000 37.219000 1.487000
123.284000 40.043000 38.060000 1.487000
123.926000 39.461000 40.334000 1.459000
121.425000 37.032000 38.118000 1.459000
124.285000 37.699000 41.890000 1.459000
121.765000 35.246000 39.663000 1.459000
123.206000 35.585000 41.560000 1.459000
121.291000 41.895000 36.511000 1.824000
121.509000 43.135000 35.778000 1.908000
120.611000 44.272000 36.235000 1.908000
121.047000 45.427000 36.269000 1.661200
121.338000 42.909000 34.272000 1.908000
122.504000 42.184000 33.632000 1.908000
123.080000 43.025000 32.516000 1.908000
122.548000 42.623000 31.228000 1.824000
122.386000 43.434000 30.194000 1.908000
122.716000 44.715000 30.282000 1.824000
121.885000 42.954000 29.071000 1.824000
120.933000 41.083000 36.056000 0.600000
122.479000 43.419000 35.903000 1.387000
120.518000 42.366000 34.132000 1.487000
121.245000 43.797000 33.835000 1.487000
123.213000 42.032000 34.308000 1.487000
122.191000 41.326000 33.247000 1.487000
122.845000 43.976000 32.690000 1.387000
124.069000 42.908000 32.518000 1.387000
122.281000 41.654000 31.109000 0.600000
123.110000 45.086000 31.120000 0.600000
122.569000 45.323000 29.494000 0.600000
121.648000 41.984000 28.992000 0.600000
121.739000 43.561000 28.284000 0.600000
119.366000 43.956000 36.588000 1.824000
118.437000 44.987000 37.042000 1.908000
118.779000 45.396000 38.463000 1.908000
118.658000 46.562000 38.828000 1.661200
116.988000 44.492000 36.971000 1.908000
116.525000 44.147000 35.559000 1.908000
115.062000 43.717000 35.502000 1.908000
114.677000 43.073000 34.503000 1.661200
114.299000 44.029000 36.446000 1.661200
119.093000 43.002000 36.532000 0.600000
118.496000 45.784000 36.437000 1.387000
116.924000 43.675000 37.512000 1.487000
116.409000 45.210000 37.306000 1.487000
116.618000 44.948000 35.000000 1.487000
117.065000 43.396000 35.231000 1.487000
119.206000 44.430000 39.265000 1.824000
119.588000 44.724000 40.638000 1.908000
120.731000 45.732000 40.563000 1.908000
120.754000 46.727000 41.285000 1.661200
120.038000 43.458000 41.336000 1.908000
119.256000 43.506000 38.901000 0.600000
118.824000 45.144000 41.107000 1.387000
119.292000 42.790000 41.342000 1.487000
120.825000 43.068000 40.853000 1.487000
120.301000 43.674000 42.283000 1.487000
121.672000 45.481000 39.662000 1.824000
122.795000 46.388000 39.494000 1.908000
122.292000 47.758000 39.044000 1.908000
122.737000 48.788000 39.550000 1.661200
123.779000 45.840000 38.464000 1.908000
124.956000 46.760000 38.236000 1.908000
126.014000 46.112000 37.372000 1.908000
127.242000 47.002000 37.282000 1.908000
128.305000 46.325000 36.505000 1.824000
121.584000 44.657000 39.110000 0.600000
123.268000 46.494000 40.373000 1.387000
124.118000 44.966000 38.792000 1.487000
123.295000 45.723000 37.603000 1.487000
124.636000 47.597000 37.785000 1.487000
125.362000 47.001000 39.121000 1.487000
126.280000 45.247000 37.777000 1.487000
125.653000 45.979000 36.458000 1.487000
126.991000 47.855000 36.830000 1.100000
127.573000 47.192000 38.204000 1.100000
128.562000 45.470000 36.954000 0.600000
127.971000 46.127000 35.582000 0.600000
129.110000 46.926000 36.446000 0.600000
121.369000 47.771000 38.087000 1.824000
120.825000 49.035000 37.615000 1.908000
120.057000 49.704000 38.757000 1.908000
119.939000 50.923000 38.808000 1.661200
119.909000 48.808000 36.415000 1.908000
121.070000 46.904000 37.712000 0.600000
121.577000 49.635000 37.345000 1.387000
120.432000 48.377000 35.680000 1.487000
119.154000 48.210000 36.682000 1.487000
119.548000 49.681000 36.100000 1.487000
119.558000 48.891000 39.683000 1.824000
118.807000 49.386000 40.832000 1.908000
119.714000 50.104000 41.841000 1.908000
119.240000 50.878000 42.675000 1.661200
118.103000 48.220000 41.526000 1.908000
116.967000 48.619000 42.451000 1.908000
115.855000 49.339000 41.713000 1.908000
115.574000 48.967000 40.548000 1.661200
115.258000 50.268000 42.300000 1.661200
119.718000 47.905000 39.563000 0.600000
118.089000 50.024000 40.521000 1.387000
117.725000 47.637000 40.823000 1.487000
118.776000 47.743000 42.068000 1.487000
116.586000 47.804000 42.841000 1.487000
117.320000 49.234000 43.129000 1.487000
121.016000 49.843000 41.767000 1.824000
121.940000 50.479000 42.685000 1.908000
122.827000 49.492000 43.413000 1.908000
123.822000 49.875000 44.027000 1.661200
121.326000 49.206000 41.071000 0.600000
122.523000 51.138000 42.173000 1.387000
121.416000 51.024000 43.367000 1.387000
122.468000 48.215000 43.354000 1.824000
123.261000 47.183000 44.009000 1.908000
124.661000 47.162000 43.395000 1.908000
124.811000 47.248000 42.172000 1.661200
122.586000 45.827000 43.840000 1.908000
121.640000 47.986000 42.848000 0.600000
123.343000 47.402000 44.981000 1.387000
121.676000 45.852000 44.251000 1.487000
122.505000 45.615000 42.865000 1.487000
123.135000 45.123000 44.289000 1.487000
125.687000 47.066000 44.238000 1.824000
127.057000 47.036000 43.737000 1.908000
127.414000 45.614000 43.342000 1.908000
127.986000 44.860000 44.129000 1.661200
128.034000 47.547000 44.795000 1.908000
129.467000 47.582000 44.294000 1.908000
130.327000 48.172000 44.981000 1.661200
129.741000 47.015000 43.214000 1.661200
125.490000 47.016000 45.210000 0.600000
127.080000 47.590000 42.904000 1.387000
127.762000 48.468000 45.047000 1.487000
127.985000 46.941000 45.579000 1.487000
127.067000 45.263000 42.109000 1.824000
127.311000 43.931000 41.575000 1.908000
128.174000 43.997000 40.323000 1.908000
127.946000 44.820000 39.444000 1.661200
125.975000 43.238000 41.194000 1.908000
125.051000 43.180000 42.409000 1.908000
126.235000 41.839000 40.648000 1.908000
123.690000 42.585000 42.111000 1.908000
126.618000 45.967000 41.542000 0.600000
127.849000 43.442000 42.269000 1.387000
125.539000 43.790000 40.496000 1.487000
125.494000 42.635000 43.119000 1.487000
124.925000 44.110000 42.752000 1.487000
126.680000 41.289000 41.353000 1.487000
125.365000 41.426000 40.391000 1.487000
126.826000 41.898000 39.849000 1.487000
123.808000 41.641000 41.806000 1.487000
123.130000 42.604000 42.937000 1.487000
123.244000 43.115000 41.393000 1.487000
129.178000 43.135000 40.255000 1.824000
130.038000 43.066000 39.084000 1.908000
129.766000 41.701000 38.488000 1.908000
129.822000 40.693000 39.193000 1.661200
131.532000 43.148000 39.436000 1.908000
131.815000 44.409000 40.060000 1.721000
132.371000 43.010000 38.171000 1.908000
129.326000 42.531000 41.039000 0.600000
129.756000 43.755000 38.440000 1.387000
131.756000 42.408000 40.102000 1.387000
132.242000 42.128000 37.729000 1.487000
132.122000 43.740000 37.517000 1.487000
133.363000 43.116000 38.417000 1.487000
131.089000 44.597000 40.707000 0.600000
129.466000 41.666000 37.195000 1.824000
129.171000 40.410000 36.527000 1.908000
130.222000 40.065000 35.490000 1.908000
130.457000 40.831000 34.557000 1.661200
127.784000 40.470000 35.850000 1.908000
126.726000 40.814000 36.892000 1.908000
127.451000 39.136000 35.195000 1.908000
125.352000 40.973000 36.330000 1.908000
129.450000 42.532000 36.698000 0.600000
129.218000 39.694000 37.236000 1.387000
127.807000 41.196000 35.177000 1.487000
126.721000 40.089000 37.584000 1.487000
126.999000 41.669000 37.339000 1.487000
127.423000 38.423000 35.894000 1.487000
126.563000 39.209000 34.746000 1.487000
128.149000 38.913000 34.519000 1.487000
125.053000 40.109000 35.918000 1.487000
124.711000 41.229000 37.057000 1.487000
125.361000 41.696000 35.622000 1.487000
130.861000 38.911000 35.660000 1.824000
131.872000 38.454000 34.716000 1.908000
131.350000 37.254000 33.931000 1.908000
131.283000 36.133000 34.444000 1.661200
133.190000 38.045000 35.422000 1.908000
133.883000 39.279000 36.003000 1.908000
134.130000 37.360000 34.427000 1.908000
133.109000 39.954000 37.102000 1.908000
130.622000 38.364000 36.464000 0.600000
131.998000 39.195000 34.054000 1.387000
132.956000 37.439000 36.171000 1.487000
134.777000 39.000000 36.354000 1.487000
134.027000 39.933000 35.258000 1.487000
134.354000 37.999000 33.695000 1.487000
134.958000 37.084000 34.908000 1.487000
133.684000 36.560000 34.044000 1.487000
132.997000 39.316000 37.866000 1.487000
133.604000 40.764000 37.416000 1.487000
132.207000 40.225000 36.758000 1.487000
130.971000 37.504000 32.685000 1.824000
130.467000 36.457000 31.810000 1.908000
131.638000 35.902000 31.015000 1.908000
132.150000 36.558000 30.110000 1.661200
129.415000 37.026000 30.860000 1.908000
128.146000 37.581000 31.511000 1.908000
127.316000 38.295000 30.459000 1.908000
127.346000 36.451000 32.153000 1.908000
131.044000 38.452000 32.362000 0.600000
130.087000 35.725000 32.369000 1.387000
129.835000 37.771000 30.348000 1.487000
129.136000 36.299000 30.239000 1.487000
128.403000 38.223000 32.225000 1.487000
127.831000 39.056000 30.068000 1.487000
127.073000 37.651000 29.728000 1.487000
126.471000 38.648000 30.884000 1.487000
127.112000 35.784000 31.440000 1.487000
127.897000 36.010000 32.855000 1.487000
126.514000 36.816000 32.556000 1.487000
132.068000 34.696000 31.367000 1.824000
133.189000 34.060000 30.687000 1.908000
132.816000 32.665000 30.205000 1.908000
133.566000 31.717000 30.527000 1.661200
134.389000 33.978000 31.633000 1.908000
134.052000 33.302000 32.835000 1.721000
131.781000 32.538000 29.511000 1.661200
131.595000 34.236000 32.119000 0.600000
133.421000 34.615000 29.879000 1.387000
135.123000 33.482000 31.178000 1.387000
134.686000 34.903000 31.855000 1.387000
133.062000 33.255000 32.899000 0.600000
