0 2.520547458938e+01
1 4.740334815006e+00
2 3.568028894894e+00
3 1.822423795036e+01
4 5.229222539606e+00
5 0.000000000000e+00
6 0.000000000000e+00
7 0.000000000000e+00
8 3.633028697903e+00
9 1.290142614611e+01
10 1.055613563375e+01
11 1.053001905734e+01
12 8.616339968986e+00
13 5.244160037739e-01
14 0.000000000000e+00
15 9.716106590082e+00
16 0.000000000000e+00
17 1.910891827224e+00
18 4.469225900129e+00
19 3.731536702312e+00
20 7.896663392824e+00
21 1.187265575521e+01
22 0.000000000000e+00
23 9.641964268091e+00
24 1.207886268084e+01
25 0.000000000000e+00
26 1.997757670586e+01
27 2.244753961758e+01
28 0.000000000000e+00
29 2.772075580033e+00
30 0.000000000000e+00
31 0.000000000000e+00
32 7.477394821586e+00
33 0.000000000000e+00
34 1.434713534173e+00
35 1.291062341986e+00
36 0.000000000000e+00
37 9.825411633873e+00
38 0.000000000000e+00
39 9.220551621335e+00
40 6.711908523604e+00
41 0.000000000000e+00
42 0.000000000000e+00
43 9.363046577866e+00
44 1.214578417550e+01
45 0.000000000000e+00
46 0.000000000000e+00
47 0.000000000000e+00
48 0.000000000000e+00
49 0.000000000000e+00
50 1.276289351585e+00
51 0.000000000000e+00
52 1.785022250544e+00
53 6.037726143714e+00
54 3.843040733284e+00
55 0.000000000000e+00
56 0.000000000000e+00
57 1.114384005490e+01
58 2.502270021830e+00
59 3.005725029226e+00
60 0.000000000000e+00
61 1.395896250201e+01
62 7.218269896103e+00
63 8.887206812981e+00
64 3.207353875454e+00
65 0.000000000000e+00
66 0.000000000000e+00
67 0.000000000000e+00
68 0.000000000000e+00
69 0.000000000000e+00
70 0.000000000000e+00
71 0.000000000000e+00
72 0.000000000000e+00
73 0.000000000000e+00
74 1.320369867017e+01
75 9.681796002115e+00
76 0.000000000000e+00
77 0.000000000000e+00
78 0.000000000000e+00
79 0.000000000000e+00
80 0.000000000000e+00
81 0.000000000000e+00
82 2.286816652705e+00
83 1.127976958671e+01
84 3.889272453763e+00
85 0.000000000000e+00
86 1.215409707604e+01
87 1.297335653176e+01
88 0.000000000000e+00
89 7.786416174281e+00
90 5.343544448026e+00
91 0.000000000000e+00
92 4.305465540112e+00
93 0.000000000000e+00
94 0.000000000000e+00
95 0.000000000000e+00
96 8.944938912228e-01
97 0.000000000000e+00
98 0.000000000000e+00
99 5.377145954618e-01
100 0.000000000000e+00
101 4.160323850358e-01
102 0.000000000000e+00
103 0.000000000000e+00
104 0.000000000000e+00
105 0.000000000000e+00
106 7.223018750390e+00
107 0.000000000000e+00
108 1.265738165786e+01
109 0.000000000000e+00
110 5.480641394140e+00
111 9.195264057916e+00
112 2.917298001885e+00
113 0.000000000000e+00
114 0.000000000000e+00
115 0.000000000000e+00
116 3.059457981740e+00
117 7.414127422344e+00
118 1.221967343751e+01
119 1.872018438750e+01
120 0.000000000000e+00
121 0.000000000000e+00
122 8.007814599644e+00
123 9.779723148322e+00
124 3.236829783164e+00
125 4.337038364707e+00
126 0.000000000000e+00
127 4.357553039689e+00
128 0.000000000000e+00
129 8.792966477259e+00
130 1.851063285503e+00
131 0.000000000000e+00
132 0.000000000000e+00
133 0.000000000000e+00
134 0.000000000000e+00
135 0.000000000000e+00
136 0.000000000000e+00
137 0.000000000000e+00
138 0.000000000000e+00
139 0.000000000000e+00
140 0.000000000000e+00
141 0.000000000000e+00
142 0.000000000000e+00
143 0.000000000000e+00
144 0.000000000000e+00
145 0.000000000000e+00
146 0.000000000000e+00
147 0.000000000000e+00
148 0.000000000000e+00
149 0.000000000000e+00
150 0.000000000000e+00
151 0.000000000000e+00
152 0.000000000000e+00
153 0.000000000000e+00
154 0.000000000000e+00
155 0.000000000000e+00
156 0.000000000000e+00
157 0.000000000000e+00
158 0.000000000000e+00
159 4.983063299657e-01
160 2.221006874133e+00
161 6.431496419401e-01
162 3.769877580295e+00
163 1.389904219766e+01
164 1.751614638685e+01
165 0.000000000000e+00
166 4.998644619322e+00
167 1.173404653812e+01
168 5.554059869699e+00
169 2.852340779117e+00
170 1.063554019393e-01
171 0.000000000000e+00
172 0.000000000000e+00
173 0.000000000000e+00
174 0.000000000000e+00
175 0.000000000000e+00
176 0.000000000000e+00
177 0.000000000000e+00
178 2.228226764929e+00
179 0.000000000000e+00
180 2.034260567887e+01
181 2.544185066284e+00
182 0.000000000000e+00
183 1.229138660062e+01
184 0.000000000000e+00
185 9.131739635704e+00
186 0.000000000000e+00
187 0.000000000000e+00
188 1.622707968612e+00
189 0.000000000000e+00
190 0.000000000000e+00
191 0.000000000000e+00
192 0.000000000000e+00
193 0.000000000000e+00
194 0.000000000000e+00
195 0.000000000000e+00
196 0.000000000000e+00
197 0.000000000000e+00
198 0.000000000000e+00
199 0.000000000000e+00
200 0.000000000000e+00
201 0.000000000000e+00
202 0.000000000000e+00
203 0.000000000000e+00
204 0.000000000000e+00
205 0.000000000000e+00
206 0.000000000000e+00
207 0.000000000000e+00
208 0.000000000000e+00
209 0.000000000000e+00
210 0.000000000000e+00
211 0.000000000000e+00
212 9.863273634689e+00
213 0.000000000000e+00
214 0.000000000000e+00
215 7.721169867491e+00
216 6.160783221052e+00
217 0.000000000000e+00
218 0.000000000000e+00
219 0.000000000000e+00
220 8.221169174557e+00
221 2.946173212972e+00
222 0.000000000000e+00
223 1.697470584209e+01
224 1.097215066827e+01
225 0.000000000000e+00
226 0.000000000000e+00
227 0.000000000000e+00
228 0.000000000000e+00
229 1.665888380616e+01
230 0.000000000000e+00
231 1.771011150749e+01
232 5.509108295108e+00
233 7.887503791869e+00
234 9.289105248827e+00
235 1.241854045146e+01
236 0.000000000000e+00
237 0.000000000000e+00
238 0.000000000000e+00
239 0.000000000000e+00
240 0.000000000000e+00
241 0.000000000000e+00
242 3.650234523754e+00
243 1.057908240241e+01
244 0.000000000000e+00
245 3.162043067073e+00
246 5.684868314111e+00
247 9.955406167237e-01
248 5.500801709356e+00
249 4.352522498885e+00
250 2.834494623365e+00
251 2.001609267731e+01
252 5.391773978393e+00
253 1.270642295640e+01
254 1.109681411814e+01
255 0.000000000000e+00
256 0.000000000000e+00
257 9.346032056391e+00
258 4.735603997158e+00
259 0.000000000000e+00
260 4.430892064932e+00
261 0.000000000000e+00
262 0.000000000000e+00
263 0.000000000000e+00
264 1.134274104744e+01
265 1.252554134404e+00
266 0.000000000000e+00
267 0.000000000000e+00
268 1.250710842621e+01
269 2.058667103949e+00
270 1.574681893071e+01
271 0.000000000000e+00
272 9.256705970658e+00
273 0.000000000000e+00
274 7.601042443330e+00
275 0.000000000000e+00
276 3.874192902155e+00
277 8.088597584344e+00
278 0.000000000000e+00
279 0.000000000000e+00
280 0.000000000000e+00
281 0.000000000000e+00
282 3.017141993259e-01
283 0.000000000000e+00
284 5.112602422265e-01
285 1.294192879408e+01
286 2.660786045579e+01
287 9.409170498576e+00
288 0.000000000000e+00
289 0.000000000000e+00
290 0.000000000000e+00
291 0.000000000000e+00
292 0.000000000000e+00
293 0.000000000000e+00
294 0.000000000000e+00
295 9.749117821219e+00
296 8.807340195417e+00
297 0.000000000000e+00
298 7.905119886785e+00
299 1.004346578449e+01
300 6.130360663572e+00
301 0.000000000000e+00
302 0.000000000000e+00
303 7.566650410101e+00
304 0.000000000000e+00
305 0.000000000000e+00
306 0.000000000000e+00
307 0.000000000000e+00
308 0.000000000000e+00
309 0.000000000000e+00
310 0.000000000000e+00
311 0.000000000000e+00
312 0.000000000000e+00
313 0.000000000000e+00
314 1.061836990547e+01
315 0.000000000000e+00
316 4.366748371625e+00
317 0.000000000000e+00
318 7.153124672495e+00
319 0.000000000000e+00
320 0.000000000000e+00
321 0.000000000000e+00
322 5.405079923966e+00
323 0.000000000000e+00
324 0.000000000000e+00
325 0.000000000000e+00
326 0.000000000000e+00
327 0.000000000000e+00
328 0.000000000000e+00
329 0.000000000000e+00
330 0.000000000000e+00
331 2.605898206929e+00
332 0.000000000000e+00
333 6.803428708551e+00
334 0.000000000000e+00
335 2.755151394767e+00
336 8.546949346532e+00
337 2.808002405508e+00
338 4.256903206740e+00
339 1.881939279996e+01
340 2.022194300003e+01
341 0.000000000000e+00
342 7.811401962116e+00
343 1.016991502818e+01
344 1.304333053313e+01
345 0.000000000000e+00
346 0.000000000000e+00
347 0.000000000000e+00
348 0.000000000000e+00
349 0.000000000000e+00
350 0.000000000000e+00
351 2.498340776873e+00
352 0.000000000000e+00
353 1.146277027692e+01
354 0.000000000000e+00
355 7.147002793283e+00
356 0.000000000000e+00
357 0.000000000000e+00
358 0.000000000000e+00
359 0.000000000000e+00
360 0.000000000000e+00
361 0.000000000000e+00
362 1.760026076082e+01
363 2.549983735679e+00
364 0.000000000000e+00
365 0.000000000000e+00
366 0.000000000000e+00
367 0.000000000000e+00
368 0.000000000000e+00
369 0.000000000000e+00
370 0.000000000000e+00
371 0.000000000000e+00
372 0.000000000000e+00
373 0.000000000000e+00
374 0.000000000000e+00
375 0.000000000000e+00
376 0.000000000000e+00
377 0.000000000000e+00
378 4.276025060018e+00
379 0.000000000000e+00
380 0.000000000000e+00
381 0.000000000000e+00
382 0.000000000000e+00
383 0.000000000000e+00
384 0.000000000000e+00
385 0.000000000000e+00
386 1.454828359707e+00
387 0.000000000000e+00
388 3.794507575322e+00
389 7.814292631738e+00
390 1.027689828188e+01
391 0.000000000000e+00
392 0.000000000000e+00
393 0.000000000000e+00
394 0.000000000000e+00
395 0.000000000000e+00
396 0.000000000000e+00
397 0.000000000000e+00
398 0.000000000000e+00
399 0.000000000000e+00
400 0.000000000000e+00
401 0.000000000000e+00
402 0.000000000000e+00
403 5.968600508290e-01
404 7.231180237123e+00
405 3.920097858886e+00
406 0.000000000000e+00
407 6.518430796331e+00
408 1.423689142037e+01
409 0.000000000000e+00
410 5.615053960367e-01
411 4.538533856253e-01
412 0.000000000000e+00
413 0.000000000000e+00
414 0.000000000000e+00
415 0.000000000000e+00
416 0.000000000000e+00
417 6.020532799305e-01
418 0.000000000000e+00
419 1.182186527482e+00
420 8.642843446762e+00
421 2.918414982086e+01
422 0.000000000000e+00
423 0.000000000000e+00
424 0.000000000000e+00
425 0.000000000000e+00
426 0.000000000000e+00
427 0.000000000000e+00
428 0.000000000000e+00
429 0.000000000000e+00
430 1.310350254748e+01
431 7.714281754077e+00
432 0.000000000000e+00
433 1.722996771642e+00
434 7.707940801552e+00
435 0.000000000000e+00
436 0.000000000000e+00
437 2.491799893013e+00
438 4.288100249348e+00
439 4.825381490921e+00
440 2.036550617248e+01
441 0.000000000000e+00
442 2.822060639483e+00
443 9.886318336394e+00
444 6.163467572227e+00
445 5.220578458855e+00
446 1.615682616173e+00
447 0.000000000000e+00
448 0.000000000000e+00
449 2.582449738904e+00
450 0.000000000000e+00
451 6.791966776506e-01
452 5.018297732767e+00
453 7.671710707075e+00
454 2.017736315872e+01
455 1.025367234489e+01
456 6.903392819828e+00
457 7.079784411958e+00
458 0.000000000000e+00
459 7.059962422987e+00
460 0.000000000000e+00
461 0.000000000000e+00
462 0.000000000000e+00
463 0.000000000000e+00
464 0.000000000000e+00
465 0.000000000000e+00
466 0.000000000000e+00
467 0.000000000000e+00
468 0.000000000000e+00
469 0.000000000000e+00
470 0.000000000000e+00
471 0.000000000000e+00
472 0.000000000000e+00
473 2.397181467221e+00
474 1.185926492652e+01
475 6.908536199259e-01
476 0.000000000000e+00
477 3.070388592172e+00
478 8.247804710016e+00
479 0.000000000000e+00
480 0.000000000000e+00
481 0.000000000000e+00
482 9.160953144891e+00
483 4.731731195622e+00
484 0.000000000000e+00
485 1.811667278598e+01
486 2.324613981144e+01
487 0.000000000000e+00
488 2.641179324790e+00
489 3.976289255925e-01
490 0.000000000000e+00
491 1.828102090160e+01
492 3.054125793133e+00
493 0.000000000000e+00
494 8.627574582078e+00
495 1.009681383158e+01
496 8.988451745539e+00
497 1.227164726576e+01
498 0.000000000000e+00
499 0.000000000000e+00
500 3.445850974979e+00
501 9.502165709173e+00
502 0.000000000000e+00
503 0.000000000000e+00
504 5.141062449577e-01
505 4.380997972879e+00
506 1.087529292004e+01
507 1.067523341845e+01
508 1.058674489972e+01
509 0.000000000000e+00
510 4.335168850481e+00
511 1.300314637486e+01
512 0.000000000000e+00
513 3.803300366725e+00
514 6.671655931041e+00
515 1.541963144368e+00
516 0.000000000000e+00
517 2.951660047569e+00
518 2.990703443149e+00
519 0.000000000000e+00
520 7.560426651419e+00
521 0.000000000000e+00
522 1.162900394068e+01
523 5.775329909441e+00
524 0.000000000000e+00
525 0.000000000000e+00
526 0.000000000000e+00
527 1.028006792309e+01
528 0.000000000000e+00
529 0.000000000000e+00
530 0.000000000000e+00
531 0.000000000000e+00
532 0.000000000000e+00
533 0.000000000000e+00
534 4.066809617490e+00
535 0.000000000000e+00
536 4.499343470749e+00
537 1.661315227693e+00
538 7.836874785035e+00
539 0.000000000000e+00
540 0.000000000000e+00
541 0.000000000000e+00
542 3.902112002357e+00
543 4.570575303079e+00
544 0.000000000000e+00
545 0.000000000000e+00
546 0.000000000000e+00
547 0.000000000000e+00
548 0.000000000000e+00
549 0.000000000000e+00
550 0.000000000000e+00
551 0.000000000000e+00
552 0.000000000000e+00
553 1.557366725527e-01
554 2.933689430754e+00
555 6.906476008178e+00
556 9.543996354845e+00
557 1.117529757584e+01
558 0.000000000000e+00
559 1.453162346172e+00
560 8.497110742819e+00
561 0.000000000000e+00
562 5.661277684486e+00
563 6.283020205755e+00
564 6.260486289938e+00
565 0.000000000000e+00
566 1.656436292117e+00
567 9.476189561118e+00
568 4.112566031585e+00
569 0.000000000000e+00
570 0.000000000000e+00
571 1.234490989608e+01
572 1.063715199590e+01
573 9.085168540504e+00
574 3.723099221166e+00
575 3.860530920668e-01
576 2.048032698744e+00
577 9.767744823642e+00
578 6.232874334559e+00
579 1.686636272160e+01
580 0.000000000000e+00
581 8.441804907449e+00
582 9.803990622051e+00
583 7.672381900925e+00
584 0.000000000000e+00
585 0.000000000000e+00
586 0.000000000000e+00
587 0.000000000000e+00
588 1.527650242472e+01
589 0.000000000000e+00
590 7.336807762186e-01
591 9.981276553235e-01
592 9.872206441134e+00
593 2.553582357886e+01
594 7.223872079198e+00
595 2.740257919111e+00
596 0.000000000000e+00
597 1.053524951837e+01
598 6.632993457679e+00
599 0.000000000000e+00
600 0.000000000000e+00
601 0.000000000000e+00
602 1.233399518383e+01
603 2.594495763917e+00
604 0.000000000000e+00
605 5.251499907906e+00
606 0.000000000000e+00
607 0.000000000000e+00
608 0.000000000000e+00
609 0.000000000000e+00
610 1.351783305256e+01
611 0.000000000000e+00
612 0.000000000000e+00
613 0.000000000000e+00
614 0.000000000000e+00
615 0.000000000000e+00
616 0.000000000000e+00
617 0.000000000000e+00
618 6.491957428420e-01
619 0.000000000000e+00
620 8.190831206191e+00
621 0.000000000000e+00
622 8.244067056844e+00
623 2.482825023722e+00
624 0.000000000000e+00
625 1.335952873935e+01
626 0.000000000000e+00
627 0.000000000000e+00
628 0.000000000000e+00
629 0.000000000000e+00
630 0.000000000000e+00
631 0.000000000000e+00
632 0.000000000000e+00
633 0.000000000000e+00
634 0.000000000000e+00
635 0.000000000000e+00
636 0.000000000000e+00
637 0.000000000000e+00
638 0.000000000000e+00
639 0.000000000000e+00
640 0.000000000000e+00
641 0.000000000000e+00
642 0.000000000000e+00
643 0.000000000000e+00
644 0.000000000000e+00
645 0.000000000000e+00
646 0.000000000000e+00
647 0.000000000000e+00
648 0.000000000000e+00
649 2.393776253818e+00
650 5.132827965932e+00
651 0.000000000000e+00
652 0.000000000000e+00
653 0.000000000000e+00
654 8.552424012737e+00
655 1.240308980443e+01
656 4.137160452948e+00
657 0.000000000000e+00
658 0.000000000000e+00
659 0.000000000000e+00
660 1.743058037167e+01
661 5.625103539279e-01
662 3.872885066374e+00
663 1.984964326429e+01
664 1.539538100486e+01
665 0.000000000000e+00
666 8.326206231758e+00
667 1.170900092810e+01
668 2.822477851800e+00
669 0.000000000000e+00
670 0.000000000000e+00
671 0.000000000000e+00
672 1.274229594171e+01
673 0.000000000000e+00
674 4.017279936745e+00
675 0.000000000000e+00
676 6.081917045832e+00
677 9.702097198661e+00
678 0.000000000000e+00
679 1.937094620356e+00
680 0.000000000000e+00
681 6.224100442128e+00
682 0.000000000000e+00
683 0.000000000000e+00
684 0.000000000000e+00
685 0.000000000000e+00
686 0.000000000000e+00
687 9.271999637770e-01
688 0.000000000000e+00
689 0.000000000000e+00
690 0.000000000000e+00
691 5.350564927559e+00
692 0.000000000000e+00
693 5.286505838148e+00
694 0.000000000000e+00
695 0.000000000000e+00
696 0.000000000000e+00
697 8.590426782023e-01
698 1.310443892429e+01
699 1.832751829020e+00
700 2.938758281847e+00
701 3.722110722631e+00
702 1.077993727566e+01
703 1.973757861303e+00
704 0.000000000000e+00
705 7.980808524271e+00
706 1.293680416736e+01
707 1.077847019338e+01
708 1.082388359674e+01
709 9.721405959125e+00
710 1.985512495287e+00
711 8.187145424431e+00
712 6.608261443022e+00
713 0.000000000000e+00
714 1.187465136307e+01
715 9.724989650400e+00
716 0.000000000000e+00
717 0.000000000000e+00
718 0.000000000000e+00
719 5.601773139525e+00
720 0.000000000000e+00
721 0.000000000000e+00
722 0.000000000000e+00
723 1.511791024934e+01
724 2.127447936535e+01
725 0.000000000000e+00
726 2.661748902122e+00
727 3.579355516396e+00
728 2.055347475318e+00
729 4.139639411567e+00
730 0.000000000000e+00
731 0.000000000000e+00
732 0.000000000000e+00
733 0.000000000000e+00
734 0.000000000000e+00
735 0.000000000000e+00
736 0.000000000000e+00
737 0.000000000000e+00
738 0.000000000000e+00
739 0.000000000000e+00
740 0.000000000000e+00
741 0.000000000000e+00
742 0.000000000000e+00
743 5.935251040969e+00
744 0.000000000000e+00
745 0.000000000000e+00
746 0.000000000000e+00
747 0.000000000000e+00
748 0.000000000000e+00
749 0.000000000000e+00
750 0.000000000000e+00
751 0.000000000000e+00
752 0.000000000000e+00
753 0.000000000000e+00
754 0.000000000000e+00
755 0.000000000000e+00
756 0.000000000000e+00
757 0.000000000000e+00
758 0.000000000000e+00
759 8.948136781847e+00
760 0.000000000000e+00
761 0.000000000000e+00
762 0.000000000000e+00
763 0.000000000000e+00
764 0.000000000000e+00
765 0.000000000000e+00
766 0.000000000000e+00
767 0.000000000000e+00
768 0.000000000000e+00
769 0.000000000000e+00
770 0.000000000000e+00
771 5.549458556694e+00
772 0.000000000000e+00
773 0.000000000000e+00
774 0.000000000000e+00
775 0.000000000000e+00
776 1.202862021992e+00
777 0.000000000000e+00
778 5.731959730186e+00
779 0.000000000000e+00
780 2.905964333448e+00
781 6.352764520329e+00
782 0.000000000000e+00
783 0.000000000000e+00
784 0.000000000000e+00
785 0.000000000000e+00
786 0.000000000000e+00
787 1.339969094477e+00
788 1.739528785216e+01
789 0.000000000000e+00
790 0.000000000000e+00
791 7.152836005216e+00
792 9.527405371520e+00
793 0.000000000000e+00
794 0.000000000000e+00
795 0.000000000000e+00
796 0.000000000000e+00
797 1.402824171738e+01
798 0.000000000000e+00
799 0.000000000000e+00
800 4.604708315558e+00
801 4.255280105767e+00
802 0.000000000000e+00
803 1.006423653206e+01
804 2.933451720491e+00
805 8.204747808779e+00
806 1.005156856718e+01
807 1.476356423767e+00
808 9.536337602715e+00
809 0.000000000000e+00
810 1.251885027368e+01
811 7.043101462705e+00
812 1.272913412845e+01
813 0.000000000000e+00
814 0.000000000000e+00
815 0.000000000000e+00
816 7.084213892882e+00
817 0.000000000000e+00
818 0.000000000000e+00
819 2.728968221783e+00
820 0.000000000000e+00
821 5.265880612070e+00
822 0.000000000000e+00
823 3.310988969203e+00
824 8.363417402840e+00
825 3.883643622268e+00
826 7.263955823758e+00
827 0.000000000000e+00
828 0.000000000000e+00
829 0.000000000000e+00
830 2.005051418004e+00
831 0.000000000000e+00
832 0.000000000000e+00
833 9.185422745628e+00
834 0.000000000000e+00
835 1.715569417933e+00
836 1.209630540148e+01
837 1.058261308347e+00
838 1.696961348928e+01
839 0.000000000000e+00
840 6.773463964379e+00
841 7.231330440532e+00
842 0.000000000000e+00
843 2.080441085519e+00
844 0.000000000000e+00
845 0.000000000000e+00
846 0.000000000000e+00
847 8.668404283231e+00
848 0.000000000000e+00
849 0.000000000000e+00
850 3.994843972644e+00
851 0.000000000000e+00
852 7.793512339043e+00
853 0.000000000000e+00
854 6.878712870116e+00
855 1.317563132599e+01
856 0.000000000000e+00
857 0.000000000000e+00
858 5.811461279234e+00
859 0.000000000000e+00
860 0.000000000000e+00
861 1.916626834458e+01
862 1.362468366902e+00
863 0.000000000000e+00
864 4.367302005936e+00
865 1.136649537923e+01
866 3.695875371879e+00
867 2.206770433064e+01
868 2.269294014428e+01
869 7.144126933249e+00
870 7.835616862785e+00
871 0.000000000000e+00
872 6.489778754127e+00
873 0.000000000000e+00
874 0.000000000000e+00
875 0.000000000000e+00
876 6.156695880976e+00
877 8.105065395300e+00
878 0.000000000000e+00
879 0.000000000000e+00
880 1.163208249014e+01
881 8.717984200353e+00
882 3.081431593068e+00
883 0.000000000000e+00
884 3.288320652197e+00
885 1.598268099979e+01
886 0.000000000000e+00
887 2.872042457412e+00
888 9.097343608319e+00
889 1.610193687998e+01
890 1.952249653799e+01
891 8.469140852358e+00
892 3.207050826895e+00
893 8.464784647099e+00
894 0.000000000000e+00
895 3.257899072815e+00
896 9.989654020292e+00
897 2.414620991610e+00
898 4.155808021097e+00
899 0.000000000000e+00
900 1.715384772537e+01
901 0.000000000000e+00
902 4.368274558670e+00
903 9.120252453372e+00
904 0.000000000000e+00
905 0.000000000000e+00
906 0.000000000000e+00
907 1.926067092032e+01
908 0.000000000000e+00
909 1.080423518545e+00
910 0.000000000000e+00
911 1.040193090685e+01
912 1.377934194677e+01
913 7.077259039760e+00
914 3.387645352937e+00
915 0.000000000000e+00
916 1.164025150003e+01
917 0.000000000000e+00
918 0.000000000000e+00
919 0.000000000000e+00
920 0.000000000000e+00
921 5.497896106957e+00
922 0.000000000000e+00
923 0.000000000000e+00
924 7.550432603068e+00
925 0.000000000000e+00
926 0.000000000000e+00
927 0.000000000000e+00
928 1.207045214063e+00
929 8.163514364285e+00
930 0.000000000000e+00
931 0.000000000000e+00
932 0.000000000000e+00
933 0.000000000000e+00
934 0.000000000000e+00
935 0.000000000000e+00
936 0.000000000000e+00
937 0.000000000000e+00
938 0.000000000000e+00
939 0.000000000000e+00
940 0.000000000000e+00
941 0.000000000000e+00
942 0.000000000000e+00
943 0.000000000000e+00
944 0.000000000000e+00
945 2.593068374766e+00
946 0.000000000000e+00
947 0.000000000000e+00
948 0.000000000000e+00
949 2.611963464581e+00
950 8.973692399367e-01
951 0.000000000000e+00
952 0.000000000000e+00
953 7.835598784961e+00
954 6.830005783716e+00
955 0.000000000000e+00
956 7.803589499270e+00
957 1.329513904417e+01
958 7.610431208679e+00
959 9.338461202741e+00
960 3.447155442203e+00
961 3.179124498490e+00
962 1.543327431591e+01
963 0.000000000000e+00
964 6.571707140634e+00
965 1.025374778177e+01
966 6.191793034310e+00
967 9.219197792915e-01
968 3.287578864686e+00
969 6.390735906123e+00
970 0.000000000000e+00
971 0.000000000000e+00
972 1.385829117970e+00
973 1.335023788117e+01
974 2.756516245273e+01
975 6.583202214233e+00
976 3.489953749829e+00
977 2.389771079009e+00
978 5.141517794822e+00
979 1.011324896939e+01
980 0.000000000000e+00
981 0.000000000000e+00
982 0.000000000000e+00
983 8.901521615727e+00
984 7.761718690304e+00
985 0.000000000000e+00
986 0.000000000000e+00
987 2.146289807839e+00
988 8.133446422359e+00
989 0.000000000000e+00
990 2.281288329684e+00
991 1.226890850941e+01
992 4.659647630768e+00
993 2.001244261872e+01
994 0.000000000000e+00
995 8.466390217960e+00
996 8.941648822825e+00
997 8.404896832010e+00
998 2.893608637934e+00
999 1.165653288486e+01
1000 4.476517229209e+00
1001 7.701422490413e+00
1002 1.697953342110e+01
1003 0.000000000000e+00
1004 9.558180113610e+00
1005 7.420703792056e+00
1006 1.288437269110e+00
1007 0.000000000000e+00
1008 0.000000000000e+00
1009 1.633737590238e+01
1010 0.000000000000e+00
1011 0.000000000000e+00
1012 0.000000000000e+00
1013 0.000000000000e+00
1014 0.000000000000e+00
1015 4.976633342542e+00
1016 1.242676708954e+01
1017 0.000000000000e+00
1018 3.440125379091e+00
1019 0.000000000000e+00
1020 0.000000000000e+00
1021 0.000000000000e+00
1022 0.000000000000e+00
1023 0.000000000000e+00
1024 0.000000000000e+00
1025 0.000000000000e+00
1026 0.000000000000e+00
1027 0.000000000000e+00
1028 0.000000000000e+00
1029 6.410961040297e+00
1030 0.000000000000e+00
1031 0.000000000000e+00
1032 0.000000000000e+00
1033 3.982676092899e+00
1034 2.178331615147e+00
1035 1.718281707850e+01
1036 5.171978648179e+00
1037 6.003805794459e+00
1038 8.216712129932e+00
1039 1.113108616896e+01
1040 0.000000000000e+00
1041 5.978504819521e+00
1042 1.389645302234e+01
1043 0.000000000000e+00
1044 4.996505852287e+00
1045 0.000000000000e+00
1046 0.000000000000e+00
1047 0.000000000000e+00
1048 0.000000000000e+00
1049 0.000000000000e+00
1050 0.000000000000e+00
1051 0.000000000000e+00
1052 0.000000000000e+00
1053 0.000000000000e+00
1054 0.000000000000e+00
1055 0.000000000000e+00
1056 0.000000000000e+00
1057 0.000000000000e+00
1058 0.000000000000e+00
1059 0.000000000000e+00
1060 0.000000000000e+00
1061 0.000000000000e+00
1062 0.000000000000e+00
1063 0.000000000000e+00
1064 1.202455787860e+01
1065 0.000000000000e+00
1066 0.000000000000e+00
1067 0.000000000000e+00
1068 0.000000000000e+00
1069 0.000000000000e+00
1070 0.000000000000e+00
1071 0.000000000000e+00
1072 0.000000000000e+00
1073 0.000000000000e+00
1074 3.445100143613e+00
1075 1.172138067295e+01
1076 2.828396407428e+00
1077 1.346933109250e+01
1078 2.611347376428e+01
1079 9.989687820782e+00
1080 0.000000000000e+00
1081 0.000000000000e+00
1082 0.000000000000e+00
1083 0.000000000000e+00
1084 0.000000000000e+00
1085 0.000000000000e+00
1086 2.412513889637e+00
1087 5.822446409669e+00
1088 0.000000000000e+00
1089 0.000000000000e+00
1090 0.000000000000e+00
1091 2.018324307868e+00
1092 0.000000000000e+00
1093 0.000000000000e+00
1094 0.000000000000e+00
1095 0.000000000000e+00
1096 0.000000000000e+00
1097 0.000000000000e+00
1098 3.327888031512e+00
1099 2.330933318673e+00
1100 1.386401812457e+01
1101 0.000000000000e+00
1102 0.000000000000e+00
1103 7.767921674066e+00
1104 0.000000000000e+00
1105 0.000000000000e+00
1106 0.000000000000e+00
1107 0.000000000000e+00
1108 0.000000000000e+00
1109 0.000000000000e+00
1110 0.000000000000e+00
1111 0.000000000000e+00
1112 0.000000000000e+00
1113 5.679943183189e+00
1114 0.000000000000e+00
1115 0.000000000000e+00
1116 0.000000000000e+00
1117 0.000000000000e+00
1118 0.000000000000e+00
1119 0.000000000000e+00
1120 0.000000000000e+00
1121 0.000000000000e+00
1122 0.000000000000e+00
1123 5.672850501249e+00
1124 0.000000000000e+00
1125 0.000000000000e+00
1126 0.000000000000e+00
1127 0.000000000000e+00
1128 0.000000000000e+00
1129 0.000000000000e+00
1130 0.000000000000e+00
1131 0.000000000000e+00
1132 0.000000000000e+00
1133 0.000000000000e+00
1134 0.000000000000e+00
1135 0.000000000000e+00
1136 0.000000000000e+00
1137 0.000000000000e+00
1138 0.000000000000e+00
1139 0.000000000000e+00
1140 0.000000000000e+00
1141 0.000000000000e+00
1142 0.000000000000e+00
1143 0.000000000000e+00
1144 0.000000000000e+00
1145 0.000000000000e+00
1146 0.000000000000e+00
1147 0.000000000000e+00
1148 0.000000000000e+00
1149 0.000000000000e+00
1150 1.054524767058e+00
1151 1.553616884572e+01
1152 9.434902368116e-01
1153 3.339811587298e+00
1154 4.730203084043e+00
1155 0.000000000000e+00
1156 1.025159795259e+01
1157 1.166504974808e+00
1158 1.320234264271e+01
1159 1.356883087654e+01
1160 0.000000000000e+00
1161 0.000000000000e+00
1162 0.000000000000e+00
1163 0.000000000000e+00
1164 0.000000000000e+00
1165 5.441452060768e+00
1166 0.000000000000e+00
1167 0.000000000000e+00
1168 1.483472415166e+00
1169 0.000000000000e+00
1170 0.000000000000e+00
1171 0.000000000000e+00
1172 0.000000000000e+00
1173 0.000000000000e+00
1174 4.456362425022e+00
1175 0.000000000000e+00
1176 0.000000000000e+00
1177 0.000000000000e+00
1178 0.000000000000e+00
1179 4.948624569260e+00
1180 0.000000000000e+00
1181 0.000000000000e+00
1182 0.000000000000e+00
1183 5.240935229983e+00
1184 0.000000000000e+00
1185 0.000000000000e+00
1186 7.755005492165e+00
1187 8.900553532587e-01
1188 1.629085871034e+01
1189 5.398528169312e+00
1190 7.580083385717e+00
1191 7.712321707517e+00
1192 1.065007805707e+01
1193 0.000000000000e+00
1194 8.534102024770e+00
1195 8.261470905034e+00
1196 5.291862518599e+00
1197 3.072552370681e+00
1198 0.000000000000e+00
1199 8.548081579211e-01
1200 1.272740899652e+01
1201 2.877029149878e+00
1202 1.802367427802e+01
1203 0.000000000000e+00
1204 0.000000000000e+00
1205 5.207120197349e+00
1206 6.710860386261e+00
1207 2.302384973561e+00
1208 6.654932025816e+00
1209 3.703366288313e+00
1210 0.000000000000e+00
1211 0.000000000000e+00
1212 0.000000000000e+00
1213 8.286441523160e+00
1214 8.666479549037e+00
1215 3.781590197264e+00
1216 0.000000000000e+00
1217 0.000000000000e+00
1218 1.347478722143e+01
1219 2.421496135928e+00
1220 2.700249818571e+00
1221 4.525576874164e+00
1222 5.062735339906e+00
1223 4.586742799714e+00
1224 1.105133739083e+01
1225 5.796709987363e+00
1226 1.091474653738e+01
1227 4.664847909987e+00
1228 1.067866382845e+00
1229 1.202924122325e+01
1230 0.000000000000e+00
1231 9.450940291397e+00
1232 8.254825359592e+00
1233 9.520963350655e+00
1234 8.399257824752e+00
1235 3.749961403564e+00
1236 0.000000000000e+00
1237 0.000000000000e+00
1238 1.769939649566e+01
1239 0.000000000000e+00
1240 0.000000000000e+00
1241 0.000000000000e+00
1242 0.000000000000e+00
1243 0.000000000000e+00
1244 2.405916595182e+01
1245 1.253321365636e+01
1246 6.130262133747e+00
1247 0.000000000000e+00
1248 0.000000000000e+00
1249 0.000000000000e+00
1250 0.000000000000e+00
1251 0.000000000000e+00
1252 0.000000000000e+00
1253 5.510105549723e+00
1254 0.000000000000e+00
1255 0.000000000000e+00
1256 0.000000000000e+00
1257 0.000000000000e+00
1258 1.092891307158e+01
1259 0.000000000000e+00
1260 0.000000000000e+00
1261 4.171260105686e+00
1262 5.349385755981e+00
1263 1.493363024513e+00
1264 0.000000000000e+00
1265 8.540979120892e+00
1266 0.000000000000e+00
1267 1.163816602257e+01
1268 1.114642479571e+01
1269 0.000000000000e+00
1270 7.020927014148e+00
1271 0.000000000000e+00
1272 0.000000000000e+00
1273 3.375989003927e+00
1274 0.000000000000e+00
1275 0.000000000000e+00
1276 0.000000000000e+00
1277 3.105202616216e+00
1278 1.663789546339e+01
1279 0.000000000000e+00
1280 1.244111087460e+00
1281 8.320144894745e+00
1282 0.000000000000e+00
1283 0.000000000000e+00
1284 0.000000000000e+00
1285 0.000000000000e+00
1286 0.000000000000e+00
1287 0.000000000000e+00
1288 0.000000000000e+00
1289 2.620831976919e+00
1290 7.571993015291e+00
1291 1.207329822756e+01
1292 0.000000000000e+00
1293 0.000000000000e+00
1294 0.000000000000e+00
1295 0.000000000000e+00
1296 0.000000000000e+00
1297 0.000000000000e+00
1298 0.000000000000e+00
1299 0.000000000000e+00
1300 0.000000000000e+00
1301 0.000000000000e+00
1302 0.000000000000e+00
1303 0.000000000000e+00
1304 0.000000000000e+00
1305 0.000000000000e+00
1306 1.060323036149e+01
1307 0.000000000000e+00
1308 0.000000000000e+00
1309 0.000000000000e+00
1310 0.000000000000e+00
1311 0.000000000000e+00
1312 0.000000000000e+00
1313 0.000000000000e+00
1314 0.000000000000e+00
1315 0.000000000000e+00
1316 0.000000000000e+00
1317 0.000000000000e+00
1318 0.000000000000e+00
1319 0.000000000000e+00
1320 0.000000000000e+00
1321 0.000000000000e+00
1322 0.000000000000e+00
1323 0.000000000000e+00
1324 0.000000000000e+00
1325 0.000000000000e+00
1326 0.000000000000e+00
1327 0.000000000000e+00
1328 0.000000000000e+00
1329 0.000000000000e+00
1330 0.000000000000e+00
1331 0.000000000000e+00
1332 0.000000000000e+00
1333 0.000000000000e+00
1334 0.000000000000e+00
1335 0.000000000000e+00
1336 0.000000000000e+00
1337 0.000000000000e+00
1338 0.000000000000e+00
1339 0.000000000000e+00
1340 0.000000000000e+00
1341 0.000000000000e+00
1342 0.000000000000e+00
1343 0.000000000000e+00
1344 0.000000000000e+00
1345 0.000000000000e+00
1346 0.000000000000e+00
1347 0.000000000000e+00
1348 0.000000000000e+00
1349 0.000000000000e+00
1350 0.000000000000e+00
1351 0.000000000000e+00
1352 0.000000000000e+00
1353 0.000000000000e+00
1354 0.000000000000e+00
1355 0.000000000000e+00
1356 0.000000000000e+00
1357 0.000000000000e+00
1358 0.000000000000e+00
1359 0.000000000000e+00
1360 0.000000000000e+00
1361 3.395791598602e+00
1362 0.000000000000e+00
1363 0.000000000000e+00
1364 0.000000000000e+00
1365 1.434411422383e+00
1366 0.000000000000e+00
1367 2.373598355952e-01
1368 0.000000000000e+00
1369 5.969649398946e+00
1370 0.000000000000e+00
1371 0.000000000000e+00
1372 1.101624419192e+01
1373 0.000000000000e+00
1374 4.876114615008e+00
1375 0.000000000000e+00
1376 0.000000000000e+00
1377 0.000000000000e+00
1378 0.000000000000e+00
1379 0.000000000000e+00
1380 0.000000000000e+00
1381 3.856035798846e+00
1382 0.000000000000e+00
1383 0.000000000000e+00
1384 0.000000000000e+00
1385 0.000000000000e+00
1386 0.000000000000e+00
1387 0.000000000000e+00
1388 0.000000000000e+00
1389 0.000000000000e+00
1390 3.274039644714e+00
1391 7.236856052832e-01
1392 1.538813248065e+00
1393 1.222801704392e+01
1394 5.387761085048e+00
1395 4.311898697851e+00
1396 0.000000000000e+00
1397 9.430294738490e+00
1398 7.044911876904e+00
1399 1.019164115827e+01
1400 0.000000000000e+00
1401 0.000000000000e+00
1402 0.000000000000e+00
1403 7.008940114345e-01
1404 1.270999145284e+01
1405 2.038940700303e+00
1406 3.027012239913e+00
1407 0.000000000000e+00
1408 1.207810738770e+01
1409 0.000000000000e+00
1410 6.968823103196e+00
1411 1.254741211225e+01
1412 9.299078036982e+00
1413 0.000000000000e+00
1414 0.000000000000e+00
1415 1.255065177134e+00
1416 8.994732207148e+00
1417 2.302465619568e+00
1418 0.000000000000e+00
1419 1.106849987847e+00
1420 0.000000000000e+00
1421 9.413736624475e+00
1422 0.000000000000e+00
1423 0.000000000000e+00
1424 2.770027875705e+00
1425 0.000000000000e+00
1426 7.087764991004e+00
1427 8.616019874222e+00
1428 0.000000000000e+00
1429 0.000000000000e+00
1430 0.000000000000e+00
1431 0.000000000000e+00
1432 1.080679359553e+01
1433 9.757487559380e+00
1434 0.000000000000e+00
1435 0.000000000000e+00
1436 8.942910040627e+00
1437 0.000000000000e+00
1438 0.000000000000e+00
1439 0.000000000000e+00
1440 0.000000000000e+00
1441 0.000000000000e+00
1442 0.000000000000e+00
1443 6.852742141558e-01
1444 4.646015095650e+00
1445 8.286186186848e+00
1446 1.225518521562e+01
1447 2.448212763886e+00
1448 0.000000000000e+00
1449 4.949770783006e+00
1450 4.845210286177e+00
1451 0.000000000000e+00
1452 2.452718986420e+00
1453 0.000000000000e+00
1454 0.000000000000e+00
1455 0.000000000000e+00
1456 0.000000000000e+00
1457 0.000000000000e+00
1458 0.000000000000e+00
1459 0.000000000000e+00
1460 0.000000000000e+00
1461 0.000000000000e+00
1462 0.000000000000e+00
1463 0.000000000000e+00
1464 0.000000000000e+00
1465 0.000000000000e+00
1466 0.000000000000e+00
1467 0.000000000000e+00
1468 0.000000000000e+00
1469 0.000000000000e+00
1470 0.000000000000e+00
1471 0.000000000000e+00
1472 0.000000000000e+00
1473 0.000000000000e+00
1474 0.000000000000e+00
1475 0.000000000000e+00
1476 0.000000000000e+00
1477 0.000000000000e+00
1478 0.000000000000e+00
1479 0.000000000000e+00
1480 0.000000000000e+00
1481 0.000000000000e+00
1482 0.000000000000e+00
1483 0.000000000000e+00
1484 3.968371340462e+00
1485 0.000000000000e+00
1486 1.079581147615e+01
1487 0.000000000000e+00
1488 0.000000000000e+00
1489 1.113460516990e+01
1490 0.000000000000e+00
1491 0.000000000000e+00
1492 0.000000000000e+00
1493 0.000000000000e+00
1494 0.000000000000e+00
1495 0.000000000000e+00
1496 0.000000000000e+00
1497 0.000000000000e+00
1498 0.000000000000e+00
1499 0.000000000000e+00
1500 0.000000000000e+00
1501 0.000000000000e+00
1502 0.000000000000e+00
1503 7.914160391949e+00
1504 2.554445539146e+01
1505 0.000000000000e+00
1506 0.000000000000e+00
1507 3.158762280002e+00
1508 0.000000000000e+00
1509 5.644458428905e+00
1510 0.000000000000e+00
1511 0.000000000000e+00
1512 0.000000000000e+00
1513 0.000000000000e+00
1514 0.000000000000e+00
1515 0.000000000000e+00
1516 0.000000000000e+00
1517 0.000000000000e+00
1518 0.000000000000e+00
1519 0.000000000000e+00
1520 0.000000000000e+00
1521 0.000000000000e+00
1522 0.000000000000e+00
1523 0.000000000000e+00
1524 0.000000000000e+00
1525 5.974570292308e+00
1526 0.000000000000e+00
1527 0.000000000000e+00
1528 0.000000000000e+00
1529 0.000000000000e+00
1530 0.000000000000e+00
1531 0.000000000000e+00
1532 5.235061128627e+00
1533 0.000000000000e+00
1534 0.000000000000e+00
1535 1.105661312823e+01
1536 8.584217537220e-01
1537 1.677639827707e+01
1538 8.620557723999e-01
1539 0.000000000000e+00
1540 1.057522967129e+01
1541 0.000000000000e+00
1542 0.000000000000e+00
1543 6.348093886017e+00
1544 9.718901105061e+00
1545 3.502280602610e+00
1546 0.000000000000e+00
1547 0.000000000000e+00
1548 3.913824958192e+00
1549 0.000000000000e+00
1550 8.961924754420e-01
1551 0.000000000000e+00
1552 0.000000000000e+00
1553 1.244771281975e+01
1554 0.000000000000e+00
1555 6.844862694266e+00
1556 1.022238520868e+01
1557 7.282305012305e+00
1558 0.000000000000e+00
1559 0.000000000000e+00
1560 0.000000000000e+00
1561 9.590767304254e+00
1562 8.783188200578e-01
1563 2.186942137101e+00
1564 0.000000000000e+00
1565 0.000000000000e+00
1566 8.044254185209e+00
1567 6.780810538690e+00
1568 2.965196190144e+00
1569 0.000000000000e+00
1570 8.840254992328e+00
1571 1.378460260504e+01
1572 1.392706860070e+01
1573 1.131429238412e+01
1574 0.000000000000e+00
1575 0.000000000000e+00
1576 0.000000000000e+00
1577 2.046003925912e+00
1578 3.374974597523e+00
1579 8.576668038414e-01
1580 2.616711407314e+00
1581 0.000000000000e+00
1582 4.270473542727e+00
1583 0.000000000000e+00
1584 5.152484549391e+00
1585 3.531919363551e+00
1586 1.054570798785e+01
1587 0.000000000000e+00
1588 0.000000000000e+00
1589 4.918525877204e+00
1590 0.000000000000e+00
1591 5.006552763031e+00
1592 0.000000000000e+00
1593 6.922672457213e+00
1594 7.686000224811e+00
1595 0.000000000000e+00
1596 1.274665810755e+00
1597 0.000000000000e+00
1598 0.000000000000e+00
1599 7.343063404873e+00
1600 0.000000000000e+00
1601 9.681555838223e-01
1602 5.753111526779e+00
1603 1.057247038747e+01
1604 5.675697833201e+00
1605 2.289776346524e+00
1606 0.000000000000e+00
1607 1.133297517705e+01
1608 0.000000000000e+00
1609 0.000000000000e+00
1610 1.946680672313e+01
1611 2.077243293132e+01
1612 0.000000000000e+00
1613 0.000000000000e+00
1614 0.000000000000e+00
1615 0.000000000000e+00
1616 3.968106954209e+00
1617 1.015488592578e+00
1618 1.512577022911e+01
1619 4.692645957042e+00
1620 4.794678572532e+00
1621 1.217979668437e+01
1622 8.168109939456e+00
1623 0.000000000000e+00
1624 9.437406035130e+00
1625 8.332322299311e+00
1626 0.000000000000e+00
1627 3.875796539100e+00
1628 0.000000000000e+00
1629 0.000000000000e+00
1630 1.757907099873e+01
1631 0.000000000000e+00
1632 0.000000000000e+00
1633 0.000000000000e+00
1634 0.000000000000e+00
1635 0.000000000000e+00
1636 2.815451330090e+00
1637 0.000000000000e+00
1638 2.823864582578e+00
1639 0.000000000000e+00
1640 0.000000000000e+00
1641 4.291959227090e+00
1642 0.000000000000e+00
1643 2.576414059203e+00
1644 0.000000000000e+00
1645 0.000000000000e+00
1646 9.043374326784e+00
1647 0.000000000000e+00
1648 0.000000000000e+00
1649 0.000000000000e+00
1650 0.000000000000e+00
1651 0.000000000000e+00
1652 1.935595270067e+01
1653 3.435569353208e+00
1654 6.020580523172e+00
1655 1.333341630446e+01
1656 3.722408739822e+00
1657 0.000000000000e+00
1658 0.000000000000e+00
1659 6.051873529145e+00
1660 5.892913863317e+00
1661 4.579924006888e+00
1662 0.000000000000e+00
1663 0.000000000000e+00
1664 1.259812981541e+01
1665 6.991030022086e-01
1666 0.000000000000e+00
1667 1.692898936815e+00
1668 3.546147132340e+00
1669 2.767928684211e+01
1670 0.000000000000e+00
1671 0.000000000000e+00
1672 0.000000000000e+00
1673 8.696769297793e+00
1674 0.000000000000e+00
1675 0.000000000000e+00
1676 0.000000000000e+00
1677 0.000000000000e+00
1678 1.025770185577e+01
1679 4.281494770264e+00
1680 0.000000000000e+00
1681 1.123051736808e+01
1682 2.629367721827e+00
1683 0.000000000000e+00
1684 0.000000000000e+00
1685 3.886424296787e+00
1686 8.762822756420e+00
1687 0.000000000000e+00
1688 0.000000000000e+00
1689 1.025354847069e+00
1690 0.000000000000e+00
1691 5.067315211595e+00
1692 5.191452342319e+00
1693 7.805008303434e+00
1694 6.888699059147e+00
1695 0.000000000000e+00
1696 0.000000000000e+00
1697 0.000000000000e+00
1698 0.000000000000e+00
1699 0.000000000000e+00
1700 0.000000000000e+00
1701 4.497101968177e+00
1702 0.000000000000e+00
1703 2.895488217093e-01
1704 5.011175697802e+00
1705 0.000000000000e+00
1706 0.000000000000e+00
1707 2.976092942983e+00
1708 7.815474628892e+00
1709 3.212171323105e+00
1710 1.000328918526e+01
1711 4.906456289839e+00
1712 0.000000000000e+00
1713 1.976804444249e+01
1714 6.809487316624e+00
1715 0.000000000000e+00
1716 0.000000000000e+00
1717 0.000000000000e+00
1718 0.000000000000e+00
1719 0.000000000000e+00
1720 0.000000000000e+00
1721 4.171595843905e+00
1722 3.569842235149e+00
1723 0.000000000000e+00
1724 0.000000000000e+00
1725 6.981319539426e+00
1726 0.000000000000e+00
