16.729000 55.593000 26.643000 1.824000
15.761000 54.553000 27.080000 1.908000
16.447000 53.204000 27.291000 1.908000
17.618000 52.983000 26.968000 1.661200
14.638000 54.413000 26.062000 1.908000
16.598000 56.413000 27.198000 0.600000
17.657000 55.245000 26.764000 0.600000
16.567000 55.804000 25.681000 0.600000
15.353000 54.851000 27.950000 1.100000
13.765000 54.637000 26.494000 1.487000
14.800000 55.037000 25.298000 1.487000
14.609000 53.473000 25.723000 1.487000
15.692000 52.265000 27.868000 1.824000
16.230000 50.921000 28.089000 1.908000
16.465000 50.297000 26.697000 1.908000
15.802000 50.618000 25.723000 1.661200
15.306000 50.059000 28.936000 1.908000
15.737000 48.624000 29.174000 1.908000
14.559000 47.663000 29.204000 1.908000
16.353000 48.345000 28.439000 1.487000
17.111000 51.006000 28.530000 1.387000
16.212000 48.570000 30.051000 1.487000
14.744000 52.558000 28.130000 0.600000
14.390000 50.038000 28.497000 1.487000
15.191000 50.502000 29.842000 1.487000
15.142000 46.819000 27.480000 0.600000
13.718000 47.648000 30.095000 1.661200
14.430000 46.784000 28.222000 1.824000
13.676000 46.116000 28.198000 0.600000
17.479000 49.461000 26.639000 1.824000
17.834000 48.750000 25.419000 1.908000
16.711000 47.829000 24.935000 1.908000
16.151000 47.069000 25.706000 1.661200
19.134000 47.959000 25.648000 1.908000
19.435000 46.951000 24.581000 1.908000
20.261000 48.971000 25.834000 1.908000
18.005000 49.433000 24.693000 1.387000
20.428000 46.840000 24.481000 1.487000
20.791000 49.030000 24.989000 1.487000
19.027000 47.454000 26.519000 1.487000
19.033000 46.063000 24.821000 1.487000
19.053000 47.252000 23.703000 1.487000
18.007000 49.349000 27.535000 0.600000
19.868000 49.864000 26.050000 1.487000
20.851000 48.671000 26.583000 1.487000
16.430000 47.921000 23.638000 1.824000
15.508000 46.975000 23.012000 1.908000
16.320000 46.168000 22.003000 1.908000
16.737000 46.735000 21.000000 1.661200
14.317000 47.656000 22.301000 1.908000
13.490000 48.441000 23.331000 1.908000
13.527000 46.584000 21.578000 1.908000
12.933000 49.743000 22.821000 1.908000
15.230000 46.344000 23.722000 1.387000
12.766000 47.011000 21.091000 1.487000
14.126000 46.118000 20.928000 1.487000
14.681000 48.300000 21.645000 1.487000
12.736000 47.856000 23.635000 1.487000
14.079000 48.626000 24.121000 1.487000
12.333000 49.568000 22.040000 1.487000
16.900000 48.686000 23.135000 0.600000
12.410000 50.191000 23.547000 1.487000
13.177000 45.929000 22.246000 1.487000
13.683000 50.340000 22.536000 1.487000
16.538000 44.872000 22.240000 1.824000
17.396000 44.153000 21.280000 1.908000
16.989000 42.714000 21.057000 1.908000
17.841000 41.876000 20.757000 1.661200
18.869000 44.255000 21.710000 1.908000
19.140000 43.356000 22.911000 1.908000
17.302000 44.637000 20.391000 1.387000
16.108000 44.470000 23.050000 0.600000
19.056000 45.189000 21.965000 1.487000
19.435000 43.959000 20.959000 1.487000
18.215000 43.087000 23.678000 1.661200
20.366000 42.899000 23.044000 1.824000
20.605000 42.300000 23.809000 0.600000
21.075000 43.150000 22.376000 0.600000
15.694000 42.439000 21.209000 1.824000
15.139000 41.091000 21.020000 1.908000
14.343000 41.086000 19.734000 1.908000
14.054000 42.124000 19.199000 1.661200
14.169000 40.737000 22.185000 1.908000
13.349000 41.859000 22.376000 1.721000
14.895000 40.352000 23.495000 1.908000
15.897000 40.451000 20.934000 1.387000
14.575000 40.944000 24.233000 1.487000
14.692000 39.399000 23.714000 1.487000
15.106000 43.260000 21.473000 0.600000
13.603000 39.952000 21.893000 1.387000
15.879000 40.468000 23.371000 1.487000
13.838000 42.712000 22.143000 1.100000
14.159000 39.936000 19.088000 1.824000
13.493000 39.838000 17.801000 1.908000
12.143000 40.551000 17.786000 1.908000
11.894000 41.476000 16.968000 1.661200
13.343000 38.338000 17.440000 1.908000
14.625000 37.727000 16.911000 1.908000
15.224000 38.178000 15.753000 1.908000
15.228000 36.674000 17.610000 1.908000
16.404000 37.634000 15.279000 1.908000
16.393000 36.132000 17.157000 1.908000
16.972000 36.600000 15.998000 1.908000
17.831000 36.182000 15.662000 1.459000
14.078000 40.314000 17.126000 1.387000
16.823000 37.980000 14.447000 1.459000
16.839000 35.375000 17.677000 1.459000
14.542000 39.099000 19.597000 0.600000
14.791000 36.332000 18.440000 1.459000
14.795000 38.926000 15.234000 1.459000
12.660000 38.269000 16.739000 1.487000
13.092000 37.859000 18.259000 1.487000
11.294000 40.229000 18.825000 1.824000
9.997000 40.881000 18.806000 1.908000
10.085000 42.377000 19.021000 1.908000
9.337000 43.139000 18.389000 1.661200
8.980000 40.279000 19.809000 1.908000
8.471000 39.006000 19.086000 1.908000
7.748000 39.061000 18.107000 1.661200
8.995000 37.992000 19.582000 1.661200
11.642000 39.583000 19.492000 0.600000
9.602000 40.735000 17.881000 1.387000
8.254000 40.886000 19.903000 1.487000
9.451000 40.016000 20.593000 1.487000
10.939000 42.727000 19.970000 1.824000
11.038000 44.109000 20.429000 1.908000
11.466000 44.953000 19.243000 1.908000
10.808000 45.892000 18.862000 1.661200
11.517000 41.955000 20.350000 0.600000
10.153000 44.417000 20.757000 1.387000
11.718000 44.174000 21.150000 1.387000
12.574000 44.572000 18.584000 1.824000
12.995000 45.353000 17.416000 1.908000
11.980000 45.250000 16.284000 1.908000
11.698000 46.273000 15.653000 1.661200
14.382000 44.824000 16.999000 1.908000
14.822000 45.608000 15.789000 1.908000
15.404000 45.015000 18.139000 1.908000
13.055000 46.320000 17.695000 1.387000
14.421000 45.211000 14.961000 1.487000
15.936000 45.837000 17.957000 1.487000
14.270000 43.886000 16.720000 1.487000
14.522000 46.561000 15.872000 1.487000
15.821000 45.585000 15.712000 1.487000
13.053000 43.757000 18.945000 0.600000
14.910000 45.108000 18.999000 1.487000
16.001000 44.218000 18.170000 1.487000
11.435000 44.041000 16.053000 1.824000
10.480000 43.859000 14.963000 1.908000
9.326000 44.832000 15.137000 1.908000
9.078000 45.622000 14.235000 1.661200
9.944000 42.431000 14.841000 1.908000
11.742000 43.296000 16.688000 0.600000
10.939000 44.055000 14.095000 1.387000
8.946000 42.453000 14.825000 1.487000
10.284000 42.022000 13.996000 1.487000
10.255000 41.894000 15.623000 1.487000
8.697000 44.833000 16.338000 1.824000
7.587000 45.738000 16.579000 1.908000
7.986000 47.207000 16.476000 1.908000
7.203000 48.025000 15.971000 1.661200
7.029000 45.543000 17.978000 1.908000
6.368000 44.229000 18.304000 1.908000
5.781000 43.490000 17.479000 1.661200
6.454000 43.952000 19.536000 1.661200
9.069000 44.163000 17.019000 0.600000
6.898000 45.570000 15.854000 1.387000
6.357000 46.290000 18.148000 1.487000
7.794000 45.688000 18.637000 1.487000
9.169000 47.569000 16.989000 1.824000
9.640000 48.947000 16.912000 1.908000
9.823000 49.378000 15.460000 1.908000
9.462000 50.510000 15.087000 1.661200
11.004000 49.059000 17.638000 1.908000
11.351000 50.468000 18.040000 1.908000
11.920000 51.385000 17.172000 1.908000
11.036000 50.877000 19.346000 1.908000
12.198000 52.671000 17.602000 1.908000
11.331000 52.154000 19.776000 1.908000
11.905000 53.043000 18.895000 1.908000
12.185000 54.311000 19.336000 1.721000
8.945000 49.544000 17.330000 1.387000
12.613000 53.333000 16.968000 1.459000
11.131000 52.431000 20.715000 1.459000
9.702000 46.801000 17.432000 0.600000
10.594000 50.231000 19.961000 1.459000
12.132000 51.121000 16.234000 1.459000
11.704000 48.722000 17.019000 1.487000
10.959000 48.495000 18.454000 1.487000
13.155000 54.503000 19.194000 1.100000
10.397000 48.500000 14.614000 1.824000
10.558000 48.849000 13.197000 1.908000
9.221000 49.050000 12.462000 1.908000
8.977000 50.022000 11.734000 1.661200
11.343000 47.780000 12.420000 1.908000
12.803000 47.624000 12.811000 1.908000
13.400000 46.262000 12.452000 1.908000
13.530000 48.786000 12.102000 1.908000
13.150000 49.650000 12.422000 1.487000
14.502000 48.741000 12.319000 1.487000
13.397000 48.699000 11.118000 1.487000
10.693000 47.616000 15.031000 0.600000
13.341000 46.125000 11.464000 1.487000
14.357000 46.235000 12.738000 1.487000
12.889000 45.543000 12.921000 1.487000
11.081000 49.715000 13.139000 1.387000
12.895000 47.766000 13.811000 1.487000
11.310000 48.024000 11.458000 1.487000
10.893000 46.907000 12.574000 1.487000
8.280000 48.146000 12.695000 1.824000
6.975000 48.351000 12.022000 1.908000
6.249000 49.634000 12.430000 1.908000
5.681000 50.370000 11.637000 1.661200
6.077000 47.205000 12.401000 1.908000
6.313000 45.880000 11.692000 1.908000
5.018000 45.116000 11.803000 1.908000
6.505000 46.053000 10.753000 1.487000
7.157000 48.400000 11.022000 1.387000
7.016000 45.393000 12.157000 1.487000
8.499000 47.384000 13.305000 0.600000
5.109000 47.472000 12.231000 1.487000
6.162000 47.033000 13.400000 1.487000
5.945000 43.369000 11.544000 0.600000
3.951000 45.716000 11.971000 1.661200
5.024000 43.815000 11.709000 1.824000
4.186000 43.257000 11.789000 0.600000
6.177000 49.837000 13.750000 1.824000
5.442000 50.935000 14.333000 1.908000
6.007000 52.319000 14.074000 1.908000
5.252000 53.256000 13.745000 1.661200
5.396000 50.674000 15.852000 1.908000
4.972000 49.307000 16.018000 1.721000
4.526000 51.653000 16.598000 1.908000
4.481000 50.912000 13.964000 1.387000
4.033000 52.244000 15.950000 1.487000
3.854000 51.161000 17.162000 1.487000
6.702000 49.128000 14.315000 0.600000
6.326000 50.764000 16.228000 1.387000
5.089000 52.231000 17.198000 1.487000
5.768000 48.694000 16.006000 1.100000
7.303000 52.474000 14.286000 1.824000
7.960000 53.777000 14.189000 1.908000
8.843000 53.923000 12.951000 1.908000
9.444000 54.978000 12.745000 1.661200
8.811000 53.957000 15.452000 1.908000
7.983000 53.748000 16.704000 1.908000
6.948000 54.633000 16.966000 1.908000
8.221000 52.681000 17.562000 1.908000
6.171000 54.461000 18.115000 1.908000
7.417000 52.509000 18.681000 1.908000
6.403000 53.393000 18.961000 1.908000
5.634000 53.241000 20.098000 1.721000
7.238000 54.491000 14.144000 1.387000
5.440000 55.120000 18.321000 1.459000
7.583000 51.724000 19.293000 1.459000
7.815000 51.598000 14.526000 0.600000
8.957000 52.048000 17.377000 1.459000
6.755000 55.383000 16.350000 1.459000
9.162000 54.877000 15.462000 1.487000
9.532000 53.287000 15.440000 1.487000
6.176000 52.781000 20.798000 1.100000
8.981000 52.854000 12.179000 1.824000
9.791000 52.854000 10.971000 1.908000
11.208000 53.349000 11.207000 1.908000
11.684000 54.137000 10.437000 1.661200
9.159000 53.668000 9.837000 1.908000
7.908000 53.014000 9.317000 1.908000
7.642000 51.669000 9.533000 1.824000
6.892000 53.493000 8.572000 1.908000
6.500000 51.363000 8.948000 1.908000
6.047000 52.446000 8.350000 1.824000
8.224000 51.046000 10.046000 0.600000
6.781000 54.427000 8.247000 1.409000
8.457000 52.011000 12.514000 0.600000
6.059000 50.472000 8.956000 1.359000
9.843000 51.902000 10.621000 1.387000
9.809000 53.743000 9.086000 1.487000
8.922000 54.574000 10.176000 1.487000
11.853000 52.839000 12.247000 1.824000
13.242000 53.152000 12.540000 1.908000
13.689000 52.098000 13.557000 1.908000
12.811000 51.517000 14.197000 1.661200
13.419000 54.588000 13.028000 1.908000
12.711000 54.873000 14.347000 1.908000
13.100000 56.257000 14.868000 1.908000
12.092000 56.707000 15.945000 1.908000
12.191000 58.207000 16.005000 1.824000
13.783000 53.051000 11.722000 1.387000
11.193000 56.450000 15.665000 1.100000
12.356000 56.328000 16.805000 1.100000
11.728000 54.850000 14.202000 1.487000
12.980000 54.191000 15.017000 1.487000
12.289000 58.487000 16.957000 0.600000
12.986000 58.500000 15.480000 0.600000
11.362000 58.602000 15.617000 0.600000
13.069000 56.903000 14.127000 1.487000
13.992000 56.208000 15.281000 1.487000
11.277000 52.194000 12.837000 0.600000
13.049000 55.202000 12.336000 1.487000
14.392000 54.759000 13.153000 1.487000
14.974000 51.871000 13.745000 1.824000
15.451000 50.963000 14.766000 1.908000
15.378000 51.723000 16.106000 1.908000
15.295000 52.946000 16.082000 1.661200
16.925000 50.582000 14.593000 1.908000
17.282000 49.551000 13.517000 1.908000
18.761000 49.710000 13.140000 1.908000
16.937000 48.141000 13.984000 1.908000
15.957000 48.083000 14.174000 1.487000
17.177000 47.485000 13.269000 1.487000
17.450000 47.930000 14.816000 1.487000
15.608000 52.396000 13.102000 0.600000
19.324000 49.561000 13.951000 1.487000
18.995000 49.039000 12.439000 1.487000
18.913000 50.632000 12.788000 1.487000
14.844000 50.183000 14.824000 1.387000
16.721000 49.709000 12.714000 1.487000
17.251000 50.220000 15.470000 1.487000
17.433000 51.421000 14.378000 1.487000
15.261000 50.998000 17.204000 1.824000
15.330000 51.576000 18.543000 1.908000
16.637000 52.328000 18.722000 1.908000
17.628000 52.078000 18.010000 1.661200
15.258000 50.333000 19.451000 1.908000
14.557000 49.318000 18.600000 1.908000
15.229000 49.519000 17.253000 1.908000
14.717000 48.403000 18.939000 1.487000
14.544000 52.177000 18.715000 1.387000
14.680000 49.156000 16.520000 1.387000
16.141000 49.149000 17.248000 1.387000
13.589000 49.515000 18.542000 1.487000
14.736000 50.532000 20.276000 1.487000
16.175000 50.025000 19.695000 1.487000
16.738000 53.256000 19.654000 1.824000
17.958000 54.028000 19.844000 1.908000
19.238000 53.354000 20.296000 1.908000
20.263000 54.056000 20.378000 1.661200
17.616000 55.176000 20.824000 1.908000
16.653000 56.117000 20.127000 1.908000
16.933000 56.601000 19.002000 1.661200
15.577000 56.345000 20.716000 1.661200
15.883000 53.389000 20.236000 0.600000
18.168000 54.477000 18.922000 1.387000
18.440000 55.649000 21.028000 1.487000
17.180000 54.785000 21.600000 1.487000
19.350000 52.067000 20.530000 1.824000
20.602000 51.457000 20.978000 1.908000
21.378000 50.877000 19.790000 1.908000
22.257000 50.041000 19.956000 1.661200
20.251000 50.435000 22.058000 1.908000
19.055000 49.572000 21.705000 1.908000
21.168000 52.190000 21.366000 1.387000
18.478000 51.512000 20.372000 0.600000
20.049000 50.928000 22.904000 1.487000
21.042000 49.840000 22.198000 1.487000
17.909000 49.960000 21.919000 1.661200
19.209000 48.382000 21.116000 1.824000
18.469000 47.819000 20.877000 0.600000
20.163000 48.071000 20.918000 0.600000
21.071000 51.276000 18.540000 1.824000
21.771000 50.694000 17.410000 1.908000
22.701000 51.685000 16.746000 1.908000
22.271000 52.808000 16.595000 1.661200
20.874000 50.073000 16.316000 1.908000
20.237000 48.772000 16.778000 1.908000
20.937000 47.580000 16.616000 1.908000
18.988000 48.726000 17.384000 1.908000
20.413000 46.399000 17.040000 1.908000
18.444000 47.531000 17.803000 1.908000
19.149000 46.370000 17.627000 1.908000
18.621000 45.165000 18.036000 1.721000
22.326000 49.916000 17.747000 1.387000
20.925000 45.538000 16.939000 1.459000
17.538000 47.514000 18.233000 1.459000
20.339000 51.987000 18.476000 0.600000
18.478000 49.576000 17.518000 1.459000
21.841000 47.603000 16.178000 1.459000
21.436000 49.882000 15.529000 1.487000
20.156000 50.715000 16.106000 1.487000
19.240000 44.429000 17.768000 1.100000
23.868000 51.256000 16.319000 1.824000
24.811000 52.068000 15.578000 1.908000
25.377000 51.267000 14.404000 1.908000
25.746000 50.097000 14.534000 1.661200
25.982000 52.605000 16.450000 1.908000
26.645000 51.460000 17.218000 1.908000
25.520000 53.707000 17.392000 1.908000
28.020000 51.812000 17.709000 1.908000
24.289000 52.823000 15.178000 1.387000
26.311000 54.065000 17.885000 1.487000
25.094000 54.434000 16.856000 1.487000
26.655000 53.001000 15.837000 1.487000
26.067000 51.227000 17.994000 1.487000
26.707000 50.674000 16.609000 1.487000
27.967000 52.600000 18.323000 1.487000
24.067000 50.245000 16.567000 0.600000
28.410000 51.034000 18.203000 1.487000
24.860000 53.326000 18.037000 1.487000
28.608000 52.038000 16.932000 1.487000
25.553000 51.901000 13.247000 1.824000
26.139000 51.264000 12.082000 1.908000
27.602000 50.905000 12.298000 1.908000
28.337000 51.431000 13.164000 1.661200
26.001000 52.152000 10.832000 1.908000
26.944000 53.224000 10.861000 1.721000
24.589000 52.743000 10.774000 1.908000
25.629000 50.410000 11.891000 1.387000
24.418000 53.284000 11.599000 1.487000
24.505000 53.331000 9.968000 1.487000
25.231000 52.898000 13.253000 0.600000
26.191000 51.581000 10.001000 1.387000
23.918000 52.002000 10.717000 1.487000
26.542000 54.035000 11.302000 1.100000
28.101000 50.011000 11.428000 1.824000
29.526000 49.661000 11.510000 1.908000
30.432000 50.876000 11.445000 1.908000
31.398000 50.968000 12.205000 1.661200
29.850000 48.631000 10.433000 1.908000
28.989000 47.363000 10.584000 1.908000
29.171000 46.503000 9.344000 1.908000
28.101000 45.390000 9.329000 1.908000
28.295000 44.660000 8.047000 1.824000
29.686000 49.178000 12.388000 1.387000
28.263000 44.791000 10.083000 1.100000
27.217000 45.805000 9.347000 1.100000
29.297000 46.864000 11.377000 1.487000
28.043000 47.629000 10.663000 1.487000
27.672000 43.879000 8.012000 0.600000
28.104000 45.275000 7.283000 0.600000
29.239000 44.337000 7.989000 0.600000
30.057000 46.075000 9.368000 1.487000
29.048000 47.057000 8.540000 1.487000
27.446000 49.627000 10.755000 0.600000
30.797000 48.368000 10.519000 1.487000
29.660000 49.024000 9.549000 1.487000
30.156000 51.837000 10.579000 1.824000
30.967000 53.024000 10.384000 1.908000
30.961000 53.941000 11.605000 1.908000
32.014000 54.355000 12.069000 1.661200
30.512000 53.814000 9.138000 1.908000
31.021000 53.096000 8.015000 1.721000
29.269000 51.662000 10.025000 0.600000
31.924000 52.731000 10.226000 1.387000
30.913000 54.700000 9.165000 1.387000
29.540000 53.818000 9.107000 1.387000
30.987000 52.118000 8.208000 1.100000
29.771000 54.177000 12.146000 1.824000
29.635000 54.947000 13.381000 1.908000
30.468000 54.322000 14.491000 1.908000
31.239000 55.007000 15.161000 1.661200
28.150000 54.988000 13.772000 1.908000
27.415000 55.964000 12.842000 1.908000
25.913000 55.937000 12.973000 1.908000
25.347000 55.093000 13.698000 1.661200
25.292000 56.791000 12.296000 1.661200
27.724000 56.877000 13.062000 1.487000
29.938000 55.892000 13.224000 1.387000
27.644000 55.722000 11.911000 1.487000
28.966000 53.778000 11.629000 0.600000
28.086000 55.333000 14.667000 1.487000
27.779000 54.112000 13.627000 1.487000
30.330000 53.010000 14.668000 1.824000
31.062000 52.245000 15.659000 1.908000
32.561000 52.437000 15.445000 1.908000
33.291000 52.725000 16.400000 1.661200
30.712000 50.776000 15.687000 1.908000
29.629000 52.569000 14.013000 0.600000
30.826000 52.580000 16.574000 1.387000
29.745000 50.653000 15.459000 1.487000
31.272000 50.280000 15.020000 1.487000
30.883000 50.403000 16.601000 1.487000
33.018000 52.283000 14.205000 1.824000
34.427000 52.489000 13.899000 1.908000
34.878000 53.898000 14.253000 1.908000
35.922000 53.947000 14.916000 1.661200
34.785000 52.122000 12.459000 1.908000
34.428000 50.661000 12.161000 1.908000
34.583000 50.311000 10.698000 1.908000
35.031000 50.074000 12.700000 1.487000
34.965000 51.843000 14.459000 1.387000
33.479000 50.508000 12.432000 1.487000
32.309000 52.014000 13.505000 0.600000
35.759000 52.231000 12.328000 1.487000
34.271000 52.695000 11.840000 1.487000
33.746000 48.504000 11.021000 0.600000
35.086000 51.114000 9.923000 1.661200
34.146000 49.118000 10.309000 1.824000
34.208000 48.826000 9.339000 0.600000
34.106000 54.949000 13.989000 1.824000
34.484000 56.293000 14.410000 1.908000
34.508000 56.488000 15.931000 1.908000
35.118000 57.451000 16.418000 1.661200
33.598000 57.374000 13.807000 1.908000
33.235000 54.733000 13.471000 0.600000
35.415000 56.497000 14.050000 1.387000
33.249000 57.065000 12.922000 1.487000
32.831000 57.558000 14.421000 1.487000
34.131000 58.211000 13.681000 1.487000
33.821000 55.657000 16.703000 1.824000
33.919000 55.733000 18.143000 1.908000
35.053000 54.847000 18.660000 1.908000
35.275000 54.800000 19.866000 1.661200
32.613000 55.394000 18.844000 1.908000
31.472000 56.391000 18.637000 1.908000
30.138000 55.693000 18.852000 1.908000
31.657000 57.622000 19.520000 1.908000
32.521000 58.070000 19.290000 1.487000
30.901000 58.258000 19.368000 1.487000
31.671000 57.344000 20.480000 1.487000
33.230000 54.975000 16.196000 0.600000
30.096000 55.330000 19.784000 1.487000
29.392000 56.346000 18.716000 1.487000
30.044000 54.941000 18.198000 1.487000
34.120000 56.684000 18.409000 1.387000
31.515000 56.746000 17.708000 1.487000
32.789000 55.345000 19.821000 1.487000
32.299000 54.512000 18.505000 1.487000
35.764000 54.117000 17.812000 1.824000
36.871000 53.286000 18.283000 1.908000
36.582000 51.807000 18.264000 1.908000
37.340000 51.027000 18.845000 1.661200
35.479000 54.183000 16.822000 0.600000
37.694000 53.479000 17.709000 1.387000
37.116000 53.573000 19.233000 1.387000
35.535000 51.369000 17.571000 1.824000
35.276000 49.924000 17.538000 1.908000
36.300000 49.233000 16.632000 1.908000
36.574000 49.716000 15.538000 1.661200
33.859000 49.588000 17.126000 1.908000
33.479000 48.147000 17.044000 1.908000
33.554000 47.211000 18.032000 1.908000
32.863000 47.483000 15.928000 1.908000
33.033000 46.012000 17.607000 1.824000
32.625000 46.144000 16.309000 1.908000
32.522000 47.889000 14.631000 1.908000
32.083000 45.196000 15.434000 1.908000
31.970000 46.955000 13.763000 1.908000
31.742000 45.644000 14.191000 1.908000
31.302000 45.004000 13.540000 1.459000
35.406000 49.570000 18.465000 1.387000
32.964000 45.181000 18.157000 0.600000
32.669000 48.827000 14.332000 1.459000
31.741000 47.226000 12.839000 1.459000
31.962000 44.250000 15.723000 1.459000
33.936000 47.371000 18.945000 1.409000
34.972000 52.069000 17.102000 0.600000
33.680000 49.990000 16.213000 1.487000
33.217000 50.022000 17.779000 1.487000
36.824000 48.141000 17.163000 1.824000
37.766000 47.251000 16.523000 1.908000
37.209000 45.821000 16.606000 1.908000
37.371000 45.111000 17.605000 1.661200
39.183000 47.193000 17.114000 1.908000
40.023000 46.163000 16.364000 1.908000
39.918000 48.530000 17.009000 1.908000
37.833000 47.491000 15.558000 1.387000
40.882000 46.583000 16.075000 1.487000
40.430000 48.554000 16.152000 1.487000
39.109000 46.877000 18.053000 1.487000
40.215000 45.389000 16.966000 1.487000
39.520000 45.845000 15.562000 1.487000
36.473000 47.962000 18.161000 0.600000
39.250000 49.272000 17.026000 1.487000
40.544000 48.620000 17.782000 1.487000
36.530000 45.400000 15.530000 1.824000
35.847000 44.118000 15.521000 1.908000
36.621000 43.007000 16.210000 1.908000
36.166000 42.351000 17.160000 1.661200
35.471000 43.742000 14.081000 1.908000
36.539000 46.058000 14.730000 0.600000
34.949000 44.225000 15.993000 1.387000
35.883000 44.398000 13.453000 1.487000
35.810000 42.825000 13.882000 1.487000
34.478000 43.762000 13.986000 1.487000
37.830000 42.727000 15.746000 1.824000
38.707000 41.708000 16.302000 1.908000
38.972000 41.896000 17.790000 1.908000
39.018000 40.841000 18.439000 1.661200
40.040000 41.614000 15.541000 1.908000
40.498000 42.909000 15.210000 1.721000
38.112000 43.321000 14.916000 0.600000
38.257000 40.806000 16.180000 1.387000
39.893000 41.095000 14.710000 1.387000
40.706000 41.169000 16.124000 1.387000
39.997000 43.589000 15.745000 1.100000
39.051000 43.061000 18.360000 1.824000
39.112000 43.269000 19.790000 1.908000
37.797000 42.984000 20.517000 1.908000
37.752000 42.740000 21.723000 1.661200
39.544000 44.725000 20.075000 1.908000
41.052000 44.892000 20.005000 1.908000
41.506000 46.344000 20.117000 1.908000
42.627000 46.593000 19.093000 1.908000
43.346000 47.881000 19.315000 1.824000
39.830000 42.660000 20.184000 1.387000
43.284000 45.832000 19.150000 1.100000
42.221000 46.594000 18.172000 1.100000
41.476000 44.365000 20.753000 1.487000
41.384000 44.519000 19.130000 1.487000
43.715000 47.897000 20.243000 0.600000
44.092000 47.960000 18.656000 0.600000
42.708000 48.640000 19.193000 0.600000
41.867000 46.503000 21.015000 1.487000
40.753000 46.936000 19.902000 1.487000
39.068000 43.876000 17.676000 0.600000
39.239000 44.960000 20.985000 1.487000
39.127000 45.305000 19.393000 1.487000
36.653000 43.147000 19.857000 1.824000
35.369000 42.880000 20.508000 1.908000
35.149000 43.906000 21.621000 1.908000
34.654000 43.556000 22.682000 1.661200
36.746000 43.466000 18.882000 0.600000
34.632000 42.954000 19.839000 1.387000
35.376000 41.963000 20.900000 1.387000
35.427000 45.154000 21.337000 1.824000
35.309000 46.234000 22.312000 1.908000
34.124000 47.144000 22.094000 1.908000
34.139000 48.252000 22.622000 1.661200
36.609000 47.082000 22.239000 1.908000
36.713000 47.829000 20.920000 1.908000
35.188000 45.794000 23.225000 1.387000
35.743000 45.320000 20.350000 0.600000
37.378000 46.467000 22.323000 1.487000
36.588000 47.736000 22.980000 1.487000
35.984000 47.575000 19.941000 1.661200
37.617000 48.814000 20.899000 1.824000
37.735000 49.354000 20.058000 0.600000
38.165000 49.008000 21.704000 0.600000
33.099000 46.725000 21.328000 1.824000
31.955000 47.583000 21.079000 1.908000
31.307000 48.155000 22.344000 1.908000
30.968000 49.352000 22.314000 1.661200
30.861000 46.892000 20.225000 1.908000
29.715000 47.864000 19.848000 1.908000
30.224000 49.064000 19.046000 1.908000
28.576000 47.136000 19.143000 1.908000
28.207000 46.430000 19.747000 1.487000
27.854000 47.789000 18.914000 1.487000
28.919000 46.711000 18.306000 1.487000
33.206000 45.770000 20.951000 0.600000
30.651000 48.741000 18.203000 1.487000
29.456000 49.663000 18.824000 1.487000
30.894000 49.565000 19.591000 1.487000
32.257000 48.368000 20.501000 1.387000
29.282000 48.187000 20.692000 1.487000
30.474000 46.173000 20.756000 1.487000
31.274000 46.590000 19.395000 1.487000
31.075000 47.383000 23.398000 1.824000
30.456000 47.930000 24.595000 1.908000
31.421000 48.871000 25.338000 1.908000
30.948000 49.839000 25.929000 1.661200
29.949000 46.855000 25.542000 1.908000
31.362000 46.397000 23.296000 0.600000
29.641000 48.461000 24.332000 1.387000
30.571000 46.072000 25.524000 1.487000
29.904000 47.221000 26.472000 1.487000
29.037000 46.560000 25.257000 1.487000
32.740000 48.712000 25.224000 1.824000
33.670000 49.670000 25.802000 1.908000
33.554000 51.049000 25.147000 1.908000
33.553000 52.030000 25.871000 1.661200
35.141000 49.298000 25.613000 1.908000
35.492000 47.877000 25.951000 1.908000
34.697000 47.265000 26.700000 1.661200
36.560000 47.421000 25.461000 1.661200
33.033000 47.867000 24.701000 0.600000
33.418000 49.787000 26.774000 1.387000
35.687000 49.915000 26.190000 1.487000
35.376000 49.471000 24.650000 1.487000
33.609000 51.117000 23.808000 1.824000
33.509000 52.408000 23.139000 1.908000
32.085000 52.924000 22.945000 1.908000
31.891000 54.128000 22.772000 1.661200
34.225000 52.453000 21.774000 1.908000
35.724000 52.274000 21.922000 1.908000
33.705000 51.383000 20.817000 1.908000
34.012000 53.095000 23.706000 1.387000
35.968000 52.268000 22.893000 1.487000
32.918000 51.744000 20.319000 1.487000
34.074000 53.361000 21.384000 1.487000
36.002000 51.407000 21.506000 1.487000
36.200000 53.027000 21.466000 1.487000
33.722000 50.219000 23.327000 0.600000
34.429000 51.139000 20.174000 1.487000
33.433000 50.578000 21.342000 1.487000
31.060000 52.070000 22.906000 1.824000
29.683000 52.501000 22.711000 1.908000
28.757000 51.711000 23.649000 1.908000
28.005000 50.851000 23.199000 1.661200
29.178000 52.324000 21.298000 1.908000
31.334000 51.068000 23.028000 0.600000
29.607000 53.473000 22.939000 1.387000
28.336000 51.781000 21.304000 1.487000
28.988000 53.219000 20.890000 1.487000
29.869000 51.852000 20.747000 1.487000
28.813000 52.050000 24.921000 1.824000
28.023000 51.354000 25.927000 1.908000
26.548000 51.269000 25.582000 1.908000
25.933000 52.180000 25.064000 1.661200
28.345000 52.071000 27.225000 1.908000
29.006000 53.342000 26.857000 1.908000
29.666000 53.097000 25.535000 1.908000
28.330000 54.090000 26.787000 1.487000
28.404000 50.424000 26.100000 1.387000
30.602000 52.760000 25.643000 1.387000
29.670000 53.917000 24.964000 1.387000
29.688000 53.605000 27.554000 1.487000
28.951000 51.502000 27.807000 1.487000
27.497000 52.244000 27.757000 1.487000
25.968000 50.106000 25.728000 1.824000
24.599000 49.731000 25.505000 1.908000
24.196000 49.772000 24.029000 1.908000
23.017000 49.588000 23.740000 1.661200
26.690000 49.350000 26.074000 0.600000
24.435000 48.791000 25.859000 1.387000
23.981000 50.349000 26.026000 1.387000
25.187000 49.875000 23.129000 1.824000
24.839000 49.906000 21.703000 1.908000
25.129000 48.542000 21.082000 1.908000
25.949000 47.783000 21.620000 1.661200
25.572000 51.009000 20.938000 1.908000
25.494000 52.377000 21.647000 1.908000
24.486000 53.231000 20.890000 1.908000
24.140000 54.549000 21.542000 1.908000
22.666000 54.800000 21.465000 1.824000
23.863000 50.101000 21.613000 1.387000
24.414000 54.527000 22.501000 1.100000
24.619000 55.288000 21.072000 1.100000
25.180000 52.239000 22.567000 1.487000
26.377000 52.803000 21.611000 1.487000
22.322000 54.461000 20.591000 0.600000
22.213000 54.322000 22.215000 0.600000
22.497000 55.781000 21.538000 0.600000
23.635000 52.695000 20.777000 1.487000
24.856000 53.416000 19.967000 1.487000
26.128000 49.926000 23.500000 0.600000
25.156000 51.105000 20.044000 1.487000
26.527000 50.761000 20.861000 1.487000
24.428000 48.305000 19.994000 1.824000
24.595000 47.152000 19.119000 1.908000
24.788000 47.551000 17.657000 1.908000
24.350000 48.665000 17.286000 1.661200
23.387000 46.244000 19.189000 1.908000
23.218000 45.696000 20.470000 1.721000
23.696000 49.054000 19.793000 0.600000
25.425000 46.652000 19.413000 1.387000
23.502000 45.499000 18.528000 1.387000
22.569000 46.771000 18.949000 1.387000
22.253000 45.738000 20.733000 1.100000
25.453000 46.705000 16.865000 1.824000
25.665000 47.027000 15.466000 1.908000
24.323000 46.836000 14.745000 1.908000
23.749000 45.790000 15.021000 1.661200
26.690000 46.113000 14.770000 1.908000
28.075000 46.213000 15.454000 1.908000
26.804000 46.458000 13.289000 1.908000
28.697000 47.609000 15.261000 1.908000
25.868000 47.997000 15.422000 1.387000
27.434000 45.816000 12.856000 1.487000
25.901000 46.387000 12.871000 1.487000
26.379000 45.173000 14.858000 1.487000
27.963000 46.046000 16.417000 1.487000
28.672000 45.545000 15.045000 1.487000
28.089000 48.286000 15.662000 1.487000
25.784000 45.845000 17.322000 0.600000
29.582000 47.628000 15.715000 1.487000
27.150000 47.390000 13.201000 1.487000
28.805000 47.777000 14.287000 1.487000
23.828000 47.793000 13.980000 1.824000
22.526000 47.621000 13.312000 1.908000
22.313000 48.819000 12.383000 1.908000
22.896000 49.878000 12.653000 1.661200
24.404000 48.641000 13.889000 0.600000
22.535000 46.785000 12.779000 1.387000
21.805000 47.596000 13.992000 1.387000
21.593000 48.677000 11.274000 1.824000
21.316000 49.784000 10.380000 1.908000
21.973000 49.761000 9.021000 1.908000
21.521000 50.440000 8.089000 1.661200
21.249000 47.704000 11.108000 0.600000
20.289000 49.859000 10.253000 1.387000
21.570000 50.668000 10.859000 1.387000
23.029000 48.956000 8.870000 1.824000
23.676000 48.934000 7.542000 1.908000
22.802000 48.164000 6.533000 1.908000
22.049000 47.255000 6.892000 1.661200
24.986000 48.190000 7.692000 1.908000
26.030000 48.997000 8.446000 1.908000
26.402000 50.047000 7.895000 1.661200
26.575000 48.542000 9.460000 1.661200
23.317000 48.417000 9.665000 0.600000
23.724000 49.882000 7.223000 1.387000
25.339000 47.987000 6.786000 1.487000
24.815000 47.350000 8.194000 1.487000
23.003000 48.525000 5.280000 1.824000
22.441000 47.864000 4.094000 1.908000
22.787000 46.383000 4.163000 1.908000
23.887000 46.044000 4.600000 1.661200
23.091000 48.501000 2.850000 1.908000
22.597000 49.968000 2.745000 1.908000
22.826000 47.791000 1.527000 1.908000
23.610000 50.855000 2.058000 1.908000
21.453000 47.933000 4.181000 1.387000
23.320000 48.266000 0.802000 1.487000
23.145000 46.848000 1.598000 1.487000
24.064000 48.523000 2.986000 1.487000
21.753000 49.970000 2.232000 1.487000
22.441000 50.301000 3.664000 1.487000
23.778000 50.514000 1.134000 1.487000
23.638000 49.378000 5.185000 0.600000
23.256000 51.788000 2.010000 1.487000
21.846000 47.808000 1.343000 1.487000
24.464000 50.848000 2.577000 1.487000
21.863000 45.528000 3.806000 1.824000
21.960000 44.097000 3.742000 1.908000
21.836000 43.727000 2.274000 1.908000
20.779000 43.990000 1.704000 1.661200
20.875000 43.345000 4.541000 1.908000
21.012000 41.844000 4.507000 1.908000
22.108000 41.252000 5.141000 1.908000
20.109000 41.036000 3.821000 1.908000
22.257000 39.857000 5.059000 1.908000
20.258000 39.669000 3.779000 1.908000
21.327000 39.053000 4.413000 1.908000
21.428000 38.071000 4.408000 1.459000
22.878000 43.844000 4.022000 1.387000
23.078000 39.435000 5.490000 1.459000
19.575000 39.103000 3.275000 1.459000
20.934000 46.031000 3.538000 0.600000
19.332000 41.468000 3.349000 1.459000
22.759000 41.788000 5.633000 1.459000
19.999000 43.583000 4.150000 1.487000
20.941000 43.638000 5.482000 1.487000
22.894000 43.279000 1.638000 1.824000
22.840000 43.027000 0.213000 1.908000
22.197000 41.716000 -0.199000 1.908000
22.257000 41.462000 -1.404000 1.661200
24.274000 43.062000 -0.381000 1.908000
24.691000 44.393000 -0.365000 1.721000
23.735000 43.128000 2.219000 0.600000
22.300000 43.786000 -0.220000 1.387000
24.228000 42.730000 -1.302000 1.387000
24.853000 42.516000 0.191000 1.387000
23.909000 44.997000 -0.194000 1.100000
21.739000 40.888000 0.736000 1.824000
21.036000 39.657000 0.426000 1.908000
21.737000 38.889000 -0.691000 1.908000
21.170000 38.459000 -1.679000 1.661200
19.631000 40.148000 0.041000 1.908000
18.681000 39.024000 -0.275000 1.908000
21.071000 39.074000 1.247000 1.387000
21.932000 41.205000 1.717000 0.600000
19.719000 40.735000 -0.762000 1.487000
19.268000 40.675000 0.807000 1.487000
18.819000 37.927000 0.267000 1.661200
17.774000 39.346000 -1.190000 1.824000
17.080000 38.640000 -1.464000 0.600000
17.758000 40.241000 -1.606000 0.600000
22.999000 38.538000 -0.415000 1.824000
23.938000 38.026000 -1.391000 1.908000
23.626000 36.632000 -1.877000 1.908000
24.015000 36.314000 -2.990000 1.661200
25.395000 38.081000 -0.858000 1.908000
25.764000 39.481000 -0.415000 1.908000
27.162000 39.635000 0.179000 1.908000
27.282000 40.998000 0.718000 1.824000
27.739000 41.988000 -0.044000 1.908000
28.172000 41.764000 -1.267000 1.824000
27.734000 43.187000 0.520000 1.824000
25.100000 39.799000 0.282000 1.487000
23.946000 38.657000 -2.196000 1.387000
27.022000 41.171000 1.645000 0.600000
25.697000 40.113000 -1.205000 1.487000
28.096000 43.981000 -0.025000 0.600000
27.395000 43.329000 1.434000 0.600000
23.251000 38.672000 0.604000 0.600000
27.817000 39.509000 -0.539000 1.387000
27.261000 38.987000 0.906000 1.387000
28.532000 42.523000 -1.822000 0.600000
28.146000 40.841000 -1.654000 0.600000
25.992000 37.812000 -1.590000 1.487000
25.454000 37.477000 -0.085000 1.487000
22.942000 35.856000 -1.064000 1.824000
22.538000 34.512000 -1.394000 1.908000
21.154000 34.524000 -2.048000 1.908000
20.618000 33.502000 -2.448000 1.661200
22.623000 33.598000 -0.156000 1.908000
24.019000 33.331000 0.391000 1.908000
24.878000 32.473000 -0.524000 1.908000
24.437000 32.211000 -1.640000 1.661200
25.968000 31.964000 -0.244000 1.661200
24.477000 34.197000 0.502000 1.487000
23.197000 34.096000 -2.028000 1.387000
23.929000 32.852000 1.248000 1.487000
22.711000 36.308000 -0.137000 0.600000
22.227000 32.724000 -0.406000 1.487000
22.096000 34.029000 0.566000 1.487000
20.522000 35.689000 -2.126000 1.824000
19.199000 35.933000 -2.642000 1.908000
18.083000 35.207000 -1.872000 1.908000
17.038000 34.854000 -2.459000 1.661200
21.130000 36.498000 -1.741000 0.600000
19.001000 36.934000 -2.627000 1.387000
19.152000 35.648000 -3.621000 1.387000
18.275000 34.935000 -0.592000 1.824000
17.274000 34.148000 0.143000 1.908000
16.055000 34.958000 0.537000 1.908000
15.021000 34.310000 0.662000 1.661200
17.860000 33.396000 1.333000 1.908000
18.896000 32.375000 0.910000 1.908000
19.694000 31.911000 2.115000 1.908000
20.753000 30.879000 1.737000 1.908000
21.509000 30.454000 2.942000 1.824000
16.980000 33.376000 -0.448000 1.387000
20.301000 30.089000 1.331000 1.100000
21.380000 31.288000 1.078000 1.100000
18.437000 31.590000 0.505000 1.487000
19.516000 32.789000 0.251000 1.487000
22.465000 30.295000 2.696000 0.600000
21.458000 31.171000 3.638000 0.600000
21.113000 29.610000 3.303000 0.600000
19.074000 31.497000 2.776000 1.487000
20.152000 32.697000 2.523000 1.487000
19.135000 35.299000 -0.174000 0.600000
17.122000 32.924000 1.798000 1.487000
18.293000 34.053000 1.936000 1.487000
16.177000 36.261000 0.753000 1.824000
15.066000 37.133000 1.060000 1.908000
14.438000 37.558000 -0.275000 1.908000
15.080000 37.589000 -1.338000 1.661200
15.487000 38.364000 1.876000 1.908000
16.296000 38.052000 3.158000 1.908000
16.644000 39.356000 3.887000 1.908000
15.535000 37.089000 4.059000 1.908000
15.368000 36.234000 3.569000 1.487000
16.075000 36.901000 4.880000 1.487000
14.661000 37.497000 4.322000 1.487000
17.172000 36.609000 0.680000 0.600000
15.800000 39.829000 4.135000 1.487000
17.165000 39.143000 4.711000 1.487000
17.190000 39.934000 3.283000 1.487000
14.383000 36.629000 1.575000 1.387000
17.133000 37.583000 2.901000 1.487000
14.669000 38.842000 2.157000 1.487000
16.059000 38.932000 1.303000 1.487000
13.146000 37.834000 -0.220000 1.824000
12.391000 38.155000 -1.430000 1.908000
12.833000 39.485000 -2.016000 1.908000
12.905000 40.450000 -1.238000 1.661200
10.954000 38.148000 -0.966000 1.908000
10.970000 38.391000 0.518000 1.908000
12.305000 37.812000 0.998000 1.908000
10.924000 39.369000 0.717000 1.487000
12.477000 37.416000 -2.111000 1.387000
12.189000 36.879000 1.331000 1.387000
12.702000 38.381000 1.712000 1.387000
10.208000 37.921000 0.961000 1.487000
10.507000 37.261000 -1.171000 1.487000
10.415000 38.870000 -1.433000 1.487000
13.156000 39.526000 -3.304000 1.824000
13.562000 40.766000 -3.944000 1.908000
12.420000 41.414000 -4.692000 1.908000
11.482000 40.741000 -5.106000 1.661200
13.094000 38.616000 -3.799000 0.600000
13.911000 41.407000 -3.242000 1.387000
14.322000 40.578000 -4.587000 1.387000
12.454000 42.731000 -4.824000 1.824000
11.480000 43.495000 -5.609000 1.908000
12.132000 44.760000 -6.160000 1.908000
12.920000 45.385000 -5.433000 1.661200
10.282000 43.868000 -4.725000 1.908000
8.999000 44.235000 -5.427000 1.908000
7.852000 44.479000 -4.448000 1.908000
6.629000 44.992000 -5.208000 1.908000
5.886000 43.877000 -5.879000 1.824000
11.169000 42.931000 -6.377000 1.387000
6.016000 45.452000 -4.563000 1.100000
6.930000 45.648000 -5.902000 1.100000
9.140000 45.072000 -5.965000 1.487000
8.733000 43.492000 -6.048000 1.487000
5.090000 44.252000 -6.350000 0.600000
6.490000 43.431000 -6.536000 0.600000
5.592000 43.219000 -5.189000 0.600000
8.127000 45.164000 -3.795000 1.487000
7.617000 43.627000 -4.011000 1.487000
13.248000 43.194000 -4.313000 0.600000
10.564000 44.648000 -4.143000 1.487000
10.098000 43.083000 -4.113000 1.487000
11.822000 45.208000 -7.377000 1.824000
12.362000 46.497000 -7.832000 1.908000
12.026000 47.549000 -6.794000 1.908000
10.870000 47.629000 -6.359000 1.661200
11.757000 46.935000 -9.173000 1.908000
12.016000 45.934000 -10.148000 1.721000
11.211000 44.611000 -7.934000 0.600000
13.353000 46.412000 -7.884000 1.387000
12.184000 47.779000 -9.454000 1.387000
10.782000 47.038000 -9.064000 1.387000
12.185000 45.062000 -9.691000 1.100000
12.989000 48.354000 -6.344000 1.824000
12.662000 49.342000 -5.335000 1.908000
12.921000 48.867000 -3.921000 1.908000
13.206000 49.723000 -3.055000 1.661200
13.914000 48.215000 -6.752000 0.600000
13.202000 50.190000 -5.507000 1.387000
11.681000 49.603000 -5.425000 1.387000
12.963000 47.547000 -3.683000 1.824000
13.226000 47.104000 -2.323000 1.908000
14.717000 46.957000 -2.009000 1.908000
15.399000 46.143000 -2.645000 1.661200
12.520000 45.781000 -2.053000 1.908000
12.670000 45.203000 -0.665000 1.908000
12.049000 43.838000 -0.494000 1.908000
10.558000 43.938000 -0.459000 1.824000
9.778000 43.011000 -0.991000 1.908000
10.317000 41.972000 -1.578000 1.824000
8.450000 43.154000 -0.960000 1.824000
12.242000 45.827000 0.004000 1.487000
12.830000 47.781000 -1.675000 1.387000
10.160000 44.728000 -0.021000 0.600000
13.651000 45.131000 -0.437000 1.487000
7.861000 42.470000 -1.375000 0.600000
8.049000 43.958000 -0.514000 0.600000
12.806000 46.943000 -4.480000 0.600000
12.355000 43.450000 0.362000 1.387000
12.305000 43.269000 -1.260000 1.387000
9.713000 41.266000 -2.005000 0.600000
11.305000 41.853000 -1.617000 0.600000
12.869000 45.102000 -2.712000 1.487000
11.536000 45.912000 -2.231000 1.487000
15.177000 47.607000 -0.944000 1.824000
16.475000 47.408000 -0.350000 1.908000
16.277000 46.840000 1.067000 1.908000
15.208000 46.941000 1.700000 1.661200
17.315000 48.703000 -0.287000 1.908000
16.537000 49.727000 0.262000 1.721000
17.757000 49.171000 -1.690000 1.908000
16.983000 46.733000 -0.880000 1.387000
17.200000 48.711000 -2.381000 1.487000
17.633000 50.160000 -1.761000 1.487000
14.477000 48.311000 -0.558000 0.600000
18.120000 48.531000 0.319000 1.387000
18.720000 48.941000 -1.826000 1.487000
15.560000 49.467000 0.296000 1.100000
17.282000 46.131000 1.587000 1.824000
17.182000 45.538000 2.900000 1.908000
18.251000 46.146000 3.811000 1.908000
19.307000 46.602000 3.350000 1.661200
17.425000 44.035000 2.745000 1.908000
16.346000 43.240000 2.069000 1.908000
16.244000 42.900000 0.748000 1.908000
15.193000 42.669000 2.690000 1.908000
15.118000 42.129000 0.476000 1.824000
14.464000 41.985000 1.697000 1.908000
14.735000 42.640000 4.032000 1.908000
13.283000 41.340000 2.003000 1.908000
13.552000 41.995000 4.292000 1.908000
12.830000 41.334000 3.285000 1.908000
11.988000 40.865000 3.526000 1.459000
16.291000 45.778000 3.287000 1.387000
14.843000 41.767000 -0.379000 0.600000
15.259000 43.073000 4.751000 1.459000
13.190000 41.995000 5.227000 1.459000
12.759000 40.872000 1.258000 1.459000
16.910000 43.175000 0.037000 1.409000
18.115000 46.051000 0.974000 0.600000
17.556000 43.634000 3.659000 1.487000
18.267000 43.898000 2.212000 1.487000
18.032000 46.011000 5.124000 1.824000
19.013000 46.404000 6.116000 1.908000
19.065000 45.281000 7.162000 1.908000
18.138000 44.476000 7.127000 1.661200
18.636000 47.742000 6.769000 1.908000
18.907000 48.927000 5.851000 1.908000
18.624000 50.266000 6.542000 1.908000
18.732000 51.288000 5.511000 1.824000
19.858000 51.869000 5.142000 1.908000
21.033000 51.652000 5.739000 1.824000
19.752000 52.744000 4.153000 1.824000
18.319000 48.868000 5.048000 1.487000
19.905000 46.477000 5.690000 1.387000
17.880000 51.573000 5.044000 0.600000
19.864000 48.923000 5.573000 1.487000
20.601000 53.237000 3.842000 0.600000
18.888000 52.928000 3.714000 0.600000
17.102000 45.602000 5.361000 0.600000
19.307000 50.403000 7.222000 1.387000
17.716000 50.239000 6.891000 1.387000
21.848000 52.121000 5.444000 0.600000
21.079000 50.995000 6.502000 0.600000
19.180000 47.852000 7.585000 1.487000
17.671000 47.725000 6.975000 1.487000
20.060000 45.203000 7.998000 1.824000
20.217000 44.184000 9.023000 1.908000
20.663000 44.799000 10.357000 1.908000
21.042000 45.975000 10.449000 1.661200
21.204000 43.116000 8.553000 1.908000
22.637000 43.540000 8.404000 1.908000
23.587000 42.359000 8.502000 1.908000
23.461000 41.649000 9.525000 1.661200
24.440000 42.199000 7.584000 1.661200
22.759000 43.939000 7.517000 1.487000
19.345000 43.698000 9.160000 1.387000
22.864000 44.157000 9.131000 1.487000
20.786000 45.976000 7.871000 0.600000
20.887000 42.791000 7.665000 1.487000
21.173000 42.373000 9.217000 1.487000
20.406000 44.104000 11.460000 1.824000
20.807000 44.608000 12.776000 1.908000
20.994000 43.378000 13.690000 1.908000
20.375000 42.331000 13.498000 1.661200
19.838000 45.626000 13.297000 1.908000
19.916000 43.208000 11.315000 0.600000
21.676000 45.073000 12.696000 1.387000
18.924000 45.460000 12.916000 1.487000
19.786000 45.573000 14.298000 1.487000
20.134000 46.549000 13.037000 1.487000
21.924000 43.495000 14.630000 1.824000
22.318000 42.403000 15.504000 1.908000
21.221000 42.202000 16.557000 1.908000
20.703000 43.230000 17.009000 1.661200
23.622000 42.662000 16.268000 1.908000
24.858000 42.475000 15.407000 1.908000
24.668000 42.303000 14.190000 1.661200
26.038000 42.476000 15.920000 1.661200
22.354000 44.453000 14.688000 0.600000
22.346000 41.571000 14.955000 1.387000
23.663000 42.025000 17.029000 1.487000
23.601000 43.599000 16.599000 1.487000
20.983000 40.962000 16.966000 1.824000
19.925000 40.773000 17.978000 1.908000
20.647000 39.931000 19.047000 1.908000
21.581000 39.231000 18.700000 1.661200
18.718000 40.018000 17.393000 1.908000
17.858000 40.911000 16.487000 1.908000
17.788000 39.372000 18.409000 1.908000
17.188000 42.084000 17.163000 1.908000
19.770000 41.647000 18.376000 1.387000
17.104000 38.830000 17.924000 1.487000
18.325000 38.784000 19.012000 1.487000
19.066000 39.263000 16.836000 1.487000
18.442000 41.254000 15.741000 1.487000
17.148000 40.331000 16.068000 1.487000
17.884000 42.680000 17.562000 1.487000
21.536000 40.225000 16.564000 0.600000
16.657000 42.597000 16.490000 1.487000
17.341000 40.089000 18.941000 1.487000
16.581000 41.750000 17.883000 1.487000
20.234000 40.059000 20.273000 1.824000
20.670000 39.410000 21.474000 1.908000
22.093000 39.839000 21.856000 1.908000
22.692000 39.164000 22.690000 1.661200
20.517000 37.881000 21.412000 1.908000
19.037000 37.521000 21.220000 1.908000
20.071000 39.713000 22.228000 1.387000
19.413000 40.803000 20.330000 0.600000
20.823000 37.500000 22.262000 1.487000
21.021000 37.545000 20.641000 1.487000
18.169000 38.164000 21.813000 1.661200
18.718000 36.497000 20.433000 1.824000
17.791000 36.241000 20.282000 0.600000
19.464000 35.977000 19.985000 0.600000
22.568000 40.962000 21.320000 1.824000
23.940000 41.309000 21.618000 1.908000
24.019000 42.188000 22.871000 1.908000
23.273000 43.155000 22.920000 1.661200
24.618000 42.033000 20.434000 1.908000
25.995000 42.533000 20.762000 1.908000
27.064000 41.654000 20.713000 1.908000
26.227000 43.849000 21.195000 1.908000
28.341000 42.098000 21.044000 1.908000
27.507000 44.280000 21.521000 1.908000
28.560000 43.396000 21.426000 1.908000
29.857000 43.757000 21.729000 1.721000
24.455000 40.464000 21.804000 1.387000
29.115000 41.446000 20.998000 1.459000
27.659000 45.220000 21.821000 1.459000
21.934000 41.493000 20.741000 0.600000
25.459000 44.479000 21.267000 1.459000
26.927000 40.708000 20.444000 1.459000
24.048000 42.807000 20.185000 1.487000
24.681000 41.389000 19.681000 1.487000
30.465000 42.994000 21.521000 1.100000
25.011000 41.913000 23.713000 1.824000
25.265000 42.784000 24.853000 1.908000
26.712000 43.267000 24.886000 1.908000
26.946000 44.479000 24.901000 1.661200
24.897000 42.074000 26.177000 1.908000
23.458000 41.946000 26.287000 1.721000
25.431000 42.874000 27.358000 1.908000
24.664000 43.593000 24.779000 1.387000
25.754000 43.770000 27.043000 1.487000
24.703000 43.006000 28.035000 1.487000
25.557000 41.069000 23.496000 0.600000
25.295000 41.135000 26.169000 1.387000
26.193000 42.381000 27.785000 1.487000
23.013000 42.766000 25.919000 1.100000
27.670000 42.354000 24.892000 1.824000
29.089000 42.832000 24.896000 1.908000
29.975000 41.770000 24.311000 1.908000
29.462000 40.691000 23.997000 1.661200
29.455000 43.240000 26.331000 1.908000
29.395000 42.076000 27.136000 1.721000
27.400000 41.386000 24.894000 0.600000
29.123000 43.644000 24.315000 1.387000
28.796000 43.893000 26.651000 1.387000
30.370000 43.594000 26.336000 1.387000
28.458000 41.730000 27.152000 1.100000
31.252000 42.057000 24.063000 1.824000
32.145000 41.050000 23.533000 1.908000
32.099000 40.854000 22.019000 1.908000
31.902000 41.746000 21.211000 1.661200
31.531000 43.029000 24.277000 0.600000
33.111000 41.277000 23.804000 1.387000
31.946000 40.148000 23.985000 1.387000
32.425000 39.625000 21.597000 1.824000
32.415000 39.322000 20.158000 1.908000
30.956000 39.160000 19.735000 1.908000
30.146000 38.736000 20.561000 1.661200
33.271000 38.093000 19.899000 1.908000
34.702000 38.346000 20.331000 1.908000
35.582000 39.031000 19.522000 1.908000
35.157000 37.912000 21.570000 1.908000
36.885000 39.266000 19.925000 1.908000
36.448000 38.164000 21.999000 1.908000
37.328000 38.839000 21.152000 1.908000
38.267000 39.006000 21.441000 1.459000
32.763000 40.125000 19.692000 1.387000
37.512000 39.760000 19.297000 1.459000
36.749000 37.862000 22.911000 1.459000
32.668000 38.953000 22.326000 0.600000
34.529000 37.402000 22.170000 1.459000
35.281000 39.368000 18.629000 1.459000
33.277000 37.916000 18.941000 1.487000
32.925000 37.356000 20.434000 1.487000
30.642000 39.581000 18.518000 1.824000
29.323000 39.419000 17.938000 1.908000
28.851000 37.989000 17.774000 1.908000
29.632000 37.054000 17.542000 1.661200
29.315000 40.124000 16.558000 1.908000
29.515000 41.627000 16.693000 1.908000
29.604000 42.380000 15.383000 1.908000
28.288000 42.399000 14.642000 1.824000
28.254000 41.978000 13.372000 1.908000
29.341000 41.555000 12.746000 1.824000
27.165000 42.004000 12.641000 1.824000
30.366000 41.801000 17.212000 1.487000
28.645000 39.917000 18.530000 1.387000
27.501000 42.712000 15.094000 0.600000
28.748000 42.015000 17.226000 1.487000
27.159000 41.709000 11.705000 0.600000
26.297000 42.339000 13.054000 0.600000
31.436000 40.044000 18.008000 0.600000
30.276000 41.938000 14.800000 1.387000
29.865000 43.321000 15.566000 1.387000
29.290000 41.265000 11.793000 0.600000
30.218000 41.525000 13.230000 0.600000
28.440000 39.961000 16.140000 1.487000
30.056000 39.756000 16.026000 1.487000
27.536000 37.818000 17.851000 1.824000
26.876000 36.521000 17.777000 1.908000
26.346000 36.220000 16.386000 1.908000
26.564000 37.012000 15.437000 1.661200
25.755000 36.501000 18.844000 1.908000
24.605000 37.449000 18.542000 1.908000
27.575000 35.819000 17.987000 1.387000
26.999000 38.719000 17.973000 0.600000
26.160000 36.757000 19.720000 1.487000
25.398000 35.570000 18.897000 1.487000
24.421000 37.968000 17.425000 1.661200
23.755000 37.784000 19.543000 1.824000
23.009000 38.381000 19.386000 0.600000
23.923000 37.394000 20.457000 0.600000
25.511000 35.165000 16.266000 1.824000
24.958000 34.872000 14.948000 1.908000
23.498000 35.211000 14.716000 1.908000
22.892000 34.622000 13.797000 1.661200
25.168000 33.366000 14.734000 1.908000
24.451000 32.699000 15.764000 1.721000
25.326000 34.646000 17.113000 0.600000
25.515000 35.400000 14.256000 1.387000
26.121000 33.164000 14.819000 1.387000
24.798000 33.114000 13.865000 1.387000
23.617000 32.302000 15.384000 1.100000
22.908000 36.035000 15.552000 1.824000
21.515000 36.424000 15.462000 1.908000
21.411000 37.762000 14.752000 1.908000
22.020000 38.739000 15.228000 1.661200
20.894000 36.618000 16.865000 1.908000
20.882000 35.345000 17.692000 1.908000
20.689000 34.251000 17.135000 1.661200
20.990000 35.444000 18.924000 1.661200
23.547000 36.400000 16.314000 0.600000
21.050000 35.748000 14.886000 1.387000
19.960000 36.931000 16.739000 1.487000
21.432000 37.306000 17.338000 1.487000
20.527000 37.908000 13.776000 1.824000
20.332000 39.156000 13.100000 1.908000
18.836000 39.358000 12.810000 1.908000
18.149000 38.358000 12.568000 1.661200
21.039000 39.222000 11.724000 1.908000
22.500000 38.822000 11.658000 1.908000
23.374000 39.846000 12.396000 1.908000
24.781000 39.451000 12.324000 1.824000
25.443000 38.991000 13.398000 1.908000
24.813000 38.878000 14.571000 1.824000
26.698000 38.633000 13.207000 1.824000
22.800000 38.794000 10.713000 1.487000
20.638000 39.912000 13.685000 1.387000
25.259000 39.524000 11.464000 0.600000
22.629000 37.941000 12.095000 1.487000
27.237000 38.296000 14.006000 0.600000
27.120000 38.684000 12.313000 0.600000
19.993000 37.035000 13.550000 0.600000
23.083000 39.868000 13.339000 1.387000
23.252000 40.721000 11.957000 1.387000
25.328000 38.550000 15.368000 0.600000
23.853000 39.114000 14.649000 0.600000
20.958000 40.172000 11.389000 1.487000
20.521000 38.628000 11.091000 1.487000
18.485000 40.622000 12.617000 1.824000
17.096000 40.915000 12.211000 1.908000
17.208000 41.592000 10.844000 1.908000
18.188000 42.323000 10.685000 1.661200
16.296000 41.807000 13.177000 1.908000
14.832000 41.860000 12.673000 1.908000
16.934000 43.197000 13.285000 1.908000
13.832000 42.328000 13.701000 1.908000
16.666000 40.043000 12.061000 1.387000
16.401000 43.742000 13.927000 1.487000
17.869000 43.093000 13.612000 1.487000
16.292000 41.380000 14.062000 1.487000
14.803000 42.470000 11.881000 1.487000
14.583000 40.939000 12.370000 1.487000
14.069000 43.252000 14.001000 1.487000
19.200000 41.326000 12.761000 0.600000
12.917000 42.333000 13.298000 1.487000
16.928000 43.621000 12.383000 1.487000
13.846000 41.709000 14.486000 1.487000
16.385000 41.163000 9.884000 1.824000
16.516000 41.726000 8.548000 1.908000
15.210000 42.445000 8.204000 1.908000
14.195000 41.764000 8.318000 1.661200
16.793000 40.645000 7.490000 1.908000
17.950000 39.685000 7.602000 1.908000
19.291000 40.405000 7.782000 1.908000
17.818000 38.619000 8.696000 1.908000
17.006000 38.066000 8.520000 1.487000
18.629000 38.037000 8.689000 1.487000
17.734000 39.067000 9.584000 1.487000
15.707000 40.456000 10.157000 0.600000
19.261000 40.953000 8.616000 1.487000
20.022000 39.728000 7.851000 1.487000
19.455000 40.998000 6.995000 1.487000
17.252000 42.396000 8.549000 1.387000
17.999000 39.117000 6.770000 1.487000
16.885000 41.131000 6.592000 1.487000
15.938000 40.084000 7.414000 1.487000
15.287000 43.685000 7.751000 1.824000
14.108000 44.471000 7.450000 1.908000
14.288000 45.318000 6.186000 1.908000
15.334000 45.892000 5.889000 1.661200
13.778000 45.354000 8.639000 1.908000
14.831000 46.366000 9.029000 1.908000
15.919000 45.979000 9.815000 1.908000
14.793000 47.662000 8.549000 1.908000
16.894000 46.886000 10.177000 1.908000
15.756000 48.592000 8.914000 1.908000
16.806000 48.173000 9.707000 1.908000
17.769000 49.091000 10.069000 1.721000
13.332000 43.841000 7.290000 1.387000
17.649000 46.609000 10.769000 1.459000
15.690000 49.534000 8.612000 1.459000
16.261000 44.043000 7.631000 0.600000
14.060000 47.938000 7.926000 1.459000
15.989000 45.027000 10.119000 1.459000
13.610000 44.762000 9.437000 1.487000
12.928000 45.856000 8.436000 1.487000
18.425000 48.652000 10.680000 1.100000
13.233000 45.283000 5.341000 1.824000
13.210000 45.912000 4.037000 1.908000
12.638000 47.315000 4.060000 1.908000
11.973000 47.806000 4.986000 1.661200
12.359000 44.999000 3.138000 1.908000
10.962000 45.083000 3.439000 1.721000
12.415000 44.743000 5.734000 0.600000
14.168000 45.973000 3.700000 1.387000
12.657000 44.054000 3.267000 1.387000
12.497000 45.267000 2.186000 1.387000
10.470000 45.378000 2.624000 1.100000
12.840000 48.028000 2.946000 1.824000
12.320000 49.369000 2.740000 1.908000
10.792000 49.407000 2.801000 1.908000
10.359000 50.453000 3.286000 1.661200
12.768000 50.013000 1.418000 1.908000
12.850000 49.008000 0.423000 1.721000
13.417000 47.522000 2.224000 0.600000
12.670000 49.961000 3.480000 1.387000
13.658000 50.417000 1.549000 1.387000
12.098000 50.685000 1.150000 1.387000
12.505000 48.145000 0.791000 1.100000
10.081000 48.347000 2.451000 1.824000
8.622000 48.313000 2.566000 1.908000
8.145000 47.520000 3.790000 1.908000
7.095000 46.916000 3.909000 1.661200
7.979000 47.730000 1.305000 1.908000
8.473000 46.371000 0.900000 1.908000
9.630000 45.914000 1.187000 1.661200
7.729000 45.725000 0.127000 1.661200
10.640000 47.545000 2.090000 0.600000
8.310000 49.267000 2.696000 1.387000
8.148000 48.376000 0.553000 1.487000
6.987000 47.682000 1.466000 1.487000
8.951000 47.432000 4.817000 1.824000
8.810000 46.900000 6.134000 1.908000
8.555000 45.420000 6.312000 1.908000
7.910000 45.030000 7.292000 1.661200
7.837000 47.783000 6.991000 1.908000
8.356000 49.196000 6.902000 1.908000
7.805000 50.167000 6.105000 1.908000
9.558000 49.743000 7.435000 1.908000
8.566000 51.285000 6.169000 1.824000
9.654000 51.066000 6.981000 1.908000
10.557000 49.258000 8.275000 1.908000
10.699000 51.915000 7.337000 1.908000
11.589000 50.111000 8.645000 1.908000
11.654000 51.433000 8.180000 1.908000
12.408000 52.011000 8.476000 1.459000
9.688000 47.117000 6.656000 1.387000
8.376000 52.156000 5.697000 0.600000
10.541000 48.319000 8.610000 1.459000
12.300000 49.769000 9.257000 1.459000
10.731000 52.855000 6.971000 1.459000
6.974000 50.056000 5.567000 1.409000
9.946000 47.890000 4.535000 0.600000
7.896000 47.499000 7.905000 1.487000
6.969000 47.757000 6.585000 1.487000
9.092000 44.586000 5.420000 1.824000
9.051000 43.145000 5.570000 1.908000
10.095000 42.773000 6.643000 1.908000
11.038000 43.571000 6.797000 1.661200
9.507000 42.410000 4.303000 1.908000
8.672000 42.564000 3.036000 1.908000
9.171000 41.685000 1.894000 1.908000
7.236000 42.185000 3.359000 1.908000
6.883000 42.787000 4.076000 1.487000
6.671000 42.280000 2.539000 1.487000
7.202000 41.237000 3.677000 1.487000
9.543000 45.067000 4.606000 0.600000
9.133000 40.725000 2.172000 1.487000
8.592000 41.823000 1.090000 1.487000
10.114000 41.931000 1.672000 1.487000
8.159000 42.874000 5.905000 1.387000
8.696000 43.529000 2.744000 1.487000
9.545000 41.429000 4.520000 1.487000
10.437000 42.727000 4.088000 1.487000
9.843000 41.775000 7.512000 1.824000
10.815000 41.566000 8.588000 1.908000
11.078000 40.069000 8.710000 1.908000
10.140000 39.280000 8.855000 1.661200
10.422000 42.018000 10.003000 1.908000
9.833000 43.425000 10.026000 1.908000
11.573000 41.862000 11.042000 1.908000
9.417000 43.856000 11.421000 1.908000
11.665000 41.982000 8.281000 1.387000
11.198000 42.045000 11.943000 1.487000
11.915000 40.932000 10.982000 1.487000
9.724000 41.384000 10.346000 1.487000
10.513000 44.061000 9.682000 1.487000
9.033000 43.442000 9.437000 1.487000
10.215000 43.844000 12.020000 1.487000
9.006000 41.243000 7.362000 0.600000
9.040000 44.779000 11.381000 1.487000
12.282000 42.517000 10.813000 1.487000
8.726000 43.225000 11.768000 1.487000
12.355000 39.756000 8.682000 1.824000
12.877000 38.418000 8.780000 1.908000
13.892000 38.368000 9.913000 1.908000
14.447000 39.409000 10.262000 1.661200
13.652000 38.038000 7.496000 1.908000
12.763000 37.539000 6.369000 1.908000
12.049000 38.527000 5.668000 1.908000
12.556000 36.230000 6.019000 1.908000
11.180000 38.189000 4.663000 1.908000
11.652000 35.842000 5.025000 1.908000
11.050000 36.856000 4.298000 1.908000
10.127000 36.633000 3.307000 1.721000
12.129000 37.793000 9.008000 1.387000
10.642000 38.889000 4.191000 1.459000
11.457000 34.899000 4.855000 1.459000
12.992000 40.605000 8.577000 0.600000
13.076000 35.501000 6.494000 1.459000
12.185000 39.487000 5.916000 1.459000
14.295000 37.317000 7.728000 1.487000
14.136000 38.846000 7.179000 1.487000
10.326000 37.229000 2.531000 1.100000
14.262000 37.168000 10.307000 1.824000
15.391000 36.916000 11.192000 1.908000
16.189000 35.694000 10.731000 1.908000
15.703000 34.787000 10.020000 1.661200
14.946000 36.530000 12.606000 1.908000
14.091000 35.275000 12.705000 1.908000
13.488000 35.301000 14.120000 1.908000
12.678000 34.000000 14.283000 1.908000
12.747000 33.514000 15.685000 1.824000
16.001000 37.718000 11.183000 1.387000
11.730000 34.186000 14.038000 1.100000
13.059000 33.313000 13.670000 1.100000
13.367000 35.319000 12.055000 1.487000
14.654000 34.486000 12.618000 1.487000
13.701000 33.348000 15.933000 0.600000
12.358000 34.204000 16.296000 0.600000
12.228000 32.663000 15.768000 0.600000
12.881000 36.056000 14.193000 1.487000
14.209000 35.302000 14.772000 1.487000
13.664000 36.387000 9.923000 0.600000
14.422000 37.298000 12.987000 1.487000
15.769000 36.393000 13.164000 1.487000
17.352000 35.612000 11.393000 1.824000
18.243000 34.488000 11.211000 1.908000
18.934000 34.266000 12.550000 1.908000
19.307000 35.256000 13.223000 1.661200
19.317000 34.708000 10.111000 1.908000
20.089000 33.504000 10.091000 1.721000
20.343000 35.815000 10.472000 1.908000
17.709000 33.681000 10.998000 1.387000
20.487000 36.398000 9.674000 1.487000
19.984000 36.357000 11.229000 1.487000
17.541000 36.410000 12.028000 0.600000
18.853000 34.809000 9.227000 1.387000
21.204000 35.386000 10.739000 1.487000
19.628000 32.801000 9.539000 1.100000
19.078000 33.007000 12.914000 1.824000
19.810000 32.685000 14.150000 1.908000
20.970000 31.738000 13.873000 1.908000
21.587000 31.175000 14.785000 1.661200
18.941000 31.983000 15.202000 1.908000
18.389000 30.817000 14.595000 1.721000
17.780000 32.826000 15.685000 1.908000
20.179000 33.542000 14.528000 1.387000
17.744000 32.819000 16.689000 1.487000
17.888000 33.773000 15.369000 1.487000
18.661000 32.303000 12.299000 0.600000
19.530000 31.694000 15.975000 1.387000
16.916000 32.460000 15.326000 1.487000
18.477000 30.865000 13.593000 1.100000
21.263000 31.572000 12.574000 1.824000
22.345000 30.617000 12.237000 1.908000
23.336000 31.223000 11.248000 1.908000
23.774000 30.633000 10.256000 1.661200
21.688000 29.366000 11.667000 1.908000
20.867000 29.541000 10.443000 1.908000
20.781000 30.664000 9.851000 1.661200
20.201000 28.585000 9.993000 1.661200
20.733000 32.104000 11.911000 0.600000
22.846000 30.436000 13.091000 1.387000
21.110000 28.969000 12.400000 1.487000
22.428000 28.698000 11.477000 1.487000
23.589000 32.492000 11.417000 1.824000
24.540000 33.269000 10.638000 1.908000
24.221000 33.148000 9.167000 1.908000
24.986000 32.868000 8.253000 1.661200
25.993000 32.902000 10.988000 1.908000
26.969000 33.994000 10.752000 1.908000
23.022000 32.938000 12.204000 0.600000
24.457000 34.234000 10.905000 1.387000
26.262000 32.102000 10.435000 1.487000
26.030000 32.638000 11.961000 1.487000
26.930000 35.321000 11.030000 1.908000
28.558000 32.915000 9.850000 0.600000
29.758000 35.076000 9.676000 1.359000
28.848000 34.947000 10.074000 1.908000
28.208000 33.806000 10.163000 1.824000
28.101000 35.884000 10.592000 1.824000
26.176000 35.805000 11.479000 1.409000
22.980000 33.580000 8.883000 1.824000
22.481000 33.818000 7.532000 1.908000
22.405000 32.522000 6.740000 1.908000
22.107000 32.654000 5.569000 1.661200
23.244000 34.917000 6.797000 1.908000
23.691000 36.189000 7.525000 1.908000
22.910000 37.354000 7.572000 1.908000
24.943000 36.267000 8.103000 1.908000
23.335000 38.478000 8.245000 1.908000
25.384000 37.388000 8.784000 1.908000
24.581000 38.494000 8.854000 1.908000
25.049000 39.619000 9.511000 1.721000
21.551000 34.199000 7.602000 1.387000
22.744000 39.291000 8.299000 1.459000
26.286000 37.385000 9.221000 1.459000
22.388000 33.734000 9.742000 0.600000
25.565000 35.472000 8.028000 1.459000
22.023000 37.361000 7.101000 1.459000
22.674000 35.217000 5.997000 1.487000
24.086000 34.497000 6.386000 1.487000
24.373000 40.347000 9.428000 1.100000
22.567000 31.318000 7.247000 1.824000
22.233000 30.105000 6.524000 1.908000
20.766000 30.056000 6.139000 1.908000
20.356000 29.671000 5.029000 1.661200
22.605000 28.901000 7.427000 1.908000
24.115000 28.905000 7.760000 1.908000
24.556000 27.707000 8.564000 1.908000
24.620000 28.924000 6.896000 1.487000
22.777000 30.090000 5.670000 1.387000
24.313000 29.740000 8.277000 1.487000
22.959000 31.308000 8.222000 0.600000
22.401000 28.067000 6.945000 1.487000
22.106000 28.971000 8.272000 1.487000
25.061000 28.879000 10.118000 0.600000
24.510000 26.584000 8.072000 1.661200
25.020000 27.905000 9.796000 1.824000
25.315000 27.140000 10.380000 0.600000
19.886000 30.250000 7.120000 1.824000
18.448000 30.212000 6.989000 1.908000
17.829000 31.447000 7.666000 1.908000
18.318000 32.138000 8.589000 1.661200
17.794000 28.974000 7.619000 1.908000
18.107000 29.008000 9.022000 1.721000
18.237000 27.632000 7.023000 1.908000
18.204000 30.241000 6.017000 1.387000
17.460000 27.001000 7.008000 1.487000
18.569000 27.774000 6.089000 1.487000
20.362000 30.446000 8.059000 0.600000
16.792000 29.042000 7.518000 1.387000
18.971000 27.244000 7.582000 1.487000
19.085000 28.826000 9.164000 1.100000
16.651000 31.760000 7.129000 1.824000
15.868000 32.916000 7.500000 1.908000
14.410000 32.562000 7.741000 1.908000
13.825000 31.825000 6.956000 1.661200
15.956000 33.879000 6.320000 1.908000
17.296000 34.466000 6.049000 1.908000
17.784000 35.538000 6.796000 1.908000
18.087000 33.935000 5.028000 1.908000
19.023000 36.071000 6.518000 1.908000
19.320000 34.471000 4.760000 1.908000
19.796000 35.543000 5.502000 1.908000
20.695000 35.932000 5.303000 1.459000
16.233000 33.255000 8.381000 1.387000
19.364000 36.853000 7.062000 1.459000
19.891000 34.082000 4.011000 1.459000
16.335000 31.070000 6.390000 0.600000
17.744000 33.162000 4.498000 1.459000
17.234000 35.916000 7.532000 1.459000
15.318000 34.629000 6.497000 1.487000
15.664000 33.380000 5.503000 1.487000
13.804000 33.166000 8.739000 1.824000
12.379000 32.998000 9.028000 1.908000
11.695000 34.365000 8.932000 1.908000
12.150000 35.344000 9.538000 1.661200
12.229000 32.457000 10.437000 1.908000
12.877000 31.163000 10.490000 1.721000
10.778000 32.438000 10.825000 1.908000
11.981000 32.399000 8.337000 1.387000
10.534000 31.546000 11.222000 1.487000
10.588000 33.155000 11.505000 1.487000
14.425000 33.783000 9.318000 0.600000
12.709000 33.067000 11.090000 1.387000
10.198000 32.600000 10.019000 1.487000
13.852000 31.260000 10.277000 1.100000
10.577000 34.409000 8.189000 1.824000
9.748000 35.605000 8.085000 1.908000
8.986000 35.839000 9.389000 1.908000
8.397000 34.945000 9.975000 1.661200
8.834000 35.540000 6.865000 1.908000
7.870000 36.738000 6.765000 1.908000
7.244000 36.930000 5.424000 1.908000
6.557000 38.322000 5.288000 1.908000
5.178000 38.075000 4.810000 1.824000
10.339000 36.399000 7.912000 1.387000
6.542000 38.742000 6.174000 1.100000
7.058000 38.847000 4.628000 1.100000
7.144000 36.610000 7.464000 1.487000
8.386000 37.574000 7.023000 1.487000
4.934000 38.759000 4.121000 0.600000
5.122000 37.162000 4.405000 0.600000
4.540000 38.136000 5.579000 0.600000
6.541000 36.240000 5.270000 1.487000
7.938000 36.874000 4.709000 1.487000
10.359000 33.515000 7.697000 0.600000
8.287000 34.713000 6.921000 1.487000
9.395000 35.533000 6.046000 1.487000
9.196000 37.006000 10.039000 1.824000
8.537000 37.244000 11.318000 1.908000
7.562000 38.396000 11.203000 1.908000
6.712000 38.492000 12.116000 1.661200
9.440000 37.399000 12.541000 1.908000
10.315000 38.632000 12.470000 1.908000
10.217000 36.092000 12.764000 1.908000
11.340000 38.803000 13.584000 1.908000
7.995000 36.422000 11.511000 1.387000
10.712000 36.161000 13.625000 1.487000
9.566000 35.339000 12.797000 1.487000
8.850000 37.480000 13.352000 1.487000
10.807000 38.630000 11.587000 1.487000
9.718000 39.450000 12.468000 1.487000
11.961000 38.023000 13.578000 1.487000
9.823000 37.660000 9.571000 0.600000
11.852000 39.645000 13.430000 1.487000
10.852000 35.969000 12.007000 1.487000
10.865000 38.851000 14.459000 1.487000
7.495000 39.154000 10.137000 1.824000
6.419000 40.158000 10.038000 1.908000
6.037000 40.184000 8.531000 1.908000
6.696000 41.534000 10.602000 1.908000
6.987000 41.611000 12.102000 1.908000
5.751000 41.418000 13.001000 1.908000
6.081000 41.718000 14.410000 1.824000
6.686000 40.840000 15.212000 1.908000
6.926000 39.608000 14.815000 1.824000
7.113000 41.085000 16.451000 1.824000
7.090000 40.213000 7.827000 1.661200
5.057000 40.180000 8.054000 1.661200
5.642000 39.851000 10.548000 1.387000
5.840000 42.611000 14.769000 0.600000
7.656000 40.901000 12.349000 1.487000
7.381000 42.511000 12.319000 1.487000
7.526000 40.422000 17.001000 0.600000
6.986000 42.034000 16.817000 0.600000
8.203000 39.009000 9.417000 0.600000
5.465000 40.476000 12.926000 1.387000
5.049000 42.038000 12.691000 1.387000
7.367000 38.954000 15.441000 0.600000
6.675000 39.313000 13.892000 0.600000
5.899000 42.122000 10.421000 1.487000
7.491000 41.924000 10.122000 1.487000
