0 2.346552127288e+01
1 1.386910815557e+00
2 0.000000000000e+00
3 1.328801426205e+01
4 0.000000000000e+00
5 2.567311374096e+00
6 3.038247333277e+00
7 1.180907998661e+01
8 0.000000000000e+00
9 0.000000000000e+00
10 9.946086681830e+00
11 1.307232988106e+01
12 0.000000000000e+00
13 0.000000000000e+00
14 0.000000000000e+00
15 1.137441177004e+01
16 1.166278944631e+01
17 4.080929134594e+00
18 1.995039548753e+00
19 0.000000000000e+00
20 0.000000000000e+00
21 0.000000000000e+00
22 0.000000000000e+00
23 7.335447605498e-01
24 0.000000000000e+00
25 4.173616241348e+00
26 4.748965871643e+00
27 2.640553999125e+00
28 0.000000000000e+00
29 0.000000000000e+00
30 8.908867038301e+00
31 8.721863787745e+00
32 7.159552408762e+00
33 0.000000000000e+00
34 1.239714501266e+01
35 3.760035897654e+00
36 1.088932252409e+01
37 0.000000000000e+00
38 0.000000000000e+00
39 0.000000000000e+00
40 0.000000000000e+00
41 0.000000000000e+00
42 1.239955897336e+00
43 0.000000000000e+00
44 0.000000000000e+00
45 0.000000000000e+00
46 0.000000000000e+00
47 1.329262101911e+01
48 1.343250014383e+01
49 0.000000000000e+00
50 0.000000000000e+00
51 0.000000000000e+00
52 0.000000000000e+00
53 0.000000000000e+00
54 0.000000000000e+00
55 7.957148250000e-01
56 1.086939232325e+01
57 4.187127593414e+00
58 0.000000000000e+00
59 9.444482131436e+00
60 1.194641938062e+01
61 0.000000000000e+00
62 9.602499012380e+00
63 8.839300533585e+00
64 0.000000000000e+00
65 3.142527633912e+00
66 0.000000000000e+00
67 0.000000000000e+00
68 0.000000000000e+00
69 2.080410286492e+00
70 7.154950892831e-01
71 0.000000000000e+00
72 5.266491653273e+00
73 0.000000000000e+00
74 3.857773989041e+00
75 0.000000000000e+00
76 0.000000000000e+00
77 0.000000000000e+00
78 0.000000000000e+00
79 5.891285259182e+00
80 0.000000000000e+00
81 1.101319866813e+01
82 0.000000000000e+00
83 4.437694468757e+00
84 9.358856486296e+00
85 2.726899144876e+00
86 0.000000000000e+00
87 8.545025001077e-01
88 1.878414768946e+00
89 1.004810807251e+00
90 5.438834826859e+00
91 1.289646295944e+01
92 2.034390241881e+01
93 0.000000000000e+00
94 0.000000000000e+00
95 1.004099085404e+01
96 9.979803648663e+00
97 3.423274322869e+00
98 2.808580627581e+00
99 0.000000000000e+00
100 4.371631444849e+00
101 0.000000000000e+00
102 9.202458688797e+00
103 2.636326219671e+00
104 0.000000000000e+00
105 0.000000000000e+00
106 0.000000000000e+00
107 0.000000000000e+00
108 0.000000000000e+00
109 0.000000000000e+00
110 0.000000000000e+00
111 0.000000000000e+00
112 0.000000000000e+00
113 0.000000000000e+00
114 0.000000000000e+00
115 0.000000000000e+00
116 0.000000000000e+00
117 0.000000000000e+00
118 0.000000000000e+00
119 0.000000000000e+00
120 0.000000000000e+00
121 0.000000000000e+00
122 0.000000000000e+00
123 0.000000000000e+00
124 0.000000000000e+00
125 0.000000000000e+00
126 0.000000000000e+00
127 0.000000000000e+00
128 0.000000000000e+00
129 0.000000000000e+00
130 0.000000000000e+00
131 0.000000000000e+00
132 0.000000000000e+00
133 0.000000000000e+00
134 1.610298171425e+00
135 3.810863825038e+00
136 1.927174888746e+01
137 2.007921507594e+01
138 0.000000000000e+00
139 0.000000000000e+00
140 5.780575016910e+00
141 5.110872536218e+00
142 0.000000000000e+00
143 1.076051496183e+00
144 0.000000000000e+00
145 0.000000000000e+00
146 0.000000000000e+00
147 0.000000000000e+00
148 0.000000000000e+00
149 0.000000000000e+00
150 0.000000000000e+00
151 2.127567566924e+00
152 0.000000000000e+00
153 1.865967056297e+01
154 5.234894264876e+00
155 0.000000000000e+00
156 1.322242263722e+01
157 0.000000000000e+00
158 9.684650500934e+00
159 0.000000000000e+00
160 0.000000000000e+00
161 4.630618370728e+00
162 0.000000000000e+00
163 0.000000000000e+00
164 0.000000000000e+00
165 0.000000000000e+00
166 0.000000000000e+00
167 0.000000000000e+00
168 0.000000000000e+00
169 0.000000000000e+00
170 0.000000000000e+00
171 0.000000000000e+00
172 0.000000000000e+00
173 0.000000000000e+00
174 0.000000000000e+00
175 0.000000000000e+00
176 0.000000000000e+00
177 0.000000000000e+00
178 0.000000000000e+00
179 0.000000000000e+00
180 0.000000000000e+00
181 0.000000000000e+00
182 0.000000000000e+00
183 0.000000000000e+00
184 1.861010032059e+00
185 1.073091536705e+01
186 0.000000000000e+00
187 0.000000000000e+00
188 1.517477137952e+00
189 5.141133570789e+00
190 2.705051813891e+00
191 0.000000000000e+00
192 0.000000000000e+00
193 1.061956670463e+01
194 4.164868911532e+00
195 0.000000000000e+00
196 1.079395024464e+01
197 1.925775615252e+01
198 0.000000000000e+00
199 0.000000000000e+00
200 0.000000000000e+00
201 0.000000000000e+00
202 1.693634679635e+01
203 0.000000000000e+00
204 1.787167923777e+01
205 3.469859026106e+00
206 7.303927419027e+00
207 6.695371179971e+00
208 5.957245960431e+00
209 0.000000000000e+00
210 0.000000000000e+00
211 1.169972617533e+01
212 0.000000000000e+00
213 0.000000000000e+00
214 0.000000000000e+00
215 2.032258838258e+00
216 1.102355894364e+01
217 0.000000000000e+00
218 0.000000000000e+00
219 6.696639262569e+00
220 0.000000000000e+00
221 8.771955786593e+00
222 0.000000000000e+00
223 4.507698705894e+00
224 2.338620597357e+01
225 5.134373605742e+00
226 1.091669809194e+01
227 1.036056997282e+01
228 0.000000000000e+00
229 0.000000000000e+00
230 1.133386904417e+01
231 2.511625662334e+00
232 0.000000000000e+00
233 0.000000000000e+00
234 0.000000000000e+00
235 0.000000000000e+00
236 0.000000000000e+00
237 1.213838728760e+01
238 7.035929275492e-01
239 1.441887666125e+00
240 0.000000000000e+00
241 9.784950924153e+00
242 5.236468383218e+00
243 1.508935695221e+01
244 0.000000000000e+00
245 1.087331509438e+01
246 0.000000000000e+00
247 7.833269249350e+00
248 0.000000000000e+00
249 5.545024168267e+00
250 8.826262668374e+00
251 0.000000000000e+00
252 0.000000000000e+00
253 0.000000000000e+00
254 0.000000000000e+00
255 1.577389006338e+00
256 0.000000000000e+00
257 1.121871950107e+00
258 1.030442067101e+01
259 2.840918755892e+01
260 7.513591907585e+00
261 3.609370621789e-01
262 0.000000000000e+00
263 0.000000000000e+00
264 0.000000000000e+00
265 0.000000000000e+00
266 0.000000000000e+00
267 0.000000000000e+00
268 1.028751906094e+01
269 1.205435067961e+01
270 0.000000000000e+00
271 7.058076321166e+00
272 9.270946864671e+00
273 5.098140082921e+00
274 0.000000000000e+00
275 0.000000000000e+00
276 9.017287767188e+00
277 0.000000000000e+00
278 0.000000000000e+00
279 0.000000000000e+00
280 0.000000000000e+00
281 0.000000000000e+00
282 0.000000000000e+00
283 0.000000000000e+00
284 0.000000000000e+00
285 0.000000000000e+00
286 0.000000000000e+00
287 8.766340555243e+00
288 0.000000000000e+00
289 3.179780574944e+00
290 0.000000000000e+00
291 7.278258244760e+00
292 0.000000000000e+00
293 0.000000000000e+00
294 0.000000000000e+00
295 4.783297061821e+00
296 0.000000000000e+00
297 0.000000000000e+00
298 0.000000000000e+00
299 0.000000000000e+00
300 0.000000000000e+00
301 0.000000000000e+00
302 0.000000000000e+00
303 0.000000000000e+00
304 8.389264892082e+00
305 0.000000000000e+00
306 6.946791952454e+00
307 0.000000000000e+00
308 2.870199696577e+00
309 6.446310619124e+00
310 2.013398641488e+00
311 4.398714704739e+00
312 1.947402113913e+01
313 2.201287724050e+01
314 0.000000000000e+00
315 7.871785754067e+00
316 9.948923939980e+00
317 1.052567058499e+01
318 2.838641366562e+00
319 0.000000000000e+00
320 0.000000000000e+00
321 0.000000000000e+00
322 0.000000000000e+00
323 0.000000000000e+00
324 3.816960124050e+00
325 0.000000000000e+00
326 1.270725135426e+01
327 0.000000000000e+00
328 6.560053235072e+00
329 0.000000000000e+00
330 0.000000000000e+00
331 0.000000000000e+00
332 0.000000000000e+00
333 0.000000000000e+00
334 1.440010560951e+00
335 1.416810831313e+01
336 6.031990661777e-01
337 0.000000000000e+00
338 0.000000000000e+00
339 0.000000000000e+00
340 0.000000000000e+00
341 0.000000000000e+00
342 0.000000000000e+00
343 0.000000000000e+00
344 0.000000000000e+00
345 0.000000000000e+00
346 0.000000000000e+00
347 0.000000000000e+00
348 0.000000000000e+00
349 0.000000000000e+00
350 2.507131350808e+00
351 3.370828836348e+00
352 0.000000000000e+00
353 0.000000000000e+00
354 0.000000000000e+00
355 0.000000000000e+00
356 0.000000000000e+00
357 0.000000000000e+00
358 0.000000000000e+00
359 2.228042113705e+00
360 0.000000000000e+00
361 6.537658907724e+00
362 7.144744852583e+00
363 1.163323759518e+01
364 0.000000000000e+00
365 0.000000000000e+00
366 0.000000000000e+00
367 0.000000000000e+00
368 0.000000000000e+00
369 0.000000000000e+00
370 0.000000000000e+00
371 0.000000000000e+00
372 0.000000000000e+00
373 0.000000000000e+00
374 0.000000000000e+00
375 0.000000000000e+00
376 8.116280960054e-01
377 4.415746938282e+00
378 4.645674887252e+00
379 0.000000000000e+00
380 9.128564820307e+00
381 1.121344877102e+01
382 0.000000000000e+00
383 2.111927626621e+00
384 3.220318504776e+00
385 0.000000000000e+00
386 0.000000000000e+00
387 0.000000000000e+00
388 0.000000000000e+00
389 0.000000000000e+00
390 0.000000000000e+00
391 0.000000000000e+00
392 2.049832656386e+00
393 1.297039600997e+01
394 1.449812658121e+01
395 0.000000000000e+00
396 2.551484759019e+00
397 2.785357707674e+00
398 0.000000000000e+00
399 0.000000000000e+00
400 0.000000000000e+00
401 0.000000000000e+00
402 0.000000000000e+00
403 2.940205556540e+00
404 8.164503000668e+00
405 0.000000000000e+00
406 1.294518127395e+00
407 7.579895005414e+00
408 5.661322565776e+00
409 8.587037670450e-01
410 0.000000000000e+00
411 6.123785808149e+00
412 4.390911513908e+00
413 2.409506035517e+01
414 0.000000000000e+00
415 3.844094159033e+00
416 4.510345575239e+00
417 1.130097525031e+01
418 0.000000000000e+00
419 0.000000000000e+00
420 0.000000000000e+00
421 0.000000000000e+00
422 0.000000000000e+00
423 0.000000000000e+00
424 1.507032232914e+00
425 5.151253270977e+00
426 5.807624835466e+00
427 2.075996270562e+01
428 9.966998982866e+00
429 8.190815398852e+00
430 7.370024018253e+00
431 0.000000000000e+00
432 7.885806745690e+00
433 0.000000000000e+00
434 0.000000000000e+00
435 0.000000000000e+00
436 0.000000000000e+00
437 0.000000000000e+00
438 0.000000000000e+00
439 0.000000000000e+00
440 0.000000000000e+00
441 0.000000000000e+00
442 0.000000000000e+00
443 0.000000000000e+00
444 0.000000000000e+00
445 0.000000000000e+00
446 1.459661313012e+00
447 1.314697882184e+01
448 6.798816843663e-01
449 0.000000000000e+00
450 3.372066831345e+00
451 7.806708250470e+00
452 0.000000000000e+00
453 0.000000000000e+00
454 0.000000000000e+00
455 1.131230097625e+01
456 4.250411642108e+00
457 0.000000000000e+00
458 1.486174078003e+01
459 2.281503312459e+01
460 0.000000000000e+00
461 2.116046920049e+00
462 0.000000000000e+00
463 0.000000000000e+00
464 1.915459413489e+01
465 3.897901088577e+00
466 0.000000000000e+00
467 8.850769458528e+00
468 9.836959108073e+00
469 6.403162016081e+00
470 1.268098573104e+01
471 0.000000000000e+00
472 0.000000000000e+00
473 3.524936057706e+00
474 1.119732690608e+01
475 0.000000000000e+00
476 0.000000000000e+00
477 2.685248758815e+00
478 4.702339173774e+00
479 9.610001075070e+00
480 1.134836214394e+01
481 1.141808786369e+01
482 0.000000000000e+00
483 5.595974103176e+00
484 1.013836783117e+01
485 0.000000000000e+00
486 4.610828801788e+00
487 4.051587398935e+00
488 2.231391724072e+00
489 0.000000000000e+00
490 1.127926130573e+00
491 3.075498870890e+00
492 1.976860963946e+00
493 7.996101447933e+00
494 0.000000000000e+00
495 1.124374403024e+01
496 6.146202285748e+00
497 0.000000000000e+00
498 0.000000000000e+00
499 0.000000000000e+00
500 8.829311571595e+00
501 0.000000000000e+00
502 0.000000000000e+00
503 0.000000000000e+00
504 0.000000000000e+00
505 7.830771601080e+00
506 0.000000000000e+00
507 2.653080631053e+00
508 0.000000000000e+00
509 5.316096983967e+00
510 2.607335617295e+00
511 5.158456513478e+00
512 0.000000000000e+00
513 0.000000000000e+00
514 0.000000000000e+00
515 0.000000000000e+00
516 4.158742392816e+00
517 0.000000000000e+00
518 0.000000000000e+00
519 0.000000000000e+00
520 0.000000000000e+00
521 0.000000000000e+00
522 0.000000000000e+00
523 0.000000000000e+00
524 0.000000000000e+00
525 0.000000000000e+00
526 1.661725148723e+00
527 3.245055201097e+00
528 5.895938115377e+00
529 1.012610000794e+01
530 3.839553186900e+00
531 0.000000000000e+00
532 1.128664159000e+01
533 0.000000000000e+00
534 0.000000000000e+00
535 9.093276428849e+00
536 1.062624319197e+01
537 5.811109781345e+00
538 0.000000000000e+00
539 8.955103875565e-01
540 6.694008216474e+00
541 4.103853907897e+00
542 0.000000000000e+00
543 3.604055380121e+00
544 8.211040560871e+00
545 1.227386273387e+01
546 1.168726793184e+01
547 3.735797541999e+00
548 1.182201547984e+00
549 0.000000000000e+00
550 1.308069439600e+01
551 5.275963248956e+00
552 1.719972836910e+01
553 0.000000000000e+00
554 8.705671517494e+00
555 1.002281235281e+01
556 8.356705498722e+00
557 0.000000000000e+00
558 0.000000000000e+00
559 0.000000000000e+00
560 0.000000000000e+00
561 1.475490179829e+01
562 0.000000000000e+00
563 7.187076588228e-01
564 0.000000000000e+00
565 1.068674284572e+01
566 2.798410770099e+01
567 6.871240181115e+00
568 2.468898126146e+00
569 4.124015177819e+00
570 1.068694078263e+01
571 3.658787221320e+00
572 0.000000000000e+00
573 0.000000000000e+00
574 0.000000000000e+00
575 9.249871972391e+00
576 0.000000000000e+00
577 0.000000000000e+00
578 4.283191862565e+00
579 0.000000000000e+00
580 0.000000000000e+00
581 0.000000000000e+00
582 0.000000000000e+00
583 1.273271047007e+01
584 0.000000000000e+00
585 5.915006136859e+00
586 3.480965259110e+00
587 0.000000000000e+00
588 0.000000000000e+00
589 0.000000000000e+00
590 0.000000000000e+00
591 1.063316966400e+00
592 0.000000000000e+00
593 2.823864869316e+00
594 0.000000000000e+00
595 7.027688158501e+00
596 3.909570232161e+00
597 0.000000000000e+00
598 1.218794373882e+01
599 0.000000000000e+00
600 0.000000000000e+00
601 0.000000000000e+00
602 0.000000000000e+00
603 0.000000000000e+00
604 0.000000000000e+00
605 0.000000000000e+00
606 0.000000000000e+00
607 0.000000000000e+00
608 0.000000000000e+00
609 0.000000000000e+00
610 0.000000000000e+00
611 0.000000000000e+00
612 0.000000000000e+00
613 0.000000000000e+00
614 0.000000000000e+00
615 0.000000000000e+00
616 0.000000000000e+00
617 0.000000000000e+00
618 0.000000000000e+00
619 0.000000000000e+00
620 0.000000000000e+00
621 0.000000000000e+00
622 0.000000000000e+00
623 7.150753107791e+00
624 0.000000000000e+00
625 0.000000000000e+00
626 0.000000000000e+00
627 1.249551658759e+01
628 3.252240339271e+00
629 7.525001613576e+00
630 0.000000000000e+00
631 0.000000000000e+00
632 0.000000000000e+00
633 1.678277363653e+01
634 1.034689601573e+00
635 5.420623257240e+00
636 1.883140392333e+01
637 1.694180943630e+01
638 0.000000000000e+00
639 6.576302648005e+00
640 1.266610606056e+01
641 1.359616840751e+00
642 0.000000000000e+00
643 0.000000000000e+00
644 0.000000000000e+00
645 1.368589670492e+01
646 0.000000000000e+00
647 2.472992033814e+00
648 0.000000000000e+00
649 7.007973494064e+00
650 1.308043938446e+00
651 0.000000000000e+00
652 2.390002619691e+00
653 1.166168339451e+01
654 2.850886899223e+00
655 0.000000000000e+00
656 0.000000000000e+00
657 0.000000000000e+00
658 0.000000000000e+00
659 0.000000000000e+00
660 0.000000000000e+00
661 0.000000000000e+00
662 0.000000000000e+00
663 0.000000000000e+00
664 6.285496663134e+00
665 0.000000000000e+00
666 4.139981861422e+00
667 0.000000000000e+00
668 0.000000000000e+00
669 0.000000000000e+00
670 2.210863395450e+00
671 1.261102039243e+01
672 1.833496574760e+00
673 2.273421261302e+00
674 3.349253233013e+00
675 1.135973284003e+01
676 3.159052476842e+00
677 2.476002807208e+00
678 9.945682674864e+00
679 6.510870511437e+00
680 1.217932254202e+01
681 9.754884104608e+00
682 9.910508898923e+00
683 2.329487953423e+00
684 5.785310263617e+00
685 1.251463266220e+01
686 0.000000000000e+00
687 1.165034358541e+01
688 1.000295245941e+01
689 0.000000000000e+00
690 0.000000000000e+00
691 9.603528079093e-01
692 4.046715268166e+00
693 0.000000000000e+00
694 1.378957303578e-01
695 0.000000000000e+00
696 1.169322425956e+01
697 2.070908164502e+01
698 0.000000000000e+00
699 2.983571364965e+00
700 3.012473618720e+00
701 2.787026931118e+00
702 4.233542234479e+00
703 0.000000000000e+00
704 0.000000000000e+00
705 0.000000000000e+00
706 3.045787147058e+00
707 0.000000000000e+00
708 0.000000000000e+00
709 0.000000000000e+00
710 0.000000000000e+00
711 0.000000000000e+00
712 0.000000000000e+00
713 0.000000000000e+00
714 0.000000000000e+00
715 0.000000000000e+00
716 8.235932539795e+00
717 0.000000000000e+00
718 0.000000000000e+00
719 0.000000000000e+00
720 0.000000000000e+00
721 0.000000000000e+00
722 0.000000000000e+00
723 0.000000000000e+00
724 0.000000000000e+00
725 0.000000000000e+00
726 0.000000000000e+00
727 0.000000000000e+00
728 0.000000000000e+00
729 0.000000000000e+00
730 0.000000000000e+00
731 0.000000000000e+00
732 0.000000000000e+00
733 0.000000000000e+00
734 0.000000000000e+00
735 0.000000000000e+00
736 0.000000000000e+00
737 0.000000000000e+00
738 0.000000000000e+00
739 0.000000000000e+00
740 0.000000000000e+00
741 0.000000000000e+00
742 0.000000000000e+00
743 0.000000000000e+00
744 4.959029183179e+00
745 0.000000000000e+00
746 0.000000000000e+00
747 0.000000000000e+00
748 0.000000000000e+00
749 1.148740814717e+00
750 0.000000000000e+00
751 2.400265452211e+00
752 0.000000000000e+00
753 2.316519983093e+00
754 7.543462691531e+00
755 0.000000000000e+00
756 0.000000000000e+00
757 0.000000000000e+00
758 0.000000000000e+00
759 0.000000000000e+00
760 3.794985816524e+00
761 1.151828632043e+01
762 0.000000000000e+00
763 0.000000000000e+00
764 7.405314370993e+00
765 1.105962667666e+01
766 3.947302032717e+00
767 3.042377514961e+00
768 0.000000000000e+00
769 0.000000000000e+00
770 1.603045357963e+01
771 0.000000000000e+00
772 8.486378173433e-01
773 4.955103835451e+00
774 3.887467522522e+00
775 0.000000000000e+00
776 1.155148803225e+01
777 1.574006972653e+00
778 1.025142907585e+01
779 1.018668366465e+01
780 1.017956488950e+01
781 0.000000000000e+00
782 0.000000000000e+00
783 8.109457070952e+00
784 3.404077624108e+00
785 6.247631428775e+00
786 0.000000000000e+00
787 0.000000000000e+00
788 0.000000000000e+00
789 5.492497225435e+00
790 0.000000000000e+00
791 0.000000000000e+00
792 2.924922855661e+00
793 0.000000000000e+00
794 6.076044741542e+00
795 0.000000000000e+00
796 1.952766723415e+00
797 8.371942294549e+00
798 4.129767235814e+00
799 7.337265820232e+00
800 0.000000000000e+00
801 0.000000000000e+00
802 0.000000000000e+00
803 3.643399972440e+00
804 0.000000000000e+00
805 0.000000000000e+00
806 9.507102213537e+00
807 0.000000000000e+00
808 1.989478589400e+00
809 1.278286843281e+01
810 5.691877309303e-01
811 1.743355934759e+01
812 0.000000000000e+00
813 7.435129476076e+00
814 8.346655463792e+00
815 0.000000000000e+00
816 0.000000000000e+00
817 0.000000000000e+00
818 0.000000000000e+00
819 0.000000000000e+00
820 8.534103363785e+00
821 0.000000000000e+00
822 0.000000000000e+00
823 2.831653438835e+00
824 0.000000000000e+00
825 8.169740637520e+00
826 0.000000000000e+00
827 5.544935088547e+00
828 1.350635180223e+01
829 0.000000000000e+00
830 0.000000000000e+00
831 6.248800885177e+00
832 0.000000000000e+00
833 0.000000000000e+00
834 1.902576749609e+01
835 5.656326650614e-01
836 0.000000000000e+00
837 4.398805922624e+00
838 1.166826748924e+01
839 3.300427226764e+00
840 2.228383989876e+01
841 2.295950529578e+01
842 4.540131019321e+00
843 7.819378127413e+00
844 0.000000000000e+00
845 8.163449367847e+00
846 0.000000000000e+00
847 0.000000000000e+00
848 0.000000000000e+00
849 7.258754041451e+00
850 8.877947707339e+00
851 0.000000000000e+00
852 0.000000000000e+00
853 1.052731876297e+01
854 8.615422357797e+00
855 3.352680194688e+00
856 0.000000000000e+00
857 3.476247247836e+00
858 1.417994326859e+01
859 0.000000000000e+00
860 3.329589969869e+00
861 8.430960260447e+00
862 1.643730843604e+01
863 2.108230426656e+01
864 7.175887827083e+00
865 3.488447448051e+00
866 5.633973128709e+00
867 0.000000000000e+00
868 3.911894910786e+00
869 7.643499093993e+00
870 2.919571661564e+00
871 3.390693785764e+00
872 7.875599608631e-01
873 1.706112827975e+01
874 0.000000000000e+00
875 4.717365478373e+00
876 8.857683425355e+00
877 0.000000000000e+00
878 0.000000000000e+00
879 0.000000000000e+00
880 1.937740054457e+01
881 0.000000000000e+00
882 6.343436379040e-01
883 0.000000000000e+00
884 8.216410593615e+00
885 1.224922959149e+01
886 7.796995636960e+00
887 3.776021876373e+00
888 0.000000000000e+00
889 1.127382875942e+01
890 2.927970234907e+00
891 0.000000000000e+00
892 0.000000000000e+00
893 0.000000000000e+00
894 4.666792033201e+00
895 0.000000000000e+00
896 0.000000000000e+00
897 8.439134427056e+00
898 0.000000000000e+00
899 0.000000000000e+00
900 0.000000000000e+00
901 1.496444246720e+00
902 7.824561273381e+00
903 0.000000000000e+00
904 0.000000000000e+00
905 0.000000000000e+00
906 0.000000000000e+00
907 0.000000000000e+00
908 0.000000000000e+00
909 0.000000000000e+00
910 0.000000000000e+00
911 0.000000000000e+00
912 0.000000000000e+00
913 0.000000000000e+00
914 0.000000000000e+00
915 0.000000000000e+00
916 0.000000000000e+00
917 0.000000000000e+00
918 1.902295401459e+00
919 0.000000000000e+00
920 0.000000000000e+00
921 0.000000000000e+00
922 3.114783070140e+00
923 0.000000000000e+00
924 0.000000000000e+00
925 0.000000000000e+00
926 8.675833950233e+00
927 7.734020149132e+00
928 0.000000000000e+00
929 5.429906361642e+00
930 1.197289862532e+01
931 7.699184645886e+00
932 9.297753532764e+00
933 3.185384654418e+00
934 4.068729811528e+00
935 1.560390542434e+01
936 0.000000000000e+00
937 7.306472176338e+00
938 9.770272078366e+00
939 6.538017391131e+00
940 8.204243088746e-01
941 3.055767779967e+00
942 7.189932216882e+00
943 0.000000000000e+00
944 0.000000000000e+00
945 0.000000000000e+00
946 1.305307624733e+01
947 2.827277522635e+01
948 7.101113641751e+00
949 3.860810396152e+00
950 3.015311550121e+00
951 0.000000000000e+00
952 1.144638980596e+01
953 0.000000000000e+00
954 0.000000000000e+00
955 0.000000000000e+00
956 6.768015826750e+00
957 8.786087359086e+00
958 0.000000000000e+00
959 0.000000000000e+00
960 4.223657731497e+00
961 6.748129582451e+00
962 5.224992537844e-01
963 0.000000000000e+00
964 1.464422768386e+01
965 5.519557796593e+00
966 2.228213063229e+01
967 0.000000000000e+00
968 8.112952558776e+00
969 9.026550395533e+00
970 9.829568159968e+00
971 0.000000000000e+00
972 1.065495354403e+01
973 4.168984860094e+00
974 6.176418844824e+00
975 1.406757137979e+01
976 0.000000000000e+00
977 1.057393947062e+01
978 8.819472023058e+00
979 2.236539451679e+00
980 0.000000000000e+00
981 0.000000000000e+00
982 1.641336235775e+01
983 0.000000000000e+00
984 0.000000000000e+00
985 0.000000000000e+00
986 0.000000000000e+00
987 0.000000000000e+00
988 5.592065556828e+00
989 1.126740905719e+01
990 0.000000000000e+00
991 3.572128675399e+00
992 0.000000000000e+00
993 0.000000000000e+00
994 0.000000000000e+00
995 0.000000000000e+00
996 0.000000000000e+00
997 0.000000000000e+00
998 0.000000000000e+00
999 0.000000000000e+00
1000 0.000000000000e+00
1001 0.000000000000e+00
1002 5.925207944318e+00
1003 0.000000000000e+00
1004 0.000000000000e+00
1005 2.564037994087e+00
1006 2.172573069116e+00
1007 1.614321696892e+00
1008 1.630757505897e+01
1009 5.702156322634e+00
1010 5.941149431736e+00
1011 1.046160615655e+01
1012 1.333403620397e+01
1013 0.000000000000e+00
1014 2.667466937725e+00
1015 5.762450764288e+00
1016 0.000000000000e+00
1017 3.023655239949e+00
1018 0.000000000000e+00
1019 0.000000000000e+00
1020 0.000000000000e+00
1021 0.000000000000e+00
1022 0.000000000000e+00
1023 0.000000000000e+00
1024 0.000000000000e+00
1025 7.191542039463e+00
1026 0.000000000000e+00
1027 0.000000000000e+00
1028 0.000000000000e+00
1029 0.000000000000e+00
1030 0.000000000000e+00
1031 0.000000000000e+00
1032 2.355337249192e+00
1033 0.000000000000e+00
1034 0.000000000000e+00
1035 0.000000000000e+00
1036 0.000000000000e+00
1037 9.702646047550e+00
1038 0.000000000000e+00
1039 0.000000000000e+00
1040 0.000000000000e+00
1041 0.000000000000e+00
1042 0.000000000000e+00
1043 0.000000000000e+00
1044 0.000000000000e+00
1045 0.000000000000e+00
1046 0.000000000000e+00
1047 2.879030567102e+00
1048 1.042463741486e+01
1049 3.404649018340e+00
1050 2.066794588243e+01
1051 2.588480964068e+01
1052 6.339931023199e+00
1053 0.000000000000e+00
1054 0.000000000000e+00
1055 0.000000000000e+00
1056 0.000000000000e+00
1057 0.000000000000e+00
1058 0.000000000000e+00
1059 2.615256473905e+00
1060 5.562430051455e+00
1061 0.000000000000e+00
1062 0.000000000000e+00
1063 0.000000000000e+00
1064 8.965146250523e-01
1065 0.000000000000e+00
1066 0.000000000000e+00
1067 0.000000000000e+00
1068 0.000000000000e+00
1069 0.000000000000e+00
1070 0.000000000000e+00
1071 1.366407812731e+00
1072 3.999938209617e+00
1073 1.437431564166e+01
1074 0.000000000000e+00
1075 0.000000000000e+00
1076 0.000000000000e+00
1077 0.000000000000e+00
1078 0.000000000000e+00
1079 0.000000000000e+00
1080 0.000000000000e+00
1081 0.000000000000e+00
1082 0.000000000000e+00
1083 0.000000000000e+00
1084 0.000000000000e+00
1085 0.000000000000e+00
1086 0.000000000000e+00
1087 0.000000000000e+00
1088 0.000000000000e+00
1089 0.000000000000e+00
1090 0.000000000000e+00
1091 0.000000000000e+00
1092 0.000000000000e+00
1093 0.000000000000e+00
1094 0.000000000000e+00
1095 0.000000000000e+00
1096 0.000000000000e+00
1097 0.000000000000e+00
1098 0.000000000000e+00
1099 0.000000000000e+00
1100 0.000000000000e+00
1101 0.000000000000e+00
1102 0.000000000000e+00
1103 0.000000000000e+00
1104 0.000000000000e+00
1105 0.000000000000e+00
1106 0.000000000000e+00
1107 0.000000000000e+00
1108 0.000000000000e+00
1109 0.000000000000e+00
1110 0.000000000000e+00
1111 0.000000000000e+00
1112 0.000000000000e+00
1113 0.000000000000e+00
1114 0.000000000000e+00
1115 0.000000000000e+00
1116 0.000000000000e+00
1117 0.000000000000e+00
1118 0.000000000000e+00
1119 0.000000000000e+00
1120 0.000000000000e+00
1121 0.000000000000e+00
1122 0.000000000000e+00
1123 0.000000000000e+00
1124 1.259903033207e+01
1125 0.000000000000e+00
1126 3.440478310507e+00
1127 4.568358968364e+00
1128 0.000000000000e+00
1129 1.091054710325e+01
1130 1.127335672040e+00
1131 1.347031183493e+01
1132 1.413560104291e+01
1133 0.000000000000e+00
1134 0.000000000000e+00
1135 0.000000000000e+00
1136 0.000000000000e+00
1137 0.000000000000e+00
1138 6.926019048074e+00
1139 0.000000000000e+00
1140 0.000000000000e+00
1141 2.420375227691e+00
1142 0.000000000000e+00
1143 0.000000000000e+00
1144 0.000000000000e+00
1145 0.000000000000e+00
1146 0.000000000000e+00
1147 4.109304689238e+00
1148 0.000000000000e+00
1149 0.000000000000e+00
1150 0.000000000000e+00
1151 2.718707118889e+00
1152 4.774927135899e+00
1153 0.000000000000e+00
1154 0.000000000000e+00
1155 0.000000000000e+00
1156 2.485221857984e+00
1157 9.221846903353e-01
1158 1.373205115050e+00
1159 1.338931181620e+01
1160 1.989951804382e+00
1161 1.465209991337e+01
1162 4.505069318692e+00
1163 8.091945493099e+00
1164 5.482790919975e+00
1165 1.120156192370e+01
1166 0.000000000000e+00
1167 9.926402475212e+00
1168 1.091665393760e+01
1169 0.000000000000e+00
1170 0.000000000000e+00
1171 0.000000000000e+00
1172 1.416830405370e+00
1173 1.625540337638e+01
1174 2.880328754124e+00
1175 1.975852473285e+01
1176 0.000000000000e+00
1177 0.000000000000e+00
1178 5.955275291127e+00
1179 5.326749909374e+00
1180 0.000000000000e+00
1181 5.555796388170e+00
1182 3.747272789351e+00
1183 0.000000000000e+00
1184 5.452151512039e+00
1185 0.000000000000e+00
1186 7.206010024694e+00
1187 8.267228609630e+00
1188 4.183787105258e+00
1189 0.000000000000e+00
1190 0.000000000000e+00
1191 1.289532495634e+01
1192 7.910299979915e-01
1193 2.874615159841e+00
1194 5.063189033920e+00
1195 7.114021369424e+00
1196 5.903889370187e+00
1197 9.238533966330e+00
1198 5.664762050472e+00
1199 1.001505919955e+01
1200 4.456592404811e+00
1201 4.946136043208e-01
1202 1.168409795906e+01
1203 0.000000000000e+00
1204 9.880413520215e+00
1205 8.889087725640e+00
1206 7.756216772707e+00
1207 9.716436441263e+00
1208 5.174272546148e+00
1209 0.000000000000e+00
1210 1.170804193172e+00
1211 1.628703114772e+01
1212 0.000000000000e+00
1213 0.000000000000e+00
1214 0.000000000000e+00
1215 0.000000000000e+00
1216 0.000000000000e+00
1217 1.680270172007e+01
1218 8.305658929762e+00
1219 8.342026118421e+00
1220 0.000000000000e+00
1221 0.000000000000e+00
1222 0.000000000000e+00
1223 0.000000000000e+00
1224 0.000000000000e+00
1225 0.000000000000e+00
1226 6.232282022503e+00
1227 0.000000000000e+00
1228 0.000000000000e+00
1229 0.000000000000e+00
1230 0.000000000000e+00
1231 9.908035405867e+00
1232 0.000000000000e+00
1233 0.000000000000e+00
1234 3.807876510505e+00
1235 6.629327218653e+00
1236 1.520125901126e+00
1237 0.000000000000e+00
1238 7.127864184414e+00
1239 0.000000000000e+00
1240 1.175057340409e+01
1241 9.959663513182e+00
1242 0.000000000000e+00
1243 1.001173472830e+01
1244 0.000000000000e+00
1245 0.000000000000e+00
1246 3.327989509515e+00
1247 0.000000000000e+00
1248 0.000000000000e+00
1249 0.000000000000e+00
1250 2.877783650343e+00
1251 1.590095589686e+01
1252 0.000000000000e+00
1253 1.661925495909e+00
1254 1.044662991939e+01
1255 0.000000000000e+00
1256 0.000000000000e+00
1257 0.000000000000e+00
1258 0.000000000000e+00
1259 0.000000000000e+00
1260 0.000000000000e+00
1261 0.000000000000e+00
1262 9.945619567198e-01
1263 7.757741467231e+00
1264 1.360256530023e+01
1265 0.000000000000e+00
1266 0.000000000000e+00
1267 0.000000000000e+00
1268 0.000000000000e+00
1269 0.000000000000e+00
1270 0.000000000000e+00
1271 0.000000000000e+00
1272 0.000000000000e+00
1273 0.000000000000e+00
1274 0.000000000000e+00
1275 0.000000000000e+00
1276 0.000000000000e+00
1277 0.000000000000e+00
1278 0.000000000000e+00
1279 1.207789885930e+01
1280 0.000000000000e+00
1281 0.000000000000e+00
1282 0.000000000000e+00
1283 0.000000000000e+00
1284 0.000000000000e+00
1285 0.000000000000e+00
1286 0.000000000000e+00
1287 0.000000000000e+00
1288 0.000000000000e+00
1289 0.000000000000e+00
1290 0.000000000000e+00
1291 0.000000000000e+00
1292 0.000000000000e+00
1293 0.000000000000e+00
1294 0.000000000000e+00
1295 0.000000000000e+00
1296 0.000000000000e+00
1297 0.000000000000e+00
1298 0.000000000000e+00
1299 0.000000000000e+00
1300 0.000000000000e+00
1301 0.000000000000e+00
1302 0.000000000000e+00
1303 0.000000000000e+00
1304 0.000000000000e+00
1305 0.000000000000e+00
1306 0.000000000000e+00
1307 0.000000000000e+00
1308 0.000000000000e+00
1309 0.000000000000e+00
1310 0.000000000000e+00
1311 0.000000000000e+00
1312 0.000000000000e+00
1313 0.000000000000e+00
1314 0.000000000000e+00
1315 0.000000000000e+00
1316 0.000000000000e+00
1317 0.000000000000e+00
1318 0.000000000000e+00
1319 0.000000000000e+00
1320 0.000000000000e+00
1321 0.000000000000e+00
1322 0.000000000000e+00
1323 0.000000000000e+00
1324 0.000000000000e+00
1325 0.000000000000e+00
1326 0.000000000000e+00
1327 0.000000000000e+00
1328 0.000000000000e+00
1329 0.000000000000e+00
1330 0.000000000000e+00
1331 0.000000000000e+00
1332 0.000000000000e+00
1333 0.000000000000e+00
1334 5.174756121665e+00
1335 0.000000000000e+00
1336 0.000000000000e+00
1337 0.000000000000e+00
1338 2.290019824657e+00
1339 0.000000000000e+00
1340 0.000000000000e+00
1341 0.000000000000e+00
1342 6.317710247847e+00
1343 0.000000000000e+00
1344 0.000000000000e+00
1345 9.537115465692e+00
1346 0.000000000000e+00
1347 5.214192342407e+00
1348 0.000000000000e+00
1349 0.000000000000e+00
1350 0.000000000000e+00
1351 0.000000000000e+00
1352 0.000000000000e+00
1353 0.000000000000e+00
1354 3.241114456560e+00
1355 0.000000000000e+00
1356 0.000000000000e+00
1357 0.000000000000e+00
1358 0.000000000000e+00
1359 0.000000000000e+00
1360 0.000000000000e+00
1361 0.000000000000e+00
1362 0.000000000000e+00
1363 3.470441625465e+00
1364 6.935601069029e-01
1365 1.186960089566e+00
1366 1.392463607134e+01
1367 5.566453024485e+00
1368 6.009281285805e+00
1369 0.000000000000e+00
1370 1.011638177685e+01
1371 5.045811700651e+00
1372 9.039169663760e+00
1373 0.000000000000e+00
1374 0.000000000000e+00
1375 0.000000000000e+00
1376 0.000000000000e+00
1377 1.435176491610e+01
1378 1.119000557928e+00
1379 2.447069722157e+00
1380 0.000000000000e+00
1381 1.221074201432e+01
1382 0.000000000000e+00
1383 6.480489767165e+00
1384 1.275024363351e+01
1385 1.023533460685e+01
1386 0.000000000000e+00
1387 0.000000000000e+00
1388 0.000000000000e+00
1389 1.073589585496e+01
1390 1.603583461002e+00
1391 0.000000000000e+00
1392 1.981802356811e+00
1393 0.000000000000e+00
1394 9.745149672409e+00
1395 0.000000000000e+00
1396 0.000000000000e+00
1397 3.621504500911e+00
1398 0.000000000000e+00
1399 5.776914637491e+00
1400 5.183981952310e+00
1401 0.000000000000e+00
1402 0.000000000000e+00
1403 0.000000000000e+00
1404 0.000000000000e+00
1405 9.503081497094e+00
1406 1.088798643790e+01
1407 0.000000000000e+00
1408 3.853067478746e+00
1409 7.976864898896e+00
1410 0.000000000000e+00
1411 0.000000000000e+00
1412 0.000000000000e+00
1413 0.000000000000e+00
1414 0.000000000000e+00
1415 0.000000000000e+00
1416 3.070834982914e-01
1417 3.453863562543e+00
1418 8.740488483342e+00
1419 1.341554730308e+01
1420 3.026292757960e+00
1421 0.000000000000e+00
1422 4.310508230271e+00
1423 5.904606509256e+00
1424 0.000000000000e+00
1425 0.000000000000e+00
1426 0.000000000000e+00
1427 0.000000000000e+00
1428 0.000000000000e+00
1429 0.000000000000e+00
1430 0.000000000000e+00
1431 0.000000000000e+00
1432 0.000000000000e+00
1433 0.000000000000e+00
1434 0.000000000000e+00
1435 0.000000000000e+00
1436 0.000000000000e+00
1437 0.000000000000e+00
1438 0.000000000000e+00
1439 0.000000000000e+00
1440 0.000000000000e+00
1441 0.000000000000e+00
1442 0.000000000000e+00
1443 0.000000000000e+00
1444 0.000000000000e+00
1445 0.000000000000e+00
1446 0.000000000000e+00
1447 0.000000000000e+00
1448 0.000000000000e+00
1449 0.000000000000e+00
1450 0.000000000000e+00
1451 0.000000000000e+00
1452 0.000000000000e+00
1453 0.000000000000e+00
1454 0.000000000000e+00
1455 0.000000000000e+00
1456 0.000000000000e+00
1457 0.000000000000e+00
1458 0.000000000000e+00
1459 1.416487196862e+01
1460 0.000000000000e+00
1461 0.000000000000e+00
1462 1.396573512169e+01
1463 0.000000000000e+00
1464 0.000000000000e+00
1465 0.000000000000e+00
1466 0.000000000000e+00
1467 0.000000000000e+00
1468 0.000000000000e+00
1469 0.000000000000e+00
1470 0.000000000000e+00
1471 1.864939902005e+00
1472 5.041906132953e+00
1473 2.098422346803e+00
1474 0.000000000000e+00
1475 0.000000000000e+00
1476 6.661647581308e+00
1477 0.000000000000e+00
1478 3.989113709209e+00
1479 0.000000000000e+00
1480 0.000000000000e+00
1481 0.000000000000e+00
1482 0.000000000000e+00
1483 0.000000000000e+00
1484 0.000000000000e+00
1485 0.000000000000e+00
1486 4.782700456381e+00
1487 0.000000000000e+00
1488 0.000000000000e+00
1489 0.000000000000e+00
1490 0.000000000000e+00
1491 0.000000000000e+00
1492 0.000000000000e+00
1493 5.388622864083e+00
1494 0.000000000000e+00
1495 0.000000000000e+00
1496 1.061978818269e+01
1497 7.803445757291e-01
1498 2.029241290409e+01
1499 1.918643477282e+00
1500 0.000000000000e+00
1501 0.000000000000e+00
1502 1.523872449107e+01
1503 0.000000000000e+00
1504 6.565434928598e+00
1505 6.552376368855e+00
1506 0.000000000000e+00
1507 0.000000000000e+00
1508 0.000000000000e+00
1509 2.700541150536e+00
1510 0.000000000000e+00
1511 2.553716362883e+00
1512 0.000000000000e+00
1513 0.000000000000e+00
1514 1.219178631065e+01
1515 0.000000000000e+00
1516 5.953125462450e+00
1517 9.538831859008e+00
1518 4.689548266471e+00
1519 0.000000000000e+00
1520 0.000000000000e+00
1521 0.000000000000e+00
1522 8.019186495588e+00
1523 6.826033089858e-01
1524 2.855471861798e+00
1525 0.000000000000e+00
1526 0.000000000000e+00
1527 7.359618468009e+00
1528 7.660377380275e+00
1529 4.829599494202e+00
1530 0.000000000000e+00
1531 7.622186480736e+00
1532 1.397005885576e+01
1533 1.238932733814e+01
1534 1.231558158678e+01
1535 0.000000000000e+00
1536 0.000000000000e+00
1537 0.000000000000e+00
1538 2.011941010831e+00
1539 7.902108314563e+00
1540 1.444279159918e+00
1541 1.378125911835e+00
1542 4.906125167327e+00
1543 0.000000000000e+00
1544 4.508857202746e+00
1545 0.000000000000e+00
1546 3.464097842069e+00
1547 9.557111545835e+00
1548 0.000000000000e+00
1549 5.287249471422e+00
1550 0.000000000000e+00
1551 0.000000000000e+00
1552 0.000000000000e+00
1553 5.271884918856e+00
1554 4.391532629960e+00
1555 7.504874555099e+00
1556 0.000000000000e+00
1557 0.000000000000e+00
1558 0.000000000000e+00
1559 0.000000000000e+00
1560 7.050101720639e+00
1561 0.000000000000e+00
1562 2.358333863650e+00
1563 5.698806179663e+00
1564 1.099749928276e+01
1565 4.093679480514e+00
1566 0.000000000000e+00
1567 0.000000000000e+00
1568 1.078274736875e+01
1569 0.000000000000e+00
1570 0.000000000000e+00
1571 1.889161668586e+01
1572 2.090519287020e+01
1573 0.000000000000e+00
1574 0.000000000000e+00
1575 0.000000000000e+00
1576 2.405930553101e+00
1577 2.167435991640e+00
1578 9.694756627012e-01
1579 1.495485602157e+01
1580 4.123062278560e+00
1581 4.751654127739e+00
1582 4.427345562927e+00
1583 1.219176641017e+01
1584 0.000000000000e+00
1585 9.242841560418e+00
1586 1.176509763975e+01
1587 0.000000000000e+00
1588 4.962134475770e+00
1589 0.000000000000e+00
1590 0.000000000000e+00
1591 1.737524743014e+01
1592 0.000000000000e+00
1593 0.000000000000e+00
1594 0.000000000000e+00
1595 0.000000000000e+00
1596 0.000000000000e+00
1597 0.000000000000e+00
1598 0.000000000000e+00
1599 2.081255308700e+00
1600 2.451913636682e+00
1601 0.000000000000e+00
1602 5.591961938254e+00
1603 0.000000000000e+00
1604 0.000000000000e+00
1605 0.000000000000e+00
1606 0.000000000000e+00
1607 8.347206795613e+00
1608 0.000000000000e+00
1609 0.000000000000e+00
1610 0.000000000000e+00
1611 0.000000000000e+00
1612 2.175961852618e-01
1613 2.130960256831e+01
1614 3.491449158500e+00
1615 6.004779524234e+00
1616 1.292490085756e+01
1617 1.556851980473e+00
1618 0.000000000000e+00
1619 6.256941520768e+00
1620 1.129804123633e+01
1621 0.000000000000e+00
1622 5.104470512965e+00
1623 0.000000000000e+00
1624 0.000000000000e+00
1625 1.372872705701e+01
1626 7.154906073480e-01
1627 0.000000000000e+00
1628 2.078529788372e+00
1629 1.261094518856e+01
1630 1.114594548254e+01
1631 0.000000000000e+00
1632 3.665759886893e+00
1633 0.000000000000e+00
1634 4.861254447363e+00
1635 0.000000000000e+00
1636 0.000000000000e+00
1637 0.000000000000e+00
1638 0.000000000000e+00
1639 9.886925271093e+00
1640 6.631975604385e+00
1641 0.000000000000e+00
1642 8.526912441822e+00
1643 3.474993349169e+00
1644 0.000000000000e+00
1645 0.000000000000e+00
1646 5.271302818628e+00
1647 8.865154243772e+00
1648 0.000000000000e+00
1649 0.000000000000e+00
1650 3.697639719856e+00
1651 0.000000000000e+00
1652 6.206018385627e+00
1653 7.770611821173e+00
1654 9.116551916482e+00
1655 7.633942142789e+00
1656 0.000000000000e+00
1657 0.000000000000e+00
1658 0.000000000000e+00
1659 0.000000000000e+00
1660 0.000000000000e+00
1661 0.000000000000e+00
1662 0.000000000000e+00
1663 0.000000000000e+00
1664 0.000000000000e+00
1665 5.227007745322e+00
1666 8.491886737070e+00
1667 0.000000000000e+00
1668 0.000000000000e+00
1669 3.427261267273e+00
1670 6.523634545960e+00
1671 3.462302403776e+00
1672 6.007373855477e+00
1673 1.156972366805e+01
1674 1.323989757307e+01
1675 6.033321226749e+00
1676 0.000000000000e+00
1677 0.000000000000e+00
1678 0.000000000000e+00
1679 0.000000000000e+00
1680 0.000000000000e+00
1681 0.000000000000e+00
1682 5.022830987263e+00
1683 3.198569478917e+00
1684 0.000000000000e+00
1685 0.000000000000e+00
1686 0.000000000000e+00
1687 0.000000000000e+00
