18.293 -39.565 2.14
18.4 -38.127 1.754
19.159 -37.354 2.826
18.794 -37.383 4
17.006 -37.494 1.585
17.139 -36.085 1.036
16.155 -38.354 0.663
15.468 -37.782 0.216
18.035 -40.096 1.336
19.177 -39.873 2.485
16.597 -37.419 2.487
16.513 -35.474 1.522
18.078 -35.763 1.16
16.914 -36.082 0.061
17.598 -39.657 2.849
16.739 -38.777 -0.029
15.701 -39.065 1.198
18.922 -38.085 0.902
20.214 -36.658 2.414
21.03 -35.881 3.342
20.748 -34.396 3.128
21.086 -33.846 2.082
22.528 -36.152 3.099
22.798 -37.658 3.178
23.365 -35.415 4.125
22.477 -38.38 4.519
20.704 -36.104 4.258
24.332 -35.587 3.942
23.176 -34.436 4.059
22.75 -35.847 2.183
22.271 -38.121 2.449
23.776 -37.82 2.976
21.51 -38.265 4.709
20.403 -36.714 1.395
22.702 -39.34 4.415
23.129 -35.745 5.038
23.027 -37.966 5.233
20.138 -33.748 4.119
19.81 -32.332 3.984
19.942 -31.512 5.261
19.374 -30.431 5.36
18.385 -32.182 3.434
17.317 -32.533 4.462
20.469 -31.938 3.309
19.928 -34.312 4.953
18.285 -32.791 2.653
18.255 -31.236 3.153
17.601 -33.138 5.499
16.074 -32.158 4.17
15.331 -32.355 4.807
15.885 -31.68 3.312
20.693 -32.011 6.239
20.865 -31.273 7.489
22.194 -30.527 7.461
23.065 -30.85 6.659
20.884 -32.218 8.698
21.937 -33.174 8.523
19.559 -32.938 8.834
20.127 -30.602 7.567
19.431 -33.572 8.065
19.537 -33.459 9.692
21.124 -32.925 6.046
21.083 -31.677 9.537
18.805 -32.274 8.837
22.653 -32.8 7.924
22.35 -29.531 8.33
23.603 -28.779 8.37
24.799 -29.695 8.607
25.79 -29.622 7.885
23.57 -27.706 9.468
22.797 -26.471 9.088
23.225 -25.664 8.035
21.643 -26.121 9.774
22.511 -24.525 7.669
20.916 -24.981 9.419
21.352 -24.181 8.364
20.84 -23.367 8.104
23.727 -28.368 7.458
22.836 -23.957 6.908
20.079 -24.743 9.931
21.547 -29.346 8.943
21.323 -26.689 10.532
24.052 -25.902 7.534
24.502 -27.438 9.655
23.141 -28.103 10.264
24.714 -30.555 9.618
25.827 -31.453 9.901
25.96 -32.565 8.873
27.07 -32.933 8.498
25.699 -32.045 11.306
26.01 -31.031 12.385
27.131 -30.478 12.366
25.141 -30.785 13.246
23.839 -30.53 10.153
26.676 -30.9 9.852
26.338 -32.8 11.38
24.766 -32.361 11.421
24.833 -33.096 8.412
24.881 -34.154 7.419
25.531 -33.68 6.13
26.406 -34.345 5.577
23.966 -32.707 8.805
25.402 -34.938 7.786
23.943 -34.474 7.221
25.103 -32.522 5.641
25.674 -31.993 4.413
27.115 -31.527 4.619
27.953 -31.711 3.742
24.814 -30.844 3.859
25.459 -30.26 2.607
23.418 -31.373 3.539
25.685 -32.731 3.725
26.163 -29.602 2.872
23.003 -31.729 4.375
24.797 -30.121 4.54
25.874 -30.996 2.072
24.762 -29.8 2.057
24.365 -32.056 6.185
22.861 -30.628 3.176
23.492 -32.102 2.86
27.409 -30.933 5.775
28.772 -30.475 6.049
29.725 -31.663 6.028
30.795 -31.602 5.419
28.845 -29.779 7.412
26.624 -30.829 6.432
29.045 -29.83 5.333
28.376 -30.338 8.093
29.802 -29.665 7.673
28.405 -28.885 7.349
29.339 -32.744 6.697
30.181 -33.935 6.745
30.377 -34.495 5.338
31.485 -34.874 4.96
29.548 -34.999 7.648
30.47 -36.18 7.89
31.503 -36.002 8.569
30.164 -37.283 7.394
28.421 -32.67 7.164
31.084 -33.649 7.075
28.721 -35.323 7.206
29.337 -34.574 8.52
29.3 -34.538 4.559
29.382 -35.056 3.2
30.32 -34.194 2.35
31.145 -34.716 1.599
27.977 -35.121 2.582
27.896 -35.925 1.302
28.311 -35.382 0.084
27.417 -37.235 1.311
28.254 -36.122 -1.093
27.353 -37.989 0.135
27.773 -37.426 -1.062
27.708 -38.164 -2.226
29.763 -35.985 3.235
28.558 -35.719 -1.956
27.007 -38.923 0.159
28.431 -34.183 4.99
27.116 -37.643 2.168
28.656 -34.442 0.056
27.682 -34.188 2.384
27.363 -35.534 3.251
26.972 -37.807 -2.797
30.198 -32.874 2.469
31.063 -31.962 1.729
32.537 -32.155 2.103
33.402 -32.178 1.236
30.654 -30.509 1.992
29.368 -30.016 1.318
28.904 -28.716 1.973
29.619 -29.815 -0.175
29.898 -30.683 -0.585
28.78 -29.494 -0.613
30.342 -29.138 -0.302
29.453 -32.56 3.117
29.616 -28.022 1.874
28.066 -28.401 1.529
28.728 -28.878 2.943
30.962 -32.149 0.744
28.661 -30.709 1.422
31.397 -29.921 1.678
30.531 -30.4 2.978
32.829 -32.29 3.391
34.218 -32.485 3.812
34.785 -33.812 3.311
35.974 -33.919 3.002
34.332 -32.478 5.334
33.992 -31.179 6.014
34.207 -31.274 7.51
34.578 -30.459 5.656
34.77 -31.743 3.408
33.036 -30.961 5.845
32.033 -32.248 4.038
35.282 -32.727 5.583
33.722 -33.197 5.702
35.472 -29.7 7.435
33.646 -32.148 8.172
35.027 -30.381 8.05
35.209 -30.375 9.053
33.931 -34.825 3.242
34.356 -36.154 2.818
34.506 -36.345 1.31
35.515 -36.877 0.841
33.379 -37.225 3.35
33.288 -37.124 4.777
33.858 -38.618 2.977
35.263 -36.353 3.252
33.071 -39.204 2.767
34.455 -38.569 2.172
32.955 -34.595 3.51
32.455 -37.048 2.958
34.371 -39.019 3.741
32.681 -36.365 5.035
33.508 -35.902 0.55
33.518 -36.081 -0.899
33.827 -34.844 -1.736
33.993 -34.942 -2.957
32.17 -36.664 -1.33
31.865 -37.989 -0.672
32.507 -39.156 -1.091
30.961 -38.076 0.387
32.256 -40.376 -0.472
30.702 -39.299 1.019
31.355 -40.441 0.58
31.11 -41.653 1.188
34.226 -36.794 -1.122
32.725 -41.203 -0.785
30.056 -39.343 1.774
32.742 -35.43 1.064
30.491 -37.257 0.703
33.158 -39.115 -1.85
32.19 -36.801 -2.313
31.457 -36.019 -1.081
31.662 -42.358 0.746
33.901 -33.689 -1.084
34.188 -32.428 -1.762
33.188 -32.116 -2.867
33.54 -31.605 -3.93
35.625 -32.43 -2.299
36.657 -32.237 -1.229
36.334 -32.059 0.1
38.01 -32.221 -1.292
37.443 -31.945 0.808
38.475 -32.039 -0.011
35.404 -32.024 0.466
38.566 -32.322 -2.113
33.738 -33.759 -0.057
37.494 -31.808 1.794
34.145 -31.682 -1.077
35.722 -31.69 -2.969
35.801 -33.306 -2.755
31.929 -32.432 -2.585
30.822 -32.176 -3.503
29.542 -32.372 -2.705
29.565 -32.975 -1.633
30.854 -33.146 -4.693
30.626 -34.603 -4.335
30.764 -35.498 -5.563
30.614 -36.964 -5.202
30.791 -37.838 -6.397
30.868 -31.237 -3.814
31.303 -37.204 -4.516
29.701 -37.115 -4.818
31.302 -34.885 -3.656
29.707 -34.711 -3.961
30.649 -38.791 -6.133
30.125 -37.58 -7.096
31.716 -37.723 -6.756
31.664 -35.357 -5.962
30.054 -35.255 -6.216
31.797 -32.88 -1.648
31.75 -33.064 -5.133
30.143 -32.864 -5.34
28.429 -31.854 -3.217
27.146 -31.997 -2.539
26.538 -33.376 -2.775
26.871 -34.058 -3.75
26.146 -30.95 -3.047
26.319 -29.485 -2.646
25.4 -28.605 -3.501
25.992 -29.314 -1.17
26.608 -29.881 -0.622
26.106 -28.355 -0.91
25.046 -29.593 -1.002
28.551 -31.354 -4.115
24.451 -28.881 -3.355
25.518 -27.65 -3.234
25.639 -28.718 -4.464
27.291 -31.88 -1.548
27.264 -29.213 -2.796
25.227 -31.236 -2.74
26.16 -30.985 -4.058
25.639 -33.805 -1.875
24.967 -35.102 -1.989
24.189 -35.102 -3.309
23.912 -34.036 -3.862
24.038 -35.115 -0.78
24.773 -34.305 0.228
25.328 -33.16 -0.585
24.156 -33.97 0.935
25.617 -35.849 -1.961
26.154 -32.786 -0.171
24.652 -32.439 -0.707
25.509 -34.834 0.642
23.891 -36.049 -0.455
23.157 -34.698 -1.005
23.825 -36.284 -3.799
23.112 -36.4 -5.068
21.722 -35.775 -5.099
21.147 -35.617 -6.176
23.005 -37.873 -5.489
24.362 -38.533 -5.666
25.287 -37.872 -6.18
24.499 -39.721 -5.303
24.087 -37.099 -3.213
23.673 -35.909 -5.77
22.516 -37.909 -6.352
22.504 -38.357 -4.782
21.178 -35.417 -3.938
19.841 -34.82 -3.904
19.818 -33.316 -4.181
18.781 -32.67 -4.024
19.155 -35.109 -2.561
20.02 -34.746 -1.367
19.299 -35.264 -4.643
21.753 -35.589 -3.105
18.947 -36.083 -2.52
18.314 -34.577 -2.519
21.076 -35.338 -1.158
19.572 -33.776 -0.575
20.099 -33.491 0.22
18.697 -33.33 -0.781
20.948 -32.758 -4.604
21.016 -31.327 -4.899
21.092 -31.015 -6.387
21.725 -31.744 -7.151
22.227 -30.704 -4.199
21.999 -30.474 -2.728
21.306 -29.35 -2.281
22.43 -31.406 -1.782
21.045 -29.156 -0.929
22.171 -31.224 -0.427
21.481 -30.099 -0.007
21.223 -29.917 1.332
20.176 -30.89 -4.528
20.547 -28.346 -0.623
22.482 -31.901 0.238
21.749 -33.402 -4.703
22.93 -32.214 -2.082
20.99 -28.669 -2.944
22.417 -29.829 -4.628
22.998 -31.32 -4.306
20.763 -29.04 1.461
20.429 -29.93 -6.782
20.43 -29.451 -8.164
20.506 -27.927 -8.129
20.013 -27.296 -7.191
19.15 -29.858 -8.947
17.903 -29.331 -8.238
19.1 -31.37 -9.107
16.625 -29.363 -9.074
21.279 -29.769 -8.57
18.296 -31.612 -9.647
19.929 -31.674 -9.573
19.201 -29.437 -9.844
17.754 -29.873 -7.408
18.073 -28.382 -7.962
16.433 -30.305 -9.337
19.904 -29.446 -6.015
15.872 -29.002 -8.529
19.043 -31.79 -8.203
16.756 -28.802 -9.887
21.133 -27.335 -9.141
21.268 -25.883 -9.203
19.949 -25.227 -9.593
19.035 -25.897 -10.07
22.33 -25.448 -10.242
21.924 -25.872 -11.551
23.681 -26.055 -9.915
21.531 -25.547 -8.29
23.778 -26.943 -10.374
24.415 -25.445 -10.226
21.507 -27.977 -9.862
22.39 -24.431 -10.24
23.765 -26.189 -8.924
21.992 -26.872 -11.63
19.852 -23.916 -9.399
18.629 -23.224 -9.772
18.471 -23.264 -11.288
17.356 -23.398 -11.793
18.641 -21.784 -9.257
18.411 -21.707 -7.748
18.167 -20.291 -7.257
19.378 -19.402 -7.447
20.562 -19.906 -6.687
17.847 -23.69 -9.356
19.61 -19.365 -8.423
19.159 -18.475 -7.13
17.614 -22.275 -7.514
19.218 -22.081 -7.279
20.983 -20.656 -7.194
21.221 -19.164 -6.575
20.263 -20.23 -5.791
17.943 -20.321 -6.284
17.401 -19.901 -7.767
20.673 -23.464 -8.985
17.915 -21.284 -9.708
19.525 -21.386 -9.457
19.585 -23.174 -12.012
19.536 -23.219 -13.473
18.9 -24.533 -13.92
18.024 -24.551 -14.79
20.949 -23.1 -14.057
20.916 -23.159 -15.475
20.457 -23.073 -11.469
18.952 -22.471 -13.788
21.5 -23.853 -13.714
21.338 -22.229 -13.777
21.217 -24.062 -15.777
19.335 -25.637 -13.321
18.794 -26.947 -13.658
17.325 -27.043 -13.268
16.495 -27.471 -14.068
19.583 -28.049 -12.949
20.967 -28.282 -13.524
21.831 -29.127 -12.61
22.153 -28.658 -11.498
22.185 -30.257 -13
20.872 -28.764 -14.373
18.889 -27.109 -14.647
21.41 -27.413 -13.631
20.075 -25.487 -12.61
19.075 -28.886 -13.04
19.69 -27.781 -12.008
17.008 -26.64 -12.041
15.636 -26.691 -11.546
14.683 -25.897 -12.435
13.598 -26.379 -12.775
15.58 -26.164 -10.116
17.807 -26.292 -11.476
15.332 -27.655 -11.531
15.091 -26.817 -9.54
16.509 -26.044 -9.769
15.103 -25.286 -10.103
15.089 -24.687 -12.808
14.263 -23.827 -13.658
14.022 -24.502 -15.002
12.905 -24.479 -15.53
14.947 -22.465 -13.846
15.191 -21.74 -12.52
16.122 -20.545 -12.643
14.309 -21.422 -12.166
13.375 -23.71 -13.208
15.59 -22.392 -11.871
16.023 -24.409 -12.452
14.365 -21.888 -14.41
15.827 -22.606 -14.287
15.203 -19.664 -11.072
17.001 -20.512 -13.504
15.948 -19.566 -11.76
16.543 -18.739 -11.772
15.062 -25.124 -15.549
14.932 -25.809 -16.833
13.966 -26.989 -16.739
13.352 -27.381 -17.735
16.301 -26.288 -17.315
15.938 -25.082 -15.006
14.575 -25.157 -17.514
16.95 -25.53 -17.275
16.618 -27.031 -16.727
16.225 -26.615 -18.256
13.826 -27.547 -15.539
12.935 -28.679 -15.311
11.497 -28.239 -15.036
10.607 -29.077 -14.866
13.452 -29.529 -14.146
14.79 -30.241 -14.379
15.237 -30.936 -13.099
14.642 -31.251 -15.512
14.369 -30.776 -16.348
15.515 -31.714 -15.662
13.945 -31.925 -15.269
14.4 -27.111 -14.788
14.549 -31.609 -12.826
16.11 -31.398 -13.257
15.346 -30.258 -12.372
12.934 -29.26 -16.139
15.473 -29.567 -14.647
12.773 -30.229 -13.953
13.568 -28.931 -13.36
11.273 -26.929 -14.981
9.929 -26.422 -14.748
9.687 -25.757 -13.407
8.56 -25.358 -13.099
12.102 -26.333 -15.113
9.691 -25.756 -15.498
9.258 -27.196 -14.862
10.733 -25.634 -12.594
10.576 -24.997 -11.298
10.278 -23.514 -11.442
10.983 -22.79 -12.148
11.847 -25.166 -10.449
11.803 -24.407 -9.138
10.841 -24.495 -8.165
12.769 -23.461 -8.656
11.152 -23.665 -7.111
12.33 -23.021 -7.385
13.967 -22.946 -9.174
13.047 -22.087 -6.624
14.681 -22.016 -8.416
14.216 -21.6 -7.155
14.757 -20.934 -6.642
9.785 -25.423 -10.838
10.608 -23.551 -6.282
14.309 -23.233 -10.063
15.527 -21.646 -8.778
12.704 -21.797 -5.728
10.031 -25.076 -8.212
11.619 -26.013 -12.952
12.623 -24.822 -10.958
11.961 -26.123 -10.226
9.217 -23.074 -10.776
8.827 -21.672 -10.763
8.683 -21.357 -9.277
7.726 -21.785 -8.637
7.48 -21.448 -11.486
7.061 -19.99 -11.362
7.611 -21.836 -12.951
9.567 -21.137 -11.117
7.871 -19.421 -11.219
8.198 -22.642 -13.028
6.794 -21.99 -11.017
6.596 -19.704 -12.2
6.44 -19.886 -10.585
8.69 -23.818 -10.265
6.705 -22.043 -13.32
8.015 -21.076 -13.459
9.654 -20.633 -8.727
9.661 -20.296 -7.304
8.3 -19.933 -6.716
7.882 -20.519 -5.716
10.658 -19.169 -7.039
10.399 -20.331 -9.388
10.031 -21.098 -6.785
11.421 -19.522 -6.499
10.998 -18.816 -7.909
10.203 -18.436 -6.536
7.616 -18.974 -7.336
6.307 -18.522 -6.859
5.24 -19.618 -6.829
4.205 -19.463 -6.178
5.806 -17.356 -7.717
5.448 -17.799 -9.014
8.084 -18.579 -8.176
6.424 -18.18 -5.907
6.533 -16.681 -7.793
5.008 -16.956 -7.278
6.058 -18.539 -9.294
5.48 -20.713 -7.542
4.536 -21.828 -7.57
4.816 -22.833 -6.453
3.966 -23.664 -6.135
4.607 -22.569 -8.908
3.921 -21.89 -10.078
3.843 -22.858 -11.254
2.985 -22.319 -12.386
2.864 -23.304 -13.501
3.601 -21.467 -7.45
2.071 -22.111 -12.032
3.399 -21.476 -12.738
3 -21.631 -9.815
4.446 -21.095 -10.352
1.911 -23.59 -13.586
3.164 -22.876 -14.352
3.437 -24.098 -13.303
3.448 -23.717 -10.936
4.765 -23.015 -11.6
6.375 -20.708 -8.065
4.191 -23.477 -8.781
5.578 -22.695 -9.141
6.012 -22.758 -5.872
6.39 -23.684 -4.814
6.299 -25.124 -5.291
5.949 -26.021 -4.519
6.626 -22.008 -6.229
7.334 -23.49 -4.518
5.781 -23.556 -4.022
6.656 -25.345 -6.556
6.572 -26.66 -7.185
7.886 -27.416 -7.395
7.953 -28.312 -8.233
5.886 -26.508 -8.545
6.787 -25.848 -9.572
5.991 -27.247 -6.571
7.001 -24.495 -7.058
5.074 -25.946 -8.426
5.637 -27.412 -8.875
7.713 -25.117 -9.218
6.517 -26.094 -10.849
7.077 -25.693 -11.569
5.744 -26.686 -11.09
8.934 -27.082 -6.651
10.193 -27.789 -6.856
10.039 -29.305 -6.717
10.548 -30.066 -7.541
11.259 -27.296 -5.87
12.632 -27.963 -6.012
13.197 -27.722 -7.409
13.578 -27.405 -4.955
13.209 -27.592 -4.045
14.474 -27.839 -5.046
13.672 -26.418 -5.08
8.788 -26.338 -5.971
13.294 -26.739 -7.563
14.091 -28.162 -7.487
12.575 -28.107 -8.09
10.526 -27.591 -7.791
12.533 -28.944 -5.86
10.934 -27.478 -4.953
11.385 -26.324 -6.018
9.34 -29.742 -5.673
9.144 -31.167 -5.423
8.294 -31.84 -6.495
8.329 -33.063 -6.645
8.508 -31.373 -4.051
8.954 -28.996 -5.063
10.051 -31.62 -5.402
8.036 -32.253 -4.033
9.22 -31.361 -3.35
7.853 -30.639 -3.875
7.523 -31.048 -7.232
6.683 -31.606 -8.283
7.498 -31.902 -9.542
7.302 -32.933 -10.187
5.535 -30.649 -8.635
4.58 -30.423 -7.476
4.267 -31.395 -6.758
4.129 -29.274 -7.29
7.571 -30.045 -7.003
6.33 -32.488 -7.949
5.031 -31.043 -9.394
5.934 -29.778 -8.896
8.415 -31.003 -9.884
9.234 -31.174 -11.08
10.546 -31.903 -10.815
11.15 -32.456 -11.734
9.554 -29.812 -11.737
8.26 -29.101 -12.11
10.382 -28.949 -10.786
8.702 -31.725 -11.748
8.468 -28.179 -12.437
10.923 -28.301 -11.32
10.041 -29.993 -12.582
7.794 -29.613 -12.831
7.667 -29.044 -11.307
8.495 -30.192 -9.245
9.767 -28.454 -10.174
10.988 -29.538 -10.254
10.98 -31.901 -9.559
12.227 -32.557 -9.172
12.066 -33.233 -7.811
12.6 -32.764 -6.803
13.359 -31.532 -9.121
10.366 -31.401 -8.886
12.449 -33.259 -9.853
13.567 -31.315 -8.169
14.17 -31.912 -9.562
13.076 -30.702 -9.599
11.322 -34.35 -7.768
11.081 -35.097 -6.53
12.36 -35.425 -5.767
13.334 -35.905 -6.349
10.379 -36.362 -7.021
9.669 -35.898 -8.251
10.698 -35.03 -8.918
9.424 -36.67 -8.828
10.429 -34.594 -5.933
10.277 -34.366 -9.531
11.371 -35.572 -9.411
8.859 -35.374 -8.012
9.733 -36.697 -6.339
11.043 -37.074 -7.238
12.341 -35.154 -4.466
13.482 -35.443 -3.615
14.676 -34.518 -3.723
15.675 -34.731 -3.04
11.459 -34.728 -4.122
13.164 -35.463 -2.63
13.795 -36.413 -3.798
14.586 -33.488 -4.557
15.703 -32.567 -4.732
15.594 -31.282 -3.92
14.501 -30.851 -3.544
15.848 -32.193 -6.211
16.041 -33.374 -7.154
17.374 -34.071 -6.925
17.609 -35.166 -7.96
18.907 -35.875 -7.755
16.565 -33.046 -4.463
16.859 -35.832 -7.903
17.602 -34.753 -8.877
15.302 -34.033 -7.005
16.005 -33.046 -8.099
18.886 -36.747 -8.242
19.65 -35.309 -8.109
19.043 -36.037 -6.779
17.372 -34.485 -6.023
18.105 -33.403 -7.001
13.685 -33.4 -5.054
16.64 -31.586 -6.302
15.022 -31.701 -6.49
16.755 -30.688 -3.649
16.868 -29.42 -2.938
17.768 -28.551 -3.804
18.619 -29.068 -4.523
17.54 -29.592 -1.567
16.719 -30.277 -0.637
17.594 -31.22 -3.997
15.976 -29.001 -2.905
17.756 -28.684 -1.203
18.39 -30.107 -1.692
17.283 -30.882 -0.077
17.578 -27.239 -3.736
18.397 -26.303 -4.496
19.778 -26.242 -3.848
19.887 -26.172 -2.625
17.81 -24.869 -4.46
16.457 -24.829 -5.18
18.793 -23.884 -5.086
15.296 -24.885 -4.273
18.524 -26.706 -5.397
18.415 -22.964 -5.016
19.659 -23.937 -4.594
17.662 -24.626 -3.509
16.427 -23.987 -5.725
16.43 -25.608 -5.813
15.309 -24.105 -3.639
16.807 -26.942 -3.104
14.439 -24.856 -4.798
18.927 -24.128 -6.044
15.312 -25.734 -3.735
20.828 -26.261 -4.659
22.164 -26.168 -4.096
23.29 -26.226 -5.106
23.153 -26.834 -6.17
20.622 -26.342 -5.658
22.24 -25.297 -3.56
22.29 -26.921 -3.411
24.407 -25.585 -4.766
25.575 -25.595 -5.63
25.944 -24.28 -6.295
27.036 -24.14 -6.841
24.367 -25.093 -3.855
26.387 -25.932 -5.088
25.441 -26.311 -6.363
25.042 -23.307 -6.262
25.322 -22.03 -6.901
26.335 -21.169 -6.144
26.493 -21.289 -4.929
24.014 -21.274 -7.12
23.059 -22.042 -8.008
23.503 -22.509 -9.077
21.873 -22.184 -7.642
24.168 -23.527 -5.767
25.731 -22.231 -7.811
24.227 -20.408 -7.551
23.588 -21.134 -6.236
27.023 -20.302 -6.879
28.035 -19.432 -6.289
27.446 -18.401 -5.337
26.431 -17.761 -5.633
28.841 -18.685 -7.388
29.642 -19.688 -8.223
29.775 -17.645 -6.75
30.703 -20.548 -7.483
28.632 -20.031 -5.734
30.254 -17.162 -7.477
29.224 -17.01 -6.216
28.19 -18.234 -7.984
28.997 -20.321 -8.676
30.121 -19.184 -8.957
30.24 -21.079 -6.784
26.783 -20.298 -7.889
31.137 -21.145 -8.146
30.424 -18.12 -6.163
31.369 -19.936 -7.074
28.09 -18.262 -4.182
27.695 -17.296 -3.167
28.791 -16.239 -3.187
29.965 -16.555 -2.986
27.639 -17.951 -1.788
27.205 -17.017 -0.7
25.898 -16.542 -0.654
28.109 -16.583 0.264
25.499 -15.649 0.339
27.717 -15.689 1.26
26.413 -15.221 1.296
26.125 -14.579 2.004
26.871 -16.859 -3.485
24.55 -15.318 0.356
28.392 -15.387 1.951
28.906 -18.908 -4.066
29.051 -16.916 0.245
25.236 -16.841 -1.334
28.546 -18.276 -1.571
26.99 -18.694 -1.832
28.414 -14.989 -3.428
29.398 -13.92 -3.525
29.785 -13.173 -2.254
30.59 -12.242 -2.318
28.956 -12.931 -4.605
28.988 -13.568 -5.874
27.397 -14.848 -3.537
30.266 -14.332 -3.916
29.581 -12.164 -4.613
28.031 -12.638 -4.413
29.315 -14.505 -5.766
29.218 -13.56 -1.112
29.562 -12.93 0.165
29.575 -11.408 0.004
30.527 -10.725 0.389
30.94 -13.444 0.597
31.309 -13.047 2.008
28.83 -13.149 0.811
28.529 -14.327 -1.203
31.622 -13.071 -0.031
30.935 -14.441 0.535
30.454 -12.956 2.888
32.6 -12.842 2.239
32.912 -12.581 3.156
33.265 -12.946 1.499
28.49 -10.892 -0.559
28.345 -9.469 -0.84
28.418 -8.517 0.354
28.84 -7.369 0.201
27.046 -9.263 -1.624
27.052 -10.047 -2.934
25.665 -10.206 -3.558
25.706 -11.168 -4.659
26.156 -10.896 -5.882
26.594 -9.68 -6.179
26.203 -11.853 -6.801
27.422 -10.966 -2.769
29.08 -9.195 -1.511
25.37 -12.101 -4.479
27.637 -9.576 -3.6
26.521 -11.651 -7.722
25.917 -12.786 -6.566
27.746 -11.594 -0.784
25.382 -9.322 -3.901
25.049 -10.533 -2.856
26.914 -9.484 -7.115
26.609 -8.965 -5.487
26.96 -8.307 -1.84
26.296 -9.587 -1.076
28.018 -8.979 1.534
28.068 -8.131 2.727
29.402 -8.32 3.454
29.656 -7.686 4.479
26.913 -8.464 3.678
25.511 -8.185 3.129
25.227 -6.703 2.925
26.09 -5.872 3.273
24.132 -6.366 2.42
25.433 -8.626 2.254
27.966 -7.169 2.463
24.855 -8.527 3.777
27.681 -9.953 1.538
27.025 -7.916 4.492
26.962 -9.429 3.884
30.243 -9.201 2.916
31.548 -9.465 3.505
31.553 -10.105 4.884
32.539 -9.991 5.613
29.893 -9.671 2.06
32.089 -10.062 2.861
32.078 -8.581 3.548
30.474 -10.79 5.248
30.387 -11.426 6.563
31.256 -12.678 6.713
31.745 -12.971 7.806
28.924 -11.744 6.885
28.073 -10.489 7.026
26.595 -10.79 6.908
25.79 -9.504 6.79
24.422 -9.754 6.256
30.674 -10.75 7.27
25.717 -9.082 7.697
26.273 -8.874 6.176
28.252 -10.076 7.922
28.333 -9.838 6.309
24.126 -8.964 5.721
24.437 -10.566 5.674
23.791 -9.899 7.017
26.295 -11.276 7.72
26.438 -11.336 6.094
29.721 -10.834 4.541
28.895 -12.241 7.742
28.554 -12.292 6.147
31.447 -13.415 5.623
32.276 -14.615 5.655
33.738 -14.22 5.468
34.044 -13.252 4.772
31.853 -15.589 4.548
30.432 -16.141 4.664
30.163 -17.109 3.516
30.264 -16.847 6.003
30.429 -16.198 6.746
29.334 -17.207 6.077
30.918 -17.6 6.068
30.968 -13.071 4.772
30.817 -17.864 3.557
29.233 -17.468 3.594
30.263 -16.628 2.645
32.178 -15.05 6.549
29.784 -15.387 4.618
32.476 -16.361 4.568
31.917 -15.109 3.681
34.662 -14.963 6.095
36.085 -14.647 5.966
36.603 -14.785 4.542
36.39 -15.806 3.884
36.747 -15.631 6.932
35.82 -16.804 6.914
34.456 -16.151 6.943
35.94 -17.336 6.084
36.276 -13.715 6.327
34.201 -15.884 7.868
33.761 -16.746 6.553
35.957 -17.374 7.716
36.812 -15.24 7.847
37.655 -15.888 6.608
37.281 -13.744 4.073
37.826 -13.754 2.731
39.301 -14.098 2.712
40.007 -13.935 3.71
37.38 -12.953 4.733
37.319 -14.427 2.166
37.69 -12.844 2.304
39.764 -14.586 1.567
41.161 -14.952 1.392
41.464 -14.977 -0.096
40.599 -15.31 -0.906
41.44 -16.327 2.002
42.894 -16.758 1.89
43.147 -18.075 2.598
44.6 -18.495 2.455
44.886 -19.771 3.168
41.737 -14.263 1.828
44.812 -18.609 1.48
45.187 -17.771 2.829
43.13 -16.859 0.921
43.476 -16.052 2.298
44.8 -20.534 2.528
45.815 -19.744 3.535
44.233 -19.886 3.916
42.573 -18.776 2.193
42.942 -17.968 3.563
39.048 -14.682 0.816
40.876 -16.998 1.528
41.195 -16.295 2.967
42.688 -14.614 -0.457
43.082 -14.602 -1.857
42.75 -15.931 -2.524
43.234 -16.981 -2.105
44.581 -14.326 -1.982
44.976 -14.325 -3.342
43.316 -14.349 0.321
42.557 -13.882 -2.325
45.079 -15.038 -1.5
44.777 -13.436 -1.586
44.17 -14.219 -3.923
41.911 -15.877 -3.555
41.533 -17.08 -4.275
40.321 -17.832 -3.745
39.743 -18.651 -4.459
41.565 -14.93 -3.788
41.366 -16.84 -5.264
42.338 -17.724 -4.296
39.925 -17.564 -2.506
38.782 -18.261 -1.918
37.443 -17.845 -2.506
37.14 -16.657 -2.606
38.734 -18.043 -0.402
37.481 -18.624 0.264
37.48 -18.362 1.758
38.585 -19.056 2.41
39.123 -18.683 3.565
38.66 -17.618 4.204
40.133 -19.375 4.072
37.46 -19.607 0.117
38.904 -19.261 -2.066
38.964 -19.87 1.955
36.674 -18.198 -0.132
40.557 -19.092 4.932
40.475 -20.188 3.594
40.475 -16.845 -2.011
36.619 -18.69 2.129
37.574 -17.384 1.902
39.09 -17.334 5.073
37.894 -17.1 3.836
38.747 -17.067 -0.225
39.526 -18.483 0.003
36.65 -18.84 -2.892
35.319 -18.604 -3.438
34.319 -19.405 -2.613
34.707 -20.31 -1.875
35.228 -19.021 -4.92
35.716 -20.357 -5.081
36.045 -18.07 -5.788
35.101 -17.636 -3.345
36.655 -18.596 -6.385
35.43 -17.514 -6.352
37.058 -19.791 -2.772
34.248 -19.002 -5.206
36.594 -17.467 -5.205
36.29 -20.617 -4.297
33.036 -19.078 -2.737
32.006 -19.764 -1.966
30.83 -20.239 -2.807
30.562 -19.703 -3.882
31.425 -18.839 -0.887
32.389 -18.349 0.151
33.203 -17.256 0.07
32.612 -18.924 1.444
33.92 -17.111 1.24
33.574 -18.124 2.098
32.087 -20.039 2.114
34.026 -18.403 3.395
32.535 -20.317 3.404
33.496 -19.5 4.029
33.792 -19.732 4.955
32.433 -20.586 -1.547
34.58 -16.389 1.43
31.407 -20.624 1.684
32.169 -21.104 3.885
34.712 -17.814 3.828
33.274 -16.648 -0.717
32.84 -18.316 -3.409
30.695 -19.329 -0.405
31.036 -18.03 -1.335
30.142 -21.253 -2.289
28.93 -21.794 -2.901
27.931 -21.988 -1.767
28.305 -22.02 -0.592
29.192 -23.127 -3.612
29.928 -22.973 -4.936
30.238 -24.32 -5.562
31.07 -24.199 -6.76
30.646 -24.421 -8.003
29.388 -24.778 -8.227
31.485 -24.302 -9.023
30.789 -22.495 -4.782
28.566 -21.132 -3.539
32.034 -23.928 -6.635
29.361 -22.456 -5.572
31.178 -24.485 -9.952
32.436 -24.025 -8.858
30.545 -21.634 -1.399
29.374 -24.755 -5.806
30.717 -24.875 -4.885
29.086 -24.961 -9.172
28.745 -24.864 -7.472
28.318 -23.56 -3.793
29.746 -23.694 -3.015
26.656 -22.102 -2.111
25.62 -22.271 -1.104
24.689 -23.413 -1.469
24.649 -23.846 -2.624
24.794 -20.99 -0.983
24.142 -20.561 -2.297
22.974 -19.621 -2.08
21.92 -20.09 -1.602
23.11 -18.418 -2.379
24.814 -20.086 -2.829
26.045 -22.456 -0.208
23.801 -21.364 -2.745
26.469 -22.061 -3.128
25.395 -20.268 -0.703
24.074 -21.155 -0.337
23.94 -23.895 -0.48
22.974 -24.97 -0.702
21.856 -24.904 0.335
22.075 -24.501 1.475
23.665 -26.332 -0.644
24.098 -23.45 0.444
22.571 -24.859 -1.616
23.468 -26.766 0.234
23.325 -26.908 -1.386
24.651 -26.207 -0.742
20.654 -25.301 -0.067
19.506 -25.291 0.833
19.579 -26.404 1.864
19.962 -27.533 1.556
18.21 -25.453 0.038
17.771 -24.175 -0.639
18.631 -23.338 -0.978
16.546 -24.023 -0.844
20.604 -25.612 -1.056
19.532 -24.415 1.338
17.498 -25.745 0.668
18.362 -26.149 -0.656
19.165 -26.081 3.085
19.169 -27.03 4.184
17.755 -27.193 4.746
16.956 -26.251 4.744
20.144 -26.546 5.293
21.585 -26.595 4.767
19.985 -27.386 6.559
22.146 -27.983 4.357
19.422 -27.918 3.795
20.597 -27.028 7.26
19.038 -27.327 6.866
19.922 -25.605 5.499
21.656 -25.986 3.965
22.197 -26.218 5.478
21.575 -28.348 3.632
18.84 -25.093 3.182
23.079 -27.861 4.04
20.22 -28.332 6.348
22.122 -28.576 5.153
17.453 -28.409 5.196
16.165 -28.759 5.788
14.968 -28.697 4.851
13.83 -28.672 5.314
15.873 -27.883 7.01
16.897 -28.056 8.117
16.241 -29.729 6.109
18.233 -29.107 5.087
14.975 -28.13 7.366
15.876 -26.929 6.721
17.38 -29.161 8.372
17.217 -26.963 8.797
17.89 -27.01 9.536
16.785 -26.088 8.573
15.212 -28.678 3.547
14.11 -28.624 2.586
13.551 -30.009 2.263
14.306 -30.965 2.087
14.569 -27.972 1.281
13.47 -27.897 0.241
12.472 -26.927 0.327
13.4 -28.829 -0.793
11.424 -26.89 -0.594
12.358 -28.804 -1.716
11.375 -27.833 -1.608
10.338 -27.821 -2.516
13.365 -28.073 2.992
10.718 -26.188 -0.521
12.32 -29.48 -2.448
16.206 -28.704 3.279
14.109 -29.526 -0.874
12.504 -26.246 1.058
15.314 -28.511 0.906
14.871 -27.048 1.482
9.722 -27.067 -2.298
12.224 -30.108 2.187
11.568 -31.367 1.84
10.682 -31.12 0.617
10.909 -31.699 -0.445
10.724 -31.925 3.017
9.328 -31.796 2.729
11.04 -31.16 4.297
12.264 -32.034 1.593
11.385 -30.247 4.069
10.21 -31.07 4.852
11.709 -29.231 2.392
10.939 -32.917 3.127
11.736 -31.653 4.823
9.136 -30.897 2.321
9.69 -30.248 0.764
8.802 -29.905 -0.347
8.115 -28.566 -0.087
8.172 -28.035 1.023
7.758 -31.007 -0.577
6.869 -31.141 0.52
9.601 -29.84 1.713
9.362 -29.809 -1.175
8.236 -31.874 -0.715
7.232 -30.782 -1.396
7.394 -31.239 1.364
7.469 -28.024 -1.115
6.799 -26.744 -0.981
7.757 -25.591 -1.226
8.76 -25.748 -1.924
7.488 -28.579 -1.987
6.038 -26.69 -1.642
6.41 -26.662 -0.053
7.451 -24.426 -0.662
8.305 -23.256 -0.822
9.597 -23.454 -0.038
9.632 -24.213 0.928
7.575 -22.002 -0.332
6.428 -21.596 -1.212
6.656 -20.898 -2.391
5.124 -21.951 -0.885
5.601 -20.559 -3.237
4.062 -21.619 -1.723
4.302 -20.921 -2.902
3.546 -20.68 -3.507
8.559 -23.207 -1.79
5.789 -20.053 -4.085
3.121 -21.886 -1.468
6.572 -24.424 -0.112
4.945 -22.452 -0.038
7.583 -20.634 -2.642
8.227 -21.261 -0.316
7.219 -22.193 0.568
10.656 -22.774 -0.461
11.94 -22.888 0.221
11.898 -22.167 1.563
10.966 -21.405 1.843
13.055 -22.317 -0.66
13.232 -23.082 -1.964
14.078 -22.308 -2.954
15.469 -22.175 -2.526
16.301 -21.254 -2.998
15.878 -20.375 -3.904
17.565 -21.227 -2.596
12.338 -23.244 -2.376
12.136 -23.86 0.385
15.814 -22.817 -1.836
13.683 -23.952 -1.778
18.197 -20.55 -2.961
17.887 -21.894 -1.917
10.496 -22.177 -1.289
13.679 -21.397 -3.059
14.05 -22.788 -3.831
16.525 -19.692 -4.268
14.935 -20.389 -4.218
13.906 -22.366 -0.156
12.827 -21.378 -0.881
12.897 -22.435 2.4
12.994 -21.825 3.723
14.171 -20.85 3.759
14.684 -20.458 2.714
13.174 -22.907 4.797
14.395 -23.774 4.55
12.163 -21.284 3.864
13.599 -23.113 2.032
12.365 -23.487 4.795
13.275 -22.458 5.679
15.415 -23.291 4.059
14.301 -25.056 4.895
15.072 -25.671 4.761
13.447 -25.402 5.291
14.605 -20.467 4.957
15.713 -19.523 5.087
17.025 -20.14 5.554
17.93 -19.416 5.971
15.326 -18.389 6.04
15.044 -18.883 7.334
14.107 -20.882 5.76
15.875 -19.107 4.168
14.516 -17.934 5.681
16.084 -17.745 6.094
15.821 -18.704 7.938
17.131 -21.465 5.479
18.346 -22.163 5.91
19.276 -22.462 4.736
18.856 -23.035 3.734
17.998 -23.488 6.601
17.151 -23.3 7.846
17.276 -22.243 8.501
16.378 -24.221 8.18
16.299 -21.951 5.098
18.842 -21.539 6.529
18.849 -23.932 6.856
17.494 -24.047 5.952
20.545 -22.088 4.863
21.509 -22.335 3.796
22.868 -22.706 4.377
23.271 -22.186 5.421
21.684 -21.08 2.925
20.391 -20.461 2.387
19.917 -21.115 1.094
18.713 -20.452 0.584
17.474 -20.73 0.98
17.249 -21.671 1.892
16.451 -20.05 0.475
20.543 -19.489 2.206
21.181 -23.1 3.232
18.834 -19.736 -0.115
19.668 -20.563 3.071
15.518 -20.265 0.753
16.617 -19.316 -0.188
20.781 -21.622 5.754
19.712 -22.065 1.287
20.643 -21.037 0.424
16.305 -21.881 2.165
18.01 -22.165 2.303
22.256 -21.323 2.141
22.151 -20.385 3.472
23.566 -23.619 3.711
24.903 -23.994 4.145
25.834 -23.296 3.154
25.517 -23.191 1.967
25.107 -25.53 4.125
26.482 -25.873 4.706
24.971 -26.071 2.709
26.676 -27.342 5.079
25.048 -23.561 5.015
25.079 -27.063 2.73
24.068 -25.833 2.357
24.416 -25.934 4.706
27.183 -25.619 4.036
26.623 -25.318 5.53
26.557 -27.902 4.263
23.091 -24.023 2.888
27.595 -27.464 5.445
25.679 -25.662 2.137
25.999 -27.594 5.766
26.961 -22.789 3.649
27.919 -22.08 2.809
29.255 -22.791 2.885
29.773 -23.014 3.978
28.092 -20.631 3.289
26.895 -19.671 3.301
26.262 -19.625 1.916
25.878 -20.111 4.342
26.304 -20.113 5.247
25.102 -19.479 4.342
25.554 -21.033 4.126
27.095 -22.941 4.668
25.951 -20.541 1.661
25.482 -18.999 1.926
26.937 -19.305 1.251
27.596 -22.105 1.864
27.212 -18.762 3.552
28.807 -20.204 2.712
28.45 -20.667 4.237
29.82 -23.144 1.735
31.106 -23.839 1.735
32.104 -23.2 0.775
31.761 -22.838 -0.351
30.915 -25.327 1.412
30.148 -25.627 0.141
28.764 -25.475 0.083
30.81 -26.095 -0.994
28.056 -25.787 -1.075
30.111 -26.41 -2.159
28.737 -26.255 -2.189
28.044 -26.578 -3.334
31.492 -23.788 2.668
27.063 -25.673 -1.102
30.601 -26.744 -2.961
29.298 -22.897 0.887
31.801 -26.206 -0.974
28.269 -25.138 0.884
30.425 -25.751 2.178
31.823 -25.747 1.335
27.289 -25.936 -3.451
33.347 -23.063 1.232
34.386 -22.434 0.425
35.236 -23.412 -0.375
35.198 -24.628 -0.157
35.301 -21.593 1.318
36.087 -22.433 2.148
33.505 -23.433 2.186
33.929 -21.807 -0.237
34.74 -21.007 1.889
35.901 -21.052 0.743
37.055 -22.242 1.993
36.012 -22.861 -1.302
36.887 -23.65 -2.152
37.96 -24.367 -1.339
38.5 -25.382 -1.783
37.526 -22.753 -3.212
38.025 -21.563 -2.63
35.938 -21.821 -1.364
36.329 -24.354 -2.613
36.837 -22.518 -3.891
38.277 -23.246 -3.639
38.081 -21.674 -1.638
38.276 -23.835 -0.159
39.264 -24.478 0.707
38.583 -25.14 1.908
39.169 -25.348 2.971
40.364 -23.488 1.133
39.832 -22.267 1.85
38.667 -21.876 1.627
40.609 -21.674 2.629
37.782 -22.964 0.08
39.695 -25.212 0.174
40.844 -23.198 0.31
40.988 -23.973 1.739
37.311 -25.455 1.695
36.451 -26.163 2.628
36.114 -25.662 4.023
36.048 -26.44 4.976
36.903 -27.628 2.672
36.919 -28.18 1.277
38.015 -28.382 0.487
35.777 -28.424 0.447
37.625 -28.724 -0.787
36.256 -28.756 -0.839
34.391 -28.385 0.664
35.4 -29.05 -1.908
33.538 -28.675 -0.399
34.048 -29.002 -1.668
33.404 -29.203 -2.406
35.524 -26.306 2.13
38.239 -28.918 -1.55
34.018 -28.156 1.557
32.557 -28.648 -0.253
35.776 -29.284 -2.807
38.963 -28.295 0.788
36.959 -25.131 0.742
36.259 -28.145 3.188
37.813 -27.671 3.018
35.889 -24.359 4.139
35.433 -23.786 5.395
33.929 -23.988 5.218
33.434 -23.93 4.089
35.739 -22.29 5.472
37.206 -21.889 5.622
37.3 -20.376 5.71
37.795 -22.533 6.869
37.732 -23.528 6.793
38.755 -22.267 6.962
37.287 -22.229 7.675
36.062 -23.805 3.282
36.781 -20.052 6.502
38.258 -20.104 5.809
36.923 -19.967 4.878
35.732 -24.338 6.125
37.713 -22.209 4.829
35.247 -21.917 6.258
35.399 -21.865 4.632
33.203 -24.233 6.301
31.764 -24.446 6.189
30.992 -23.623 7.21
31.261 -23.686 8.412
31.417 -25.944 6.337
32.19 -26.755 5.291
29.92 -26.16 6.127
33.486 -27.315 5.808
31.498 -24.102 5.28
29.718 -27.131 6.23
29.42 -25.631 6.809
31.713 -26.238 7.235
31.607 -27.503 4.983
32.38 -26.156 4.515
33.305 -27.922 6.583
33.722 -24.258 7.189
33.942 -27.832 5.083
29.677 -25.854 5.209
34.08 -26.567 6.105
30.035 -22.841 6.719
29.223 -21.98 7.57
27.738 -22.234 7.373
27.326 -22.872 6.406
29.514 -20.503 7.275
30.81 -19.977 7.86
32.045 -20.391 7.365
30.792 -19.06 8.909
33.238 -19.901 7.903
31.975 -18.565 9.453
33.19 -18.989 8.945
34.36 -18.495 9.482
29.452 -22.182 8.534
34.114 -20.207 7.536
31.944 -17.909 10.205
29.918 -22.897 5.685
29.918 -18.751 9.277
32.084 -21.049 6.614
28.762 -19.957 7.647
29.55 -20.385 6.282
34.813 -17.92 8.804
26.938 -21.721 8.298
25.499 -21.888 8.232
24.763 -20.584 8.495
25.217 -19.743 9.269
25.05 -22.934 9.251
27.424 -21.201 9.056
25.25 -22.216 7.307
24.094 -22.774 9.49
25.148 -23.846 8.855
25.616 -22.862 10.071
23.633 -20.41 7.821
22.79 -19.25 8.051
21.371 -19.779 8.15
20.983 -20.68 7.402
22.856 -18.198 6.917
21.96 -17.123 7.232
22.453 -18.805 5.578
23.036 -18.841 8.918
21.673 -19.422 5.707
22.195 -18.076 4.94
23.413 -21.156 7.135
23.8 -17.825 6.874
23.222 -19.322 5.195
22.369 -16.519 7.924
20.608 -19.247 9.096
19.226 -19.664 9.273
18.305 -18.46 9.134
17.101 -18.568 9.354
18.995 -20.315 10.656
19.373 -19.398 11.687
19.816 -21.592 10.79
18.994 -20.324 8.554
20.506 -21.629 10.064
20.275 -21.608 11.682
21.072 -18.528 9.681
18.001 -20.52 10.758
19.215 -22.391 10.714
19.996 -18.698 11.322
18.877 -17.317 8.76
18.092 -16.096 8.594
18.258 -15.445 7.222
18.306 -14.222 7.095
18.427 -15.083 9.698
19.911 -14.776 9.798
20.666 -15.053 8.843
20.326 -14.233 10.844
19.898 -17.369 8.602
17.114 -16.356 8.68
18.119 -15.462 10.564
17.939 -14.24 9.497
18.345 -16.281 6.194
18.477 -15.816 4.821
19.652 -14.87 4.588
19.482 -13.735 4.127
17.174 -15.149 4.367
16.952 -15.218 2.887
18.311 -17.291 6.454
18.605 -16.63 4.219
17.191 -14.182 4.639
16.401 -15.599 4.824
17.037 -16.254 2.022
16.439 -13.199 2.499
16.188 -13.879 0.123
16.449 -14.48 0.875
16.582 -14.12 2.139
16.718 -15.768 0.774
17.283 -17.194 2.242
20.842 -15.362 4.915
22.108 -14.658 4.736
22.354 -13.416 5.595
23.249 -12.63 5.287
22.309 -14.287 3.258
21.844 -15.338 2.269
20.632 -15.19 1.589
22.609 -16.478 2.009
20.195 -16.142 0.678
22.178 -17.441 1.094
20.966 -17.263 0.432
20.516 -18.202 -0.468
22.871 -15.327 4.933
19.323 -16.015 0.199
22.733 -18.249 0.917
20.795 -16.336 5.329
23.476 -16.606 2.482
20.067 -14.381 1.763
23.285 -14.129 3.108
21.803 -13.444 3.078
21.275 -18.795 -0.73
21.59 -13.24 6.67
21.793 -12.074 7.531
22.995 -12.3 8.44
23.881 -11.45 8.529
20.542 -11.796 8.368
19.312 -11.51 7.523
18.129 -11.047 8.343
19.539 -10.797 6.858
21.995 -11.287 6.943
19.057 -12.347 7.035
20.879 -13.961 6.835
20.714 -11.002 8.948
20.352 -12.594 8.936
17.176 -12.789 7.964
18.129 -9.939 8.881
17.11 -11.895 8.447
16.285 -11.656 8.995
23.02 -13.447 9.113
24.136 -13.794 9.993
24.636 -15.191 9.636
23.892 -16.005 9.079
23.731 -13.771 11.488
22.643 -14.674 11.714
23.322 -12.366 11.907
24.878 -13.144 9.838
22.975 -11.862 11.112
22.603 -12.415 12.605
22.198 -14.061 8.963
24.528 -14.083 12.045
24.114 -11.88 12.284
21.795 -14.307 11.317
25.895 -15.464 9.962
26.505 -16.753 9.659
27.232 -17.319 10.87
27.706 -16.571 11.724
27.508 -16.6 8.515
26.911 -16.053 7.25
26.45 -16.91 6.254
26.814 -14.679 7.051
25.899 -16.403 5.074
26.264 -14.164 5.878
25.808 -15.031 4.887
25.416 -14.667 4.044
25.754 -17.39 9.446
25.574 -17.04 4.368
26.2 -13.164 5.752
26.398 -14.692 10.443
27.142 -14.053 7.757
26.509 -17.894 6.378
27.879 -17.495 8.316
28.216 -15.977 8.814
27.324 -18.644 10.922
28.006 -19.331 12.011
28.87 -20.45 11.443
28.402 -21.258 10.642
26.998 -19.94 12.994
26.168 -18.902 13.527
27.722 -20.641 14.139
28.603 -18.677 12.479
27.088 -21.255 14.614
28.49 -21.175 13.778
26.872 -19.142 10.126
26.401 -20.597 12.492
28.07 -19.96 14.787
26.404 -18.017 13.112
30.132 -20.492 11.857
31.053 -21.526 11.395
30.644 -22.852 12.028
30.437 -22.923 13.24
32.486 -21.17 11.811
33.552 -22.175 11.393
34.911 -21.761 11.952
35.995 -22.778 11.634
36.27 -22.863 10.176
30.982 -21.607 10.404
36.838 -22.515 12.114
35.703 -23.68 11.968
33.316 -23.07 11.753
33.606 -22.201 10.402
35.756 -22.15 9.699
37.248 -22.735 10.014
35.99 -23.761 9.836
34.837 -21.674 12.942
35.168 -20.885 11.551
30.4 -19.743 12.522
32.507 -21.087 12.81
32.716 -20.283 11.405
30.513 -23.898 11.217
30.125 -25.198 11.754
31.146 -26.296 11.467
30.978 -27.439 11.894
28.735 -25.63 11.233
28.729 -25.692 9.706
27.675 -24.654 11.732
27.544 -26.439 9.097
30.094 -25.091 12.76
26.78 -24.963 11.418
27.7 -24.633 12.729
28.55 -26.543 11.582
28.733 -24.756 9.348
29.573 -26.143 9.404
26.7 -25.987 9.373
30.701 -23.716 10.223
27.628 -26.426 8.104
27.873 -23.748 11.365
27.55 -27.38 9.426
32.203 -25.935 10.748
33.285 -26.856 10.405
34.568 -26.056 10.217
34.988 -25.821 9.061
32.972 -27.625 9.117
31.936 -28.728 9.263
32.423 -29.852 10.172
31.52 -30.999 10.137
30.267 -30.986 10.585
29.755 -29.882 11.114
29.519 -32.076 10.489
35.154 -25.649 11.242
33.414 -27.499 11.157
31.869 -31.861 9.747
31.101 -28.351 9.658
31.738 -29.121 8.367
28.585 -32.079 10.839
29.892 -32.903 10.061
32.196 -24.932 10.446
32.471 -29.497 11.1
33.325 -30.131 9.86
28.811 -29.893 11.466
30.296 -29.047 11.163
33.82 -28.039 8.789
32.635 -26.972 8.44
