18.293000 -39.565000 2.140000 1.824000
18.400000 -38.127000 1.754000 1.908000
19.159000 -37.354000 2.826000 1.908000
18.794000 -37.383000 4.000000 1.661200
17.006000 -37.494000 1.585000 1.908000
17.139000 -36.085000 1.036000 1.908000
16.155000 -38.354000 0.663000 1.908000
15.468000 -37.782000 0.216000 1.487000
18.035000 -40.096000 1.336000 0.600000
19.177000 -39.873000 2.485000 0.600000
16.597000 -37.419000 2.487000 1.487000
16.513000 -35.474000 1.522000 1.487000
18.078000 -35.763000 1.160000 1.487000
16.914000 -36.082000 0.061000 1.487000
17.598000 -39.657000 2.849000 0.600000
16.739000 -38.777000 -0.029000 1.487000
15.701000 -39.065000 1.198000 1.487000
18.922000 -38.085000 0.902000 1.100000
20.214000 -36.658000 2.414000 1.824000
21.030000 -35.881000 3.342000 1.908000
20.748000 -34.396000 3.128000 1.908000
21.086000 -33.846000 2.082000 1.661200
22.528000 -36.152000 3.099000 1.908000
22.798000 -37.658000 3.178000 1.908000
23.365000 -35.415000 4.125000 1.908000
22.477000 -38.380000 4.519000 1.908000
20.704000 -36.104000 4.258000 1.387000
24.332000 -35.587000 3.942000 1.487000
23.176000 -34.436000 4.059000 1.487000
22.750000 -35.847000 2.183000 1.487000
22.271000 -38.121000 2.449000 1.487000
23.776000 -37.820000 2.976000 1.487000
21.510000 -38.265000 4.709000 1.487000
20.403000 -36.714000 1.395000 0.600000
22.702000 -39.340000 4.415000 1.487000
23.129000 -35.745000 5.038000 1.487000
23.027000 -37.966000 5.233000 1.487000
20.138000 -33.748000 4.119000 1.824000
19.810000 -32.332000 3.984000 1.908000
19.942000 -31.512000 5.261000 1.908000
19.374000 -30.431000 5.360000 1.661200
18.385000 -32.182000 3.434000 1.908000
17.317000 -32.533000 4.462000 1.908000
20.469000 -31.938000 3.309000 1.387000
19.928000 -34.312000 4.953000 0.600000
18.285000 -32.791000 2.653000 1.487000
18.255000 -31.236000 3.153000 1.487000
17.601000 -33.138000 5.499000 1.661200
16.074000 -32.158000 4.170000 1.824000
15.331000 -32.355000 4.807000 0.600000
15.885000 -31.680000 3.312000 0.600000
20.693000 -32.011000 6.239000 1.824000
20.865000 -31.273000 7.489000 1.908000
22.194000 -30.527000 7.461000 1.908000
23.065000 -30.850000 6.659000 1.661200
20.884000 -32.218000 8.698000 1.908000
21.937000 -33.174000 8.523000 1.721000
19.559000 -32.938000 8.834000 1.908000
20.127000 -30.602000 7.567000 1.387000
19.431000 -33.572000 8.065000 1.487000
19.537000 -33.459000 9.692000 1.487000
21.124000 -32.925000 6.046000 0.600000
21.083000 -31.677000 9.537000 1.387000
18.805000 -32.274000 8.837000 1.487000
22.653000 -32.800000 7.924000 0.600000
22.350000 -29.531000 8.330000 1.824000
23.603000 -28.779000 8.370000 1.908000
24.799000 -29.695000 8.607000 1.908000
25.790000 -29.622000 7.885000 1.661200
23.570000 -27.706000 9.468000 1.908000
22.797000 -26.471000 9.088000 1.908000
23.225000 -25.664000 8.035000 1.908000
21.643000 -26.121000 9.774000 1.908000
22.511000 -24.525000 7.669000 1.908000
20.916000 -24.981000 9.419000 1.908000
21.352000 -24.181000 8.364000 1.908000
20.840000 -23.367000 8.104000 1.459000
23.727000 -28.368000 7.458000 1.387000
22.836000 -23.957000 6.908000 1.459000
20.079000 -24.743000 9.931000 1.459000
21.547000 -29.346000 8.943000 0.600000
21.323000 -26.689000 10.532000 1.459000
24.052000 -25.902000 7.534000 1.459000
24.502000 -27.438000 9.655000 1.487000
23.141000 -28.103000 10.264000 1.487000
24.714000 -30.555000 9.618000 1.824000
25.827000 -31.453000 9.901000 1.908000
25.960000 -32.565000 8.873000 1.908000
27.070000 -32.933000 8.498000 1.661200
25.699000 -32.045000 11.306000 1.908000
26.010000 -31.031000 12.385000 1.908000
27.131000 -30.478000 12.366000 1.661200
25.141000 -30.785000 13.246000 1.661200
23.839000 -30.530000 10.153000 0.600000
26.676000 -30.900000 9.852000 1.387000
26.338000 -32.800000 11.380000 1.487000
24.766000 -32.361000 11.421000 1.487000
24.833000 -33.096000 8.412000 1.824000
24.881000 -34.154000 7.419000 1.908000
25.531000 -33.680000 6.130000 1.908000
26.406000 -34.345000 5.577000 1.661200
23.966000 -32.707000 8.805000 0.600000
25.402000 -34.938000 7.786000 1.387000
23.943000 -34.474000 7.221000 1.387000
25.103000 -32.522000 5.641000 1.824000
25.674000 -31.993000 4.413000 1.908000
27.115000 -31.527000 4.619000 1.908000
27.953000 -31.711000 3.742000 1.661200
24.814000 -30.844000 3.859000 1.908000
25.459000 -30.260000 2.607000 1.908000
23.418000 -31.373000 3.539000 1.908000
25.685000 -32.731000 3.725000 1.387000
26.163000 -29.602000 2.872000 1.487000
23.003000 -31.729000 4.375000 1.487000
24.797000 -30.121000 4.540000 1.487000
25.874000 -30.996000 2.072000 1.487000
24.762000 -29.800000 2.057000 1.487000
24.365000 -32.056000 6.185000 0.600000
22.861000 -30.628000 3.176000 1.487000
23.492000 -32.102000 2.860000 1.487000
27.409000 -30.933000 5.775000 1.824000
28.772000 -30.475000 6.049000 1.908000
29.725000 -31.663000 6.028000 1.908000
30.795000 -31.602000 5.419000 1.661200
28.845000 -29.779000 7.412000 1.908000
26.624000 -30.829000 6.432000 0.600000
29.045000 -29.830000 5.333000 1.387000
28.376000 -30.338000 8.093000 1.487000
29.802000 -29.665000 7.673000 1.487000
28.405000 -28.885000 7.349000 1.487000
29.339000 -32.744000 6.697000 1.824000
30.181000 -33.935000 6.745000 1.908000
30.377000 -34.495000 5.338000 1.908000
31.485000 -34.874000 4.960000 1.661200
29.548000 -34.999000 7.648000 1.908000
30.470000 -36.180000 7.890000 1.908000
31.503000 -36.002000 8.569000 1.661200
30.164000 -37.283000 7.394000 1.661200
28.421000 -32.670000 7.164000 0.600000
31.084000 -33.649000 7.075000 1.387000
28.721000 -35.323000 7.206000 1.487000
29.337000 -34.574000 8.520000 1.487000
29.300000 -34.538000 4.559000 1.824000
29.382000 -35.056000 3.200000 1.908000
30.320000 -34.194000 2.350000 1.908000
31.145000 -34.716000 1.599000 1.661200
27.977000 -35.121000 2.582000 1.908000
27.896000 -35.925000 1.302000 1.908000
28.311000 -35.382000 0.084000 1.908000
27.417000 -37.235000 1.311000 1.908000
28.254000 -36.122000 -1.093000 1.908000
27.353000 -37.989000 0.135000 1.908000
27.773000 -37.426000 -1.062000 1.908000
27.708000 -38.164000 -2.226000 1.721000
29.763000 -35.985000 3.235000 1.387000
28.558000 -35.719000 -1.956000 1.459000
27.007000 -38.923000 0.159000 1.459000
28.431000 -34.183000 4.990000 0.600000
27.116000 -37.643000 2.168000 1.459000
28.656000 -34.442000 0.056000 1.459000
27.682000 -34.188000 2.384000 1.487000
27.363000 -35.534000 3.251000 1.487000
26.972000 -37.807000 -2.797000 0.600000
30.198000 -32.874000 2.469000 1.824000
31.063000 -31.962000 1.729000 1.908000
32.537000 -32.155000 2.103000 1.908000
33.402000 -32.178000 1.236000 1.661200
30.654000 -30.509000 1.992000 1.908000
29.368000 -30.016000 1.318000 1.908000
28.904000 -28.716000 1.973000 1.908000
29.619000 -29.815000 -0.175000 1.908000
29.898000 -30.683000 -0.585000 1.487000
28.780000 -29.494000 -0.613000 1.487000
30.342000 -29.138000 -0.302000 1.487000
29.453000 -32.560000 3.117000 0.600000
29.616000 -28.022000 1.874000 1.487000
28.066000 -28.401000 1.529000 1.487000
28.728000 -28.878000 2.943000 1.487000
30.962000 -32.149000 0.744000 1.387000
28.661000 -30.709000 1.422000 1.487000
31.397000 -29.921000 1.678000 1.487000
30.531000 -30.400000 2.978000 1.487000
32.829000 -32.290000 3.391000 1.824000
34.218000 -32.485000 3.812000 1.908000
34.785000 -33.812000 3.311000 1.908000
35.974000 -33.919000 3.002000 1.661200
34.332000 -32.478000 5.334000 1.908000
33.992000 -31.179000 6.014000 1.908000
34.207000 -31.274000 7.510000 1.908000
34.578000 -30.459000 5.656000 1.487000
34.770000 -31.743000 3.408000 1.387000
33.036000 -30.961000 5.845000 1.487000
32.033000 -32.248000 4.038000 0.600000
35.282000 -32.727000 5.583000 1.487000
33.722000 -33.197000 5.702000 1.487000
35.472000 -29.700000 7.435000 0.600000
33.646000 -32.148000 8.172000 1.661200
35.027000 -30.381000 8.050000 1.824000
35.209000 -30.375000 9.053000 0.600000
33.931000 -34.825000 3.242000 1.824000
34.356000 -36.154000 2.818000 1.908000
34.506000 -36.345000 1.310000 1.908000
35.515000 -36.877000 0.841000 1.661200
33.379000 -37.225000 3.350000 1.908000
33.288000 -37.124000 4.777000 1.721000
33.858000 -38.618000 2.977000 1.908000
35.263000 -36.353000 3.252000 1.387000
33.071000 -39.204000 2.767000 1.487000
34.455000 -38.569000 2.172000 1.487000
32.955000 -34.595000 3.510000 0.600000
32.455000 -37.048000 2.958000 1.387000
34.371000 -39.019000 3.741000 1.487000
32.681000 -36.365000 5.035000 0.600000
33.508000 -35.902000 0.550000 1.824000
33.518000 -36.081000 -0.899000 1.908000
33.827000 -34.844000 -1.736000 1.908000
33.993000 -34.942000 -2.957000 1.661200
32.170000 -36.664000 -1.330000 1.908000
31.865000 -37.989000 -0.672000 1.908000
32.507000 -39.156000 -1.091000 1.908000
30.961000 -38.076000 0.387000 1.908000
32.256000 -40.376000 -0.472000 1.908000
30.702000 -39.299000 1.019000 1.908000
31.355000 -40.441000 0.580000 1.908000
31.110000 -41.653000 1.188000 1.721000
34.226000 -36.794000 -1.122000 1.387000
32.725000 -41.203000 -0.785000 1.459000
30.056000 -39.343000 1.774000 1.459000
32.742000 -35.430000 1.064000 0.600000
30.491000 -37.257000 0.703000 1.459000
33.158000 -39.115000 -1.850000 1.459000
32.190000 -36.801000 -2.313000 1.487000
31.457000 -36.019000 -1.081000 1.487000
31.662000 -42.358000 0.746000 0.600000
33.901000 -33.689000 -1.084000 1.824000
34.188000 -32.428000 -1.762000 1.908000
33.188000 -32.116000 -2.867000 1.908000
33.540000 -31.605000 -3.930000 1.661200
35.625000 -32.430000 -2.299000 1.908000
36.657000 -32.237000 -1.229000 1.908000
36.334000 -32.059000 0.100000 1.824000
38.010000 -32.221000 -1.292000 1.908000
37.443000 -31.945000 0.808000 1.908000
38.475000 -32.039000 -0.011000 1.824000
35.404000 -32.024000 0.466000 0.600000
38.566000 -32.322000 -2.113000 1.409000
33.738000 -33.759000 -0.057000 0.600000
37.494000 -31.808000 1.794000 1.359000
34.145000 -31.682000 -1.077000 1.387000
35.722000 -31.690000 -2.969000 1.487000
35.801000 -33.306000 -2.755000 1.487000
31.929000 -32.432000 -2.585000 1.824000
30.822000 -32.176000 -3.503000 1.908000
29.542000 -32.372000 -2.705000 1.908000
29.565000 -32.975000 -1.633000 1.661200
30.854000 -33.146000 -4.693000 1.908000
30.626000 -34.603000 -4.335000 1.908000
30.764000 -35.498000 -5.563000 1.908000
30.614000 -36.964000 -5.202000 1.908000
30.791000 -37.838000 -6.397000 1.824000
30.868000 -31.237000 -3.814000 1.387000
31.303000 -37.204000 -4.516000 1.100000
29.701000 -37.115000 -4.818000 1.100000
31.302000 -34.885000 -3.656000 1.487000
29.707000 -34.711000 -3.961000 1.487000
30.649000 -38.791000 -6.133000 0.600000
30.125000 -37.580000 -7.096000 0.600000
31.716000 -37.723000 -6.756000 0.600000
31.664000 -35.357000 -5.962000 1.487000
30.054000 -35.255000 -6.216000 1.487000
31.797000 -32.880000 -1.648000 0.600000
31.750000 -33.064000 -5.133000 1.487000
30.143000 -32.864000 -5.340000 1.487000
28.429000 -31.854000 -3.217000 1.824000
27.146000 -31.997000 -2.539000 1.908000
26.538000 -33.376000 -2.775000 1.908000
26.871000 -34.058000 -3.750000 1.661200
26.146000 -30.950000 -3.047000 1.908000
26.319000 -29.485000 -2.646000 1.908000
25.400000 -28.605000 -3.501000 1.908000
25.992000 -29.314000 -1.170000 1.908000
26.608000 -29.881000 -0.622000 1.487000
26.106000 -28.355000 -0.910000 1.487000
25.046000 -29.593000 -1.002000 1.487000
28.551000 -31.354000 -4.115000 0.600000
24.451000 -28.881000 -3.355000 1.487000
25.518000 -27.650000 -3.234000 1.487000
25.639000 -28.718000 -4.464000 1.487000
27.291000 -31.880000 -1.548000 1.387000
27.264000 -29.213000 -2.796000 1.487000
25.227000 -31.236000 -2.740000 1.487000
26.160000 -30.985000 -4.058000 1.487000
25.639000 -33.805000 -1.875000 1.824000
24.967000 -35.102000 -1.989000 1.908000
24.189000 -35.102000 -3.309000 1.908000
23.912000 -34.036000 -3.862000 1.661200
24.038000 -35.115000 -0.780000 1.908000
24.773000 -34.305000 0.228000 1.908000
25.328000 -33.160000 -0.585000 1.908000
24.156000 -33.970000 0.935000 1.487000
25.617000 -35.849000 -1.961000 1.387000
26.154000 -32.786000 -0.171000 1.387000
24.652000 -32.439000 -0.707000 1.387000
25.509000 -34.834000 0.642000 1.487000
23.891000 -36.049000 -0.455000 1.487000
23.157000 -34.698000 -1.005000 1.487000
23.825000 -36.284000 -3.799000 1.824000
23.112000 -36.400000 -5.068000 1.908000
21.722000 -35.775000 -5.099000 1.908000
21.147000 -35.617000 -6.176000 1.661200
23.005000 -37.873000 -5.489000 1.908000
24.362000 -38.533000 -5.666000 1.908000
25.287000 -37.872000 -6.180000 1.661200
24.499000 -39.721000 -5.303000 1.661200
24.087000 -37.099000 -3.213000 0.600000
23.673000 -35.909000 -5.770000 1.387000
22.516000 -37.909000 -6.352000 1.487000
22.504000 -38.357000 -4.782000 1.487000
21.178000 -35.417000 -3.938000 1.824000
19.841000 -34.820000 -3.904000 1.908000
19.818000 -33.316000 -4.181000 1.908000
18.781000 -32.670000 -4.024000 1.661200
19.155000 -35.109000 -2.561000 1.908000
20.020000 -34.746000 -1.367000 1.908000
19.299000 -35.264000 -4.643000 1.387000
21.753000 -35.589000 -3.105000 0.600000
18.947000 -36.083000 -2.520000 1.487000
18.314000 -34.577000 -2.519000 1.487000
21.076000 -35.338000 -1.158000 1.661200
19.572000 -33.776000 -0.575000 1.824000
20.099000 -33.491000 0.220000 0.600000
18.697000 -33.330000 -0.781000 0.600000
20.948000 -32.758000 -4.604000 1.824000
21.016000 -31.327000 -4.899000 1.908000
21.092000 -31.015000 -6.387000 1.908000
21.725000 -31.744000 -7.151000 1.661200
22.227000 -30.704000 -4.199000 1.908000
21.999000 -30.474000 -2.728000 1.908000
21.306000 -29.350000 -2.281000 1.908000
22.430000 -31.406000 -1.782000 1.908000
21.045000 -29.156000 -0.929000 1.908000
22.171000 -31.224000 -0.427000 1.908000
21.481000 -30.099000 -0.007000 1.908000
21.223000 -29.917000 1.332000 1.721000
20.176000 -30.890000 -4.528000 1.387000
20.547000 -28.346000 -0.623000 1.459000
22.482000 -31.901000 0.238000 1.459000
21.749000 -33.402000 -4.703000 0.600000
22.930000 -32.214000 -2.082000 1.459000
20.990000 -28.669000 -2.944000 1.459000
22.417000 -29.829000 -4.628000 1.487000
22.998000 -31.320000 -4.306000 1.487000
20.763000 -29.040000 1.461000 0.600000
20.429000 -29.930000 -6.782000 1.824000
20.430000 -29.451000 -8.164000 1.908000
20.506000 -27.927000 -8.129000 1.908000
20.013000 -27.296000 -7.191000 1.661200
19.150000 -29.858000 -8.947000 1.908000
17.903000 -29.331000 -8.238000 1.908000
19.100000 -31.370000 -9.107000 1.908000
16.625000 -29.363000 -9.074000 1.908000
21.279000 -29.769000 -8.570000 1.387000
18.296000 -31.612000 -9.647000 1.487000
19.929000 -31.674000 -9.573000 1.487000
19.201000 -29.437000 -9.844000 1.487000
17.754000 -29.873000 -7.408000 1.487000
18.073000 -28.382000 -7.962000 1.487000
16.433000 -30.305000 -9.337000 1.487000
19.904000 -29.446000 -6.015000 0.600000
15.872000 -29.002000 -8.529000 1.487000
19.043000 -31.790000 -8.203000 1.487000
16.756000 -28.802000 -9.887000 1.487000
21.133000 -27.335000 -9.141000 1.824000
21.268000 -25.883000 -9.203000 1.908000
19.949000 -25.227000 -9.593000 1.908000
19.035000 -25.897000 -10.070000 1.661200
22.330000 -25.448000 -10.242000 1.908000
21.924000 -25.872000 -11.551000 1.721000
23.681000 -26.055000 -9.915000 1.908000
21.531000 -25.547000 -8.290000 1.387000
23.778000 -26.943000 -10.374000 1.487000
24.415000 -25.445000 -10.226000 1.487000
21.507000 -27.977000 -9.862000 0.600000
22.390000 -24.431000 -10.240000 1.387000
23.765000 -26.189000 -8.924000 1.487000
21.992000 -26.872000 -11.630000 0.600000
19.852000 -23.916000 -9.399000 1.824000
18.629000 -23.224000 -9.772000 1.908000
18.471000 -23.264000 -11.288000 1.908000
17.356000 -23.398000 -11.793000 1.661200
18.641000 -21.784000 -9.257000 1.908000
18.411000 -21.707000 -7.748000 1.908000
18.167000 -20.291000 -7.257000 1.908000
19.378000 -19.402000 -7.447000 1.908000
20.562000 -19.906000 -6.687000 1.824000
17.847000 -23.690000 -9.356000 1.387000
19.610000 -19.365000 -8.423000 1.100000
19.159000 -18.475000 -7.130000 1.100000
17.614000 -22.275000 -7.514000 1.487000
19.218000 -22.081000 -7.279000 1.487000
20.983000 -20.656000 -7.194000 0.600000
21.221000 -19.164000 -6.575000 0.600000
20.263000 -20.230000 -5.791000 0.600000
17.943000 -20.321000 -6.284000 1.487000
17.401000 -19.901000 -7.767000 1.487000
20.673000 -23.464000 -8.985000 0.600000
17.915000 -21.284000 -9.708000 1.487000
19.525000 -21.386000 -9.457000 1.487000
19.585000 -23.174000 -12.012000 1.824000
19.536000 -23.219000 -13.473000 1.908000
18.900000 -24.533000 -13.920000 1.908000
18.024000 -24.551000 -14.790000 1.661200
20.949000 -23.100000 -14.057000 1.908000
20.916000 -23.159000 -15.475000 1.721000
20.457000 -23.073000 -11.469000 0.600000
18.952000 -22.471000 -13.788000 1.387000
21.500000 -23.853000 -13.714000 1.387000
21.338000 -22.229000 -13.777000 1.387000
21.217000 -24.062000 -15.777000 0.600000
19.335000 -25.637000 -13.321000 1.824000
18.794000 -26.947000 -13.658000 1.908000
17.325000 -27.043000 -13.268000 1.908000
16.495000 -27.471000 -14.068000 1.661200
19.583000 -28.049000 -12.949000 1.908000
20.967000 -28.282000 -13.524000 1.908000
21.831000 -29.127000 -12.610000 1.908000
22.153000 -28.658000 -11.498000 1.661200
22.185000 -30.257000 -13.000000 1.661200
20.872000 -28.764000 -14.373000 1.487000
18.889000 -27.109000 -14.647000 1.387000
21.410000 -27.413000 -13.631000 1.487000
20.075000 -25.487000 -12.610000 0.600000
19.075000 -28.886000 -13.040000 1.487000
19.690000 -27.781000 -12.008000 1.487000
17.008000 -26.640000 -12.041000 1.824000
15.636000 -26.691000 -11.546000 1.908000
14.683000 -25.897000 -12.435000 1.908000
13.598000 -26.379000 -12.775000 1.661200
15.580000 -26.164000 -10.116000 1.908000
17.807000 -26.292000 -11.476000 0.600000
15.332000 -27.655000 -11.531000 1.387000
15.091000 -26.817000 -9.540000 1.487000
16.509000 -26.044000 -9.769000 1.487000
15.103000 -25.286000 -10.103000 1.487000
15.089000 -24.687000 -12.808000 1.824000
14.263000 -23.827000 -13.658000 1.908000
14.022000 -24.502000 -15.002000 1.908000
12.905000 -24.479000 -15.530000 1.661200
14.947000 -22.465000 -13.846000 1.908000
15.191000 -21.740000 -12.520000 1.908000
16.122000 -20.545000 -12.643000 1.908000
14.309000 -21.422000 -12.166000 1.487000
13.375000 -23.710000 -13.208000 1.387000
15.590000 -22.392000 -11.871000 1.487000
16.023000 -24.409000 -12.452000 0.600000
14.365000 -21.888000 -14.410000 1.487000
15.827000 -22.606000 -14.287000 1.487000
15.203000 -19.664000 -11.072000 0.600000
17.001000 -20.512000 -13.504000 1.661200
15.948000 -19.566000 -11.760000 1.824000
16.543000 -18.739000 -11.772000 0.600000
15.062000 -25.124000 -15.549000 1.824000
14.932000 -25.809000 -16.833000 1.908000
13.966000 -26.989000 -16.739000 1.908000
13.352000 -27.381000 -17.735000 1.661200
16.301000 -26.288000 -17.315000 1.908000
15.938000 -25.082000 -15.006000 0.600000
14.575000 -25.157000 -17.514000 1.387000
16.950000 -25.530000 -17.275000 1.487000
16.618000 -27.031000 -16.727000 1.487000
16.225000 -26.615000 -18.256000 1.487000
13.826000 -27.547000 -15.539000 1.824000
12.935000 -28.679000 -15.311000 1.908000
11.497000 -28.239000 -15.036000 1.908000
10.607000 -29.077000 -14.866000 1.661200
13.452000 -29.529000 -14.146000 1.908000
14.790000 -30.241000 -14.379000 1.908000
15.237000 -30.936000 -13.099000 1.908000
14.642000 -31.251000 -15.512000 1.908000
14.369000 -30.776000 -16.348000 1.487000
15.515000 -31.714000 -15.662000 1.487000
13.945000 -31.925000 -15.269000 1.487000
14.400000 -27.111000 -14.788000 0.600000
14.549000 -31.609000 -12.826000 1.487000
16.110000 -31.398000 -13.257000 1.487000
15.346000 -30.258000 -12.372000 1.487000
12.934000 -29.260000 -16.139000 1.387000
15.473000 -29.567000 -14.647000 1.487000
12.773000 -30.229000 -13.953000 1.487000
13.568000 -28.931000 -13.360000 1.487000
11.273000 -26.929000 -14.981000 1.824000
9.929000 -26.422000 -14.748000 1.908000
9.687000 -25.757000 -13.407000 1.908000
8.560000 -25.358000 -13.099000 1.661200
12.102000 -26.333000 -15.113000 0.600000
9.691000 -25.756000 -15.498000 1.387000
9.258000 -27.196000 -14.862000 1.387000
10.733000 -25.634000 -12.594000 1.824000
10.576000 -24.997000 -11.298000 1.908000
10.278000 -23.514000 -11.442000 1.908000
10.983000 -22.790000 -12.148000 1.661200
11.847000 -25.166000 -10.449000 1.908000
11.803000 -24.407000 -9.138000 1.908000
10.841000 -24.495000 -8.165000 1.908000
12.769000 -23.461000 -8.656000 1.908000
11.152000 -23.665000 -7.111000 1.824000
12.330000 -23.021000 -7.385000 1.908000
13.967000 -22.946000 -9.174000 1.908000
13.047000 -22.087000 -6.624000 1.908000
14.681000 -22.016000 -8.416000 1.908000
14.216000 -21.600000 -7.155000 1.908000
14.757000 -20.934000 -6.642000 1.459000
9.785000 -25.423000 -10.838000 1.387000
10.608000 -23.551000 -6.282000 0.600000
14.309000 -23.233000 -10.063000 1.459000
15.527000 -21.646000 -8.778000 1.459000
12.704000 -21.797000 -5.728000 1.459000
10.031000 -25.076000 -8.212000 1.409000
11.619000 -26.013000 -12.952000 0.600000
12.623000 -24.822000 -10.958000 1.487000
11.961000 -26.123000 -10.226000 1.487000
9.217000 -23.074000 -10.776000 1.824000
8.827000 -21.672000 -10.763000 1.908000
8.683000 -21.357000 -9.277000 1.908000
7.726000 -21.785000 -8.637000 1.661200
7.480000 -21.448000 -11.486000 1.908000
7.061000 -19.990000 -11.362000 1.908000
7.611000 -21.836000 -12.951000 1.908000
9.567000 -21.137000 -11.117000 1.387000
7.871000 -19.421000 -11.219000 1.487000
8.198000 -22.642000 -13.028000 1.487000
6.794000 -21.990000 -11.017000 1.487000
6.596000 -19.704000 -12.200000 1.487000
6.440000 -19.886000 -10.585000 1.487000
8.690000 -23.818000 -10.265000 0.600000
6.705000 -22.043000 -13.320000 1.487000
8.015000 -21.076000 -13.459000 1.487000
9.654000 -20.633000 -8.727000 1.824000
9.661000 -20.296000 -7.304000 1.908000
8.300000 -19.933000 -6.716000 1.908000
7.882000 -20.519000 -5.716000 1.661200
10.658000 -19.169000 -7.039000 1.908000
10.399000 -20.331000 -9.388000 0.600000
10.031000 -21.098000 -6.785000 1.387000
11.421000 -19.522000 -6.499000 1.487000
10.998000 -18.816000 -7.909000 1.487000
10.203000 -18.436000 -6.536000 1.487000
7.616000 -18.974000 -7.336000 1.824000
6.307000 -18.522000 -6.859000 1.908000
5.240000 -19.618000 -6.829000 1.908000
4.205000 -19.463000 -6.178000 1.661200
5.806000 -17.356000 -7.717000 1.908000
5.448000 -17.799000 -9.014000 1.721000
8.084000 -18.579000 -8.176000 0.600000
6.424000 -18.180000 -5.907000 1.387000
6.533000 -16.681000 -7.793000 1.387000
5.008000 -16.956000 -7.278000 1.387000
6.058000 -18.539000 -9.294000 0.600000
5.480000 -20.713000 -7.542000 1.824000
4.536000 -21.828000 -7.570000 1.908000
4.816000 -22.833000 -6.453000 1.908000
3.966000 -23.664000 -6.135000 1.661200
4.607000 -22.569000 -8.908000 1.908000
3.921000 -21.890000 -10.078000 1.908000
3.843000 -22.858000 -11.254000 1.908000
2.985000 -22.319000 -12.386000 1.908000
2.864000 -23.304000 -13.501000 1.824000
3.601000 -21.467000 -7.450000 1.387000
2.071000 -22.111000 -12.032000 1.100000
3.399000 -21.476000 -12.738000 1.100000
3.000000 -21.631000 -9.815000 1.487000
4.446000 -21.095000 -10.352000 1.487000
1.911000 -23.590000 -13.586000 0.600000
3.164000 -22.876000 -14.352000 0.600000
3.437000 -24.098000 -13.303000 0.600000
3.448000 -23.717000 -10.936000 1.487000
4.765000 -23.015000 -11.600000 1.487000
6.375000 -20.708000 -8.065000 0.600000
4.191000 -23.477000 -8.781000 1.487000
5.578000 -22.695000 -9.141000 1.487000
6.012000 -22.758000 -5.872000 1.824000
6.390000 -23.684000 -4.814000 1.908000
6.299000 -25.124000 -5.291000 1.908000
5.949000 -26.021000 -4.519000 1.661200
6.626000 -22.008000 -6.229000 0.600000
7.334000 -23.490000 -4.518000 1.387000
5.781000 -23.556000 -4.022000 1.387000
6.656000 -25.345000 -6.556000 1.824000
6.572000 -26.660000 -7.185000 1.908000
7.886000 -27.416000 -7.395000 1.908000
7.953000 -28.312000 -8.233000 1.661200
5.886000 -26.508000 -8.545000 1.908000
6.787000 -25.848000 -9.572000 1.908000
5.991000 -27.247000 -6.571000 1.387000
7.001000 -24.495000 -7.058000 0.600000
5.074000 -25.946000 -8.426000 1.487000
5.637000 -27.412000 -8.875000 1.487000
7.713000 -25.117000 -9.218000 1.661200
6.517000 -26.094000 -10.849000 1.824000
7.077000 -25.693000 -11.569000 0.600000
5.744000 -26.686000 -11.090000 0.600000
8.934000 -27.082000 -6.651000 1.824000
10.193000 -27.789000 -6.856000 1.908000
10.039000 -29.305000 -6.717000 1.908000
10.548000 -30.066000 -7.541000 1.661200
11.259000 -27.296000 -5.870000 1.908000
12.632000 -27.963000 -6.012000 1.908000
13.197000 -27.722000 -7.409000 1.908000
13.578000 -27.405000 -4.955000 1.908000
13.209000 -27.592000 -4.045000 1.487000
14.474000 -27.839000 -5.046000 1.487000
13.672000 -26.418000 -5.080000 1.487000
8.788000 -26.338000 -5.971000 0.600000
13.294000 -26.739000 -7.563000 1.487000
14.091000 -28.162000 -7.487000 1.487000
12.575000 -28.107000 -8.090000 1.487000
10.526000 -27.591000 -7.791000 1.387000
12.533000 -28.944000 -5.860000 1.487000
10.934000 -27.478000 -4.953000 1.487000
11.385000 -26.324000 -6.018000 1.487000
9.340000 -29.742000 -5.673000 1.824000
9.144000 -31.167000 -5.423000 1.908000
8.294000 -31.840000 -6.495000 1.908000
8.329000 -33.063000 -6.645000 1.661200
8.508000 -31.373000 -4.051000 1.908000
8.954000 -28.996000 -5.063000 0.600000
10.051000 -31.620000 -5.402000 1.387000
8.036000 -32.253000 -4.033000 1.487000
9.220000 -31.361000 -3.350000 1.487000
7.853000 -30.639000 -3.875000 1.487000
7.523000 -31.048000 -7.232000 1.824000
6.683000 -31.606000 -8.283000 1.908000
7.498000 -31.902000 -9.542000 1.908000
7.302000 -32.933000 -10.187000 1.661200
5.535000 -30.649000 -8.635000 1.908000
4.580000 -30.423000 -7.476000 1.908000
4.267000 -31.395000 -6.758000 1.661200
4.129000 -29.274000 -7.290000 1.661200
7.571000 -30.045000 -7.003000 0.600000
6.330000 -32.488000 -7.949000 1.387000
5.031000 -31.043000 -9.394000 1.487000
5.934000 -29.778000 -8.896000 1.487000
8.415000 -31.003000 -9.884000 1.824000
9.234000 -31.174000 -11.080000 1.908000
10.546000 -31.903000 -10.815000 1.908000
11.150000 -32.456000 -11.734000 1.661200
9.554000 -29.812000 -11.737000 1.908000
8.260000 -29.101000 -12.110000 1.908000
10.382000 -28.949000 -10.786000 1.908000
8.702000 -31.725000 -11.748000 1.387000
8.468000 -28.179000 -12.437000 1.487000
10.923000 -28.301000 -11.320000 1.487000
10.041000 -29.993000 -12.582000 1.487000
7.794000 -29.613000 -12.831000 1.487000
7.667000 -29.044000 -11.307000 1.487000
8.495000 -30.192000 -9.245000 0.600000
9.767000 -28.454000 -10.174000 1.487000
10.988000 -29.538000 -10.254000 1.487000
10.980000 -31.901000 -9.559000 1.824000
12.227000 -32.557000 -9.172000 1.908000
12.066000 -33.233000 -7.811000 1.908000
12.600000 -32.764000 -6.803000 1.661200
13.359000 -31.532000 -9.121000 1.908000
10.366000 -31.401000 -8.886000 0.600000
12.449000 -33.259000 -9.853000 1.387000
13.567000 -31.315000 -8.169000 1.487000
14.170000 -31.912000 -9.562000 1.487000
13.076000 -30.702000 -9.599000 1.487000
11.322000 -34.350000 -7.768000 1.824000
11.081000 -35.097000 -6.530000 1.908000
12.360000 -35.425000 -5.767000 1.908000
13.334000 -35.905000 -6.349000 1.661200
10.379000 -36.362000 -7.021000 1.908000
9.669000 -35.898000 -8.251000 1.908000
10.698000 -35.030000 -8.918000 1.908000
9.424000 -36.670000 -8.828000 1.487000
10.429000 -34.594000 -5.933000 1.387000
10.277000 -34.366000 -9.531000 1.387000
11.371000 -35.572000 -9.411000 1.387000
8.859000 -35.374000 -8.012000 1.487000
9.733000 -36.697000 -6.339000 1.487000
11.043000 -37.074000 -7.238000 1.487000
12.341000 -35.154000 -4.466000 1.824000
13.482000 -35.443000 -3.615000 1.908000
14.676000 -34.518000 -3.723000 1.908000
15.675000 -34.731000 -3.040000 1.661200
11.459000 -34.728000 -4.122000 0.600000
13.164000 -35.463000 -2.630000 1.387000
13.795000 -36.413000 -3.798000 1.387000
14.586000 -33.488000 -4.557000 1.824000
15.703000 -32.567000 -4.732000 1.908000
15.594000 -31.282000 -3.920000 1.908000
14.501000 -30.851000 -3.544000 1.661200
15.848000 -32.193000 -6.211000 1.908000
16.041000 -33.374000 -7.154000 1.908000
17.374000 -34.071000 -6.925000 1.908000
17.609000 -35.166000 -7.960000 1.908000
18.907000 -35.875000 -7.755000 1.824000
16.565000 -33.046000 -4.463000 1.387000
16.859000 -35.832000 -7.903000 1.100000
17.602000 -34.753000 -8.877000 1.100000
15.302000 -34.033000 -7.005000 1.487000
16.005000 -33.046000 -8.099000 1.487000
18.886000 -36.747000 -8.242000 0.600000
19.650000 -35.309000 -8.109000 0.600000
19.043000 -36.037000 -6.779000 0.600000
17.372000 -34.485000 -6.023000 1.487000
18.105000 -33.403000 -7.001000 1.487000
13.685000 -33.400000 -5.054000 0.600000
16.640000 -31.586000 -6.302000 1.487000
15.022000 -31.701000 -6.490000 1.487000
16.755000 -30.688000 -3.649000 1.824000
16.868000 -29.420000 -2.938000 1.908000
17.768000 -28.551000 -3.804000 1.908000
18.619000 -29.068000 -4.523000 1.661200
17.540000 -29.592000 -1.567000 1.908000
16.719000 -30.277000 -0.637000 1.721000
17.594000 -31.220000 -3.997000 0.600000
15.976000 -29.001000 -2.905000 1.387000
17.756000 -28.684000 -1.203000 1.387000
18.390000 -30.107000 -1.692000 1.387000
17.283000 -30.882000 -0.077000 0.600000
17.578000 -27.239000 -3.736000 1.824000
18.397000 -26.303000 -4.496000 1.908000
19.778000 -26.242000 -3.848000 1.908000
19.887000 -26.172000 -2.625000 1.661200
17.810000 -24.869000 -4.460000 1.908000
16.457000 -24.829000 -5.180000 1.908000
18.793000 -23.884000 -5.086000 1.908000
15.296000 -24.885000 -4.273000 1.908000
18.524000 -26.706000 -5.397000 1.387000
18.415000 -22.964000 -5.016000 1.487000
19.659000 -23.937000 -4.594000 1.487000
17.662000 -24.626000 -3.509000 1.487000
16.427000 -23.987000 -5.725000 1.487000
16.430000 -25.608000 -5.813000 1.487000
15.309000 -24.105000 -3.639000 1.487000
16.807000 -26.942000 -3.104000 0.600000
14.439000 -24.856000 -4.798000 1.487000
18.927000 -24.128000 -6.044000 1.487000
15.312000 -25.734000 -3.735000 1.487000
20.828000 -26.261000 -4.659000 1.824000
22.164000 -26.168000 -4.096000 1.908000
23.290000 -26.226000 -5.106000 1.908000
23.153000 -26.834000 -6.170000 1.661200
20.622000 -26.342000 -5.658000 0.600000
22.240000 -25.297000 -3.560000 1.387000
22.290000 -26.921000 -3.411000 1.387000
24.407000 -25.585000 -4.766000 1.824000
25.575000 -25.595000 -5.630000 1.908000
25.944000 -24.280000 -6.295000 1.908000
27.036000 -24.140000 -6.841000 1.661200
24.367000 -25.093000 -3.855000 0.600000
26.387000 -25.932000 -5.088000 1.387000
25.441000 -26.311000 -6.363000 1.387000
25.042000 -23.307000 -6.262000 1.824000
25.322000 -22.030000 -6.901000 1.908000
26.335000 -21.169000 -6.144000 1.908000
26.493000 -21.289000 -4.929000 1.661200
24.014000 -21.274000 -7.120000 1.908000
23.059000 -22.042000 -8.008000 1.908000
23.503000 -22.509000 -9.077000 1.661200
21.873000 -22.184000 -7.642000 1.661200
24.168000 -23.527000 -5.767000 0.600000
25.731000 -22.231000 -7.811000 1.387000
24.227000 -20.408000 -7.551000 1.487000
23.588000 -21.134000 -6.236000 1.487000
27.023000 -20.302000 -6.879000 1.824000
28.035000 -19.432000 -6.289000 1.908000
27.446000 -18.401000 -5.337000 1.908000
26.431000 -17.761000 -5.633000 1.661200
28.841000 -18.685000 -7.388000 1.908000
29.642000 -19.688000 -8.223000 1.908000
29.775000 -17.645000 -6.750000 1.908000
30.703000 -20.548000 -7.483000 1.908000
28.632000 -20.031000 -5.734000 1.387000
30.254000 -17.162000 -7.477000 1.487000
29.224000 -17.010000 -6.216000 1.487000
28.190000 -18.234000 -7.984000 1.487000
28.997000 -20.321000 -8.676000 1.487000
30.121000 -19.184000 -8.957000 1.487000
30.240000 -21.079000 -6.784000 1.487000
26.783000 -20.298000 -7.889000 0.600000
31.137000 -21.145000 -8.146000 1.487000
30.424000 -18.120000 -6.163000 1.487000
31.369000 -19.936000 -7.074000 1.487000
28.090000 -18.262000 -4.182000 1.824000
27.695000 -17.296000 -3.167000 1.908000
28.791000 -16.239000 -3.187000 1.908000
29.965000 -16.555000 -2.986000 1.661200
27.639000 -17.951000 -1.788000 1.908000
27.205000 -17.017000 -0.700000 1.908000
25.898000 -16.542000 -0.654000 1.908000
28.109000 -16.583000 0.264000 1.908000
25.499000 -15.649000 0.339000 1.908000
27.717000 -15.689000 1.260000 1.908000
26.413000 -15.221000 1.296000 1.908000
26.125000 -14.579000 2.004000 1.459000
26.871000 -16.859000 -3.485000 1.387000
24.550000 -15.318000 0.356000 1.459000
28.392000 -15.387000 1.951000 1.459000
28.906000 -18.908000 -4.066000 0.600000
29.051000 -16.916000 0.245000 1.459000
25.236000 -16.841000 -1.334000 1.459000
28.546000 -18.276000 -1.571000 1.487000
26.990000 -18.694000 -1.832000 1.487000
28.414000 -14.989000 -3.428000 1.824000
29.398000 -13.920000 -3.525000 1.908000
29.785000 -13.173000 -2.254000 1.908000
30.590000 -12.242000 -2.318000 1.661200
28.956000 -12.931000 -4.605000 1.908000
28.988000 -13.568000 -5.874000 1.721000
27.397000 -14.848000 -3.537000 0.600000
30.266000 -14.332000 -3.916000 1.387000
29.581000 -12.164000 -4.613000 1.387000
28.031000 -12.638000 -4.413000 1.387000
29.315000 -14.505000 -5.766000 0.600000
29.218000 -13.560000 -1.112000 1.824000
29.562000 -12.930000 0.165000 1.908000
29.575000 -11.408000 0.004000 1.908000
30.527000 -10.725000 0.389000 1.661200
30.940000 -13.444000 0.597000 1.908000
31.309000 -13.047000 2.008000 1.908000
28.830000 -13.149000 0.811000 1.387000
28.529000 -14.327000 -1.203000 0.600000
31.622000 -13.071000 -0.031000 1.487000
30.935000 -14.441000 0.535000 1.487000
30.454000 -12.956000 2.888000 1.661200
32.600000 -12.842000 2.239000 1.824000
32.912000 -12.581000 3.156000 0.600000
33.265000 -12.946000 1.499000 0.600000
28.490000 -10.892000 -0.559000 1.824000
28.345000 -9.469000 -0.840000 1.908000
28.418000 -8.517000 0.354000 1.908000
28.840000 -7.369000 0.201000 1.661200
27.046000 -9.263000 -1.624000 1.908000
27.052000 -10.047000 -2.934000 1.908000
25.665000 -10.206000 -3.558000 1.908000
25.706000 -11.168000 -4.659000 1.824000
26.156000 -10.896000 -5.882000 1.908000
26.594000 -9.680000 -6.179000 1.824000
26.203000 -11.853000 -6.801000 1.824000
27.422000 -10.966000 -2.769000 1.487000
29.080000 -9.195000 -1.511000 1.387000
25.370000 -12.101000 -4.479000 0.600000
27.637000 -9.576000 -3.600000 1.487000
26.521000 -11.651000 -7.722000 0.600000
25.917000 -12.786000 -6.566000 0.600000
27.746000 -11.594000 -0.784000 0.600000
25.382000 -9.322000 -3.901000 1.387000
25.049000 -10.533000 -2.856000 1.387000
26.914000 -9.484000 -7.115000 0.600000
26.609000 -8.965000 -5.487000 0.600000
26.960000 -8.307000 -1.840000 1.487000
26.296000 -9.587000 -1.076000 1.487000
28.018000 -8.979000 1.534000 1.824000
28.068000 -8.131000 2.727000 1.908000
29.402000 -8.320000 3.454000 1.908000
29.656000 -7.686000 4.479000 1.661200
26.913000 -8.464000 3.678000 1.908000
25.511000 -8.185000 3.129000 1.908000
25.227000 -6.703000 2.925000 1.908000
26.090000 -5.872000 3.273000 1.661200
24.132000 -6.366000 2.420000 1.661200
25.433000 -8.626000 2.254000 1.487000
27.966000 -7.169000 2.463000 1.387000
24.855000 -8.527000 3.777000 1.487000
27.681000 -9.953000 1.538000 0.600000
27.025000 -7.916000 4.492000 1.487000
26.962000 -9.429000 3.884000 1.487000
30.243000 -9.201000 2.916000 1.824000
31.548000 -9.465000 3.505000 1.908000
31.553000 -10.105000 4.884000 1.908000
32.539000 -9.991000 5.613000 1.661200
29.893000 -9.671000 2.060000 0.600000
32.089000 -10.062000 2.861000 1.387000
32.078000 -8.581000 3.548000 1.387000
30.474000 -10.790000 5.248000 1.824000
30.387000 -11.426000 6.563000 1.908000
31.256000 -12.678000 6.713000 1.908000
31.745000 -12.971000 7.806000 1.661200
28.924000 -11.744000 6.885000 1.908000
28.073000 -10.489000 7.026000 1.908000
26.595000 -10.790000 6.908000 1.908000
25.790000 -9.504000 6.790000 1.908000
24.422000 -9.754000 6.256000 1.824000
30.674000 -10.750000 7.270000 1.387000
25.717000 -9.082000 7.697000 1.100000
26.273000 -8.874000 6.176000 1.100000
28.252000 -10.076000 7.922000 1.487000
28.333000 -9.838000 6.309000 1.487000
24.126000 -8.964000 5.721000 0.600000
24.437000 -10.566000 5.674000 0.600000
23.791000 -9.899000 7.017000 0.600000
26.295000 -11.276000 7.720000 1.487000
26.438000 -11.336000 6.094000 1.487000
29.721000 -10.834000 4.541000 0.600000
28.895000 -12.241000 7.742000 1.487000
28.554000 -12.292000 6.147000 1.487000
31.447000 -13.415000 5.623000 1.824000
32.276000 -14.615000 5.655000 1.908000
33.738000 -14.220000 5.468000 1.908000
34.044000 -13.252000 4.772000 1.661200
31.853000 -15.589000 4.548000 1.908000
30.432000 -16.141000 4.664000 1.908000
30.163000 -17.109000 3.516000 1.908000
30.264000 -16.847000 6.003000 1.908000
30.429000 -16.198000 6.746000 1.487000
29.334000 -17.207000 6.077000 1.487000
30.918000 -17.600000 6.068000 1.487000
30.968000 -13.071000 4.772000 0.600000
30.817000 -17.864000 3.557000 1.487000
29.233000 -17.468000 3.594000 1.487000
30.263000 -16.628000 2.645000 1.487000
32.178000 -15.050000 6.549000 1.387000
29.784000 -15.387000 4.618000 1.487000
32.476000 -16.361000 4.568000 1.487000
31.917000 -15.109000 3.681000 1.487000
34.662000 -14.963000 6.095000 1.824000
36.085000 -14.647000 5.966000 1.908000
36.603000 -14.785000 4.542000 1.908000
36.390000 -15.806000 3.884000 1.661200
36.747000 -15.631000 6.932000 1.908000
35.820000 -16.804000 6.914000 1.908000
34.456000 -16.151000 6.943000 1.908000
35.940000 -17.336000 6.084000 1.487000
36.276000 -13.715000 6.327000 1.387000
34.201000 -15.884000 7.868000 1.387000
33.761000 -16.746000 6.553000 1.387000
35.957000 -17.374000 7.716000 1.487000
36.812000 -15.240000 7.847000 1.487000
37.655000 -15.888000 6.608000 1.487000
37.281000 -13.744000 4.073000 1.824000
37.826000 -13.754000 2.731000 1.908000
39.301000 -14.098000 2.712000 1.908000
40.007000 -13.935000 3.710000 1.661200
37.380000 -12.953000 4.733000 0.600000
37.319000 -14.427000 2.166000 1.387000
37.690000 -12.844000 2.304000 1.387000
39.764000 -14.586000 1.567000 1.824000
41.161000 -14.952000 1.392000 1.908000
41.464000 -14.977000 -0.096000 1.908000
40.599000 -15.310000 -0.906000 1.661200
41.440000 -16.327000 2.002000 1.908000
42.894000 -16.758000 1.890000 1.908000
43.147000 -18.075000 2.598000 1.908000
44.600000 -18.495000 2.455000 1.908000
44.886000 -19.771000 3.168000 1.824000
41.737000 -14.263000 1.828000 1.387000
44.812000 -18.609000 1.480000 1.100000
45.187000 -17.771000 2.829000 1.100000
43.130000 -16.859000 0.921000 1.487000
43.476000 -16.052000 2.298000 1.487000
44.800000 -20.534000 2.528000 0.600000
45.815000 -19.744000 3.535000 0.600000
44.233000 -19.886000 3.916000 0.600000
42.573000 -18.776000 2.193000 1.487000
42.942000 -17.968000 3.563000 1.487000
39.048000 -14.682000 0.816000 0.600000
40.876000 -16.998000 1.528000 1.487000
41.195000 -16.295000 2.967000 1.487000
42.688000 -14.614000 -0.457000 1.824000
43.082000 -14.602000 -1.857000 1.908000
42.750000 -15.931000 -2.524000 1.908000
43.234000 -16.981000 -2.105000 1.661200
44.581000 -14.326000 -1.982000 1.908000
44.976000 -14.325000 -3.342000 1.721000
43.316000 -14.349000 0.321000 0.600000
42.557000 -13.882000 -2.325000 1.387000
45.079000 -15.038000 -1.500000 1.387000
44.777000 -13.436000 -1.586000 1.387000
44.170000 -14.219000 -3.923000 0.600000
41.911000 -15.877000 -3.555000 1.824000
41.533000 -17.080000 -4.275000 1.908000
40.321000 -17.832000 -3.745000 1.908000
39.743000 -18.651000 -4.459000 1.661200
41.565000 -14.930000 -3.788000 0.600000
41.366000 -16.840000 -5.264000 1.387000
42.338000 -17.724000 -4.296000 1.387000
39.925000 -17.564000 -2.506000 1.824000
38.782000 -18.261000 -1.918000 1.908000
37.443000 -17.845000 -2.506000 1.908000
37.140000 -16.657000 -2.606000 1.661200
38.734000 -18.043000 -0.402000 1.908000
37.481000 -18.624000 0.264000 1.908000
37.480000 -18.362000 1.758000 1.908000
38.585000 -19.056000 2.410000 1.824000
39.123000 -18.683000 3.565000 1.908000
38.660000 -17.618000 4.204000 1.824000
40.133000 -19.375000 4.072000 1.824000
37.460000 -19.607000 0.117000 1.487000
38.904000 -19.261000 -2.066000 1.387000
38.964000 -19.870000 1.955000 0.600000
36.674000 -18.198000 -0.132000 1.487000
40.557000 -19.092000 4.932000 0.600000
40.475000 -20.188000 3.594000 0.600000
40.475000 -16.845000 -2.011000 0.600000
36.619000 -18.690000 2.129000 1.387000
37.574000 -17.384000 1.902000 1.387000
39.090000 -17.334000 5.073000 0.600000
37.894000 -17.100000 3.836000 0.600000
38.747000 -17.067000 -0.225000 1.487000
39.526000 -18.483000 0.003000 1.487000
36.650000 -18.840000 -2.892000 1.824000
35.319000 -18.604000 -3.438000 1.908000
34.319000 -19.405000 -2.613000 1.908000
34.707000 -20.310000 -1.875000 1.661200
35.228000 -19.021000 -4.920000 1.908000
35.716000 -20.357000 -5.081000 1.721000
36.045000 -18.070000 -5.788000 1.908000
35.101000 -17.636000 -3.345000 1.387000
36.655000 -18.596000 -6.385000 1.487000
35.430000 -17.514000 -6.352000 1.487000
37.058000 -19.791000 -2.772000 0.600000
34.248000 -19.002000 -5.206000 1.387000
36.594000 -17.467000 -5.205000 1.487000
36.290000 -20.617000 -4.297000 0.600000
33.036000 -19.078000 -2.737000 1.824000
32.006000 -19.764000 -1.966000 1.908000
30.830000 -20.239000 -2.807000 1.908000
30.562000 -19.703000 -3.882000 1.661200
31.425000 -18.839000 -0.887000 1.908000
32.389000 -18.349000 0.151000 1.908000
33.203000 -17.256000 0.070000 1.908000
32.612000 -18.924000 1.444000 1.908000
33.920000 -17.111000 1.240000 1.824000
33.574000 -18.124000 2.098000 1.908000
32.087000 -20.039000 2.114000 1.908000
34.026000 -18.403000 3.395000 1.908000
32.535000 -20.317000 3.404000 1.908000
33.496000 -19.500000 4.029000 1.908000
33.792000 -19.732000 4.955000 1.459000
32.433000 -20.586000 -1.547000 1.387000
34.580000 -16.389000 1.430000 0.600000
31.407000 -20.624000 1.684000 1.459000
32.169000 -21.104000 3.885000 1.459000
34.712000 -17.814000 3.828000 1.459000
33.274000 -16.648000 -0.717000 1.409000
32.840000 -18.316000 -3.409000 0.600000
30.695000 -19.329000 -0.405000 1.487000
31.036000 -18.030000 -1.335000 1.487000
30.142000 -21.253000 -2.289000 1.824000
28.930000 -21.794000 -2.901000 1.908000
27.931000 -21.988000 -1.767000 1.908000
28.305000 -22.020000 -0.592000 1.661200
29.192000 -23.127000 -3.612000 1.908000
29.928000 -22.973000 -4.936000 1.908000
30.238000 -24.320000 -5.562000 1.908000
31.070000 -24.199000 -6.760000 1.824000
30.646000 -24.421000 -8.003000 1.908000
29.388000 -24.778000 -8.227000 1.824000
31.485000 -24.302000 -9.023000 1.824000
30.789000 -22.495000 -4.782000 1.487000
28.566000 -21.132000 -3.539000 1.387000
32.034000 -23.928000 -6.635000 0.600000
29.361000 -22.456000 -5.572000 1.487000
31.178000 -24.485000 -9.952000 0.600000
32.436000 -24.025000 -8.858000 0.600000
30.545000 -21.634000 -1.399000 0.600000
29.374000 -24.755000 -5.806000 1.387000
30.717000 -24.875000 -4.885000 1.387000
29.086000 -24.961000 -9.172000 0.600000
28.745000 -24.864000 -7.472000 0.600000
28.318000 -23.560000 -3.793000 1.487000
29.746000 -23.694000 -3.015000 1.487000
26.656000 -22.102000 -2.111000 1.824000
25.620000 -22.271000 -1.104000 1.908000
24.689000 -23.413000 -1.469000 1.908000
24.649000 -23.846000 -2.624000 1.661200
24.794000 -20.990000 -0.983000 1.908000
24.142000 -20.561000 -2.297000 1.908000
22.974000 -19.621000 -2.080000 1.908000
21.920000 -20.090000 -1.602000 1.661200
23.110000 -18.418000 -2.379000 1.661200
24.814000 -20.086000 -2.829000 1.487000
26.045000 -22.456000 -0.208000 1.387000
23.801000 -21.364000 -2.745000 1.487000
26.469000 -22.061000 -3.128000 0.600000
25.395000 -20.268000 -0.703000 1.487000
24.074000 -21.155000 -0.337000 1.487000
23.940000 -23.895000 -0.480000 1.824000
22.974000 -24.970000 -0.702000 1.908000
21.856000 -24.904000 0.335000 1.908000
22.075000 -24.501000 1.475000 1.661200
23.665000 -26.332000 -0.644000 1.908000
24.098000 -23.450000 0.444000 0.600000
22.571000 -24.859000 -1.616000 1.387000
23.468000 -26.766000 0.234000 1.487000
23.325000 -26.908000 -1.386000 1.487000
24.651000 -26.207000 -0.742000 1.487000
20.654000 -25.301000 -0.067000 1.824000
19.506000 -25.291000 0.833000 1.908000
19.579000 -26.404000 1.864000 1.908000
19.962000 -27.533000 1.556000 1.661200
18.210000 -25.453000 0.038000 1.908000
17.771000 -24.175000 -0.639000 1.908000
18.631000 -23.338000 -0.978000 1.661200
16.546000 -24.023000 -0.844000 1.661200
20.604000 -25.612000 -1.056000 0.600000
19.532000 -24.415000 1.338000 1.387000
17.498000 -25.745000 0.668000 1.487000
18.362000 -26.149000 -0.656000 1.487000
19.165000 -26.081000 3.085000 1.824000
19.169000 -27.030000 4.184000 1.908000
17.755000 -27.193000 4.746000 1.908000
16.956000 -26.251000 4.744000 1.661200
20.144000 -26.546000 5.293000 1.908000
21.585000 -26.595000 4.767000 1.908000
19.985000 -27.386000 6.559000 1.908000
22.146000 -27.983000 4.357000 1.908000
19.422000 -27.918000 3.795000 1.387000
20.597000 -27.028000 7.260000 1.487000
19.038000 -27.327000 6.866000 1.487000
19.922000 -25.605000 5.499000 1.487000
21.656000 -25.986000 3.965000 1.487000
22.197000 -26.218000 5.478000 1.487000
21.575000 -28.348000 3.632000 1.487000
18.840000 -25.093000 3.182000 0.600000
23.079000 -27.861000 4.040000 1.487000
20.220000 -28.332000 6.348000 1.487000
22.122000 -28.576000 5.153000 1.487000
17.453000 -28.409000 5.196000 1.824000
16.165000 -28.759000 5.788000 1.908000
14.968000 -28.697000 4.851000 1.908000
13.830000 -28.672000 5.314000 1.661200
15.873000 -27.883000 7.010000 1.908000
16.897000 -28.056000 8.117000 1.908000
16.241000 -29.729000 6.109000 1.387000
18.233000 -29.107000 5.087000 0.600000
14.975000 -28.130000 7.366000 1.487000
15.876000 -26.929000 6.721000 1.487000
17.380000 -29.161000 8.372000 1.661200
17.217000 -26.963000 8.797000 1.824000
17.890000 -27.010000 9.536000 0.600000
16.785000 -26.088000 8.573000 0.600000
15.212000 -28.678000 3.547000 1.824000
14.110000 -28.624000 2.586000 1.908000
13.551000 -30.009000 2.263000 1.908000
14.306000 -30.965000 2.087000 1.661200
14.569000 -27.972000 1.281000 1.908000
13.470000 -27.897000 0.241000 1.908000
12.472000 -26.927000 0.327000 1.908000
13.400000 -28.829000 -0.793000 1.908000
11.424000 -26.890000 -0.594000 1.908000
12.358000 -28.804000 -1.716000 1.908000
11.375000 -27.833000 -1.608000 1.908000
10.338000 -27.821000 -2.516000 1.721000
13.365000 -28.073000 2.992000 1.387000
10.718000 -26.188000 -0.521000 1.459000
12.320000 -29.480000 -2.448000 1.459000
16.206000 -28.704000 3.279000 0.600000
14.109000 -29.526000 -0.874000 1.459000
12.504000 -26.246000 1.058000 1.459000
15.314000 -28.511000 0.906000 1.487000
14.871000 -27.048000 1.482000 1.487000
9.722000 -27.067000 -2.298000 0.600000
12.224000 -30.108000 2.187000 1.824000
11.568000 -31.367000 1.840000 1.908000
10.682000 -31.120000 0.617000 1.908000
10.909000 -31.699000 -0.445000 1.661200
10.724000 -31.925000 3.017000 1.908000
9.328000 -31.796000 2.729000 1.721000
11.040000 -31.160000 4.297000 1.908000
12.264000 -32.034000 1.593000 1.387000
11.385000 -30.247000 4.069000 1.487000
10.210000 -31.070000 4.852000 1.487000
11.709000 -29.231000 2.392000 0.600000
10.939000 -32.917000 3.127000 1.387000
11.736000 -31.653000 4.823000 1.487000
9.136000 -30.897000 2.321000 0.600000
9.690000 -30.248000 0.764000 1.824000
8.802000 -29.905000 -0.347000 1.908000
8.115000 -28.566000 -0.087000 1.908000
8.172000 -28.035000 1.023000 1.661200
7.758000 -31.007000 -0.577000 1.908000
6.869000 -31.141000 0.520000 1.721000
9.601000 -29.840000 1.713000 0.600000
9.362000 -29.809000 -1.175000 1.387000
8.236000 -31.874000 -0.715000 1.387000
7.232000 -30.782000 -1.396000 1.387000
7.394000 -31.239000 1.364000 0.600000
7.469000 -28.024000 -1.115000 1.824000
6.799000 -26.744000 -0.981000 1.908000
7.757000 -25.591000 -1.226000 1.908000
8.760000 -25.748000 -1.924000 1.661200
7.488000 -28.579000 -1.987000 0.600000
6.038000 -26.690000 -1.642000 1.387000
6.410000 -26.662000 -0.053000 1.387000
7.451000 -24.426000 -0.662000 1.824000
8.305000 -23.256000 -0.822000 1.908000
9.597000 -23.454000 -0.038000 1.908000
9.632000 -24.213000 0.928000 1.661200
7.575000 -22.002000 -0.332000 1.908000
6.428000 -21.596000 -1.212000 1.908000
6.656000 -20.898000 -2.391000 1.908000
5.124000 -21.951000 -0.885000 1.908000
5.601000 -20.559000 -3.237000 1.908000
4.062000 -21.619000 -1.723000 1.908000
4.302000 -20.921000 -2.902000 1.908000
3.546000 -20.680000 -3.507000 1.459000
8.559000 -23.207000 -1.790000 1.387000
5.789000 -20.053000 -4.085000 1.459000
3.121000 -21.886000 -1.468000 1.459000
6.572000 -24.424000 -0.112000 0.600000
4.945000 -22.452000 -0.038000 1.459000
7.583000 -20.634000 -2.642000 1.459000
8.227000 -21.261000 -0.316000 1.487000
7.219000 -22.193000 0.568000 1.487000
10.656000 -22.774000 -0.461000 1.824000
11.940000 -22.888000 0.221000 1.908000
11.898000 -22.167000 1.563000 1.908000
10.966000 -21.405000 1.843000 1.661200
13.055000 -22.317000 -0.660000 1.908000
13.232000 -23.082000 -1.964000 1.908000
14.078000 -22.308000 -2.954000 1.908000
15.469000 -22.175000 -2.526000 1.824000
16.301000 -21.254000 -2.998000 1.908000
15.878000 -20.375000 -3.904000 1.824000
17.565000 -21.227000 -2.596000 1.824000
12.338000 -23.244000 -2.376000 1.487000
12.136000 -23.860000 0.385000 1.387000
15.814000 -22.817000 -1.836000 0.600000
13.683000 -23.952000 -1.778000 1.487000
18.197000 -20.550000 -2.961000 0.600000
17.887000 -21.894000 -1.917000 0.600000
10.496000 -22.177000 -1.289000 0.600000
13.679000 -21.397000 -3.059000 1.387000
14.050000 -22.788000 -3.831000 1.387000
16.525000 -19.692000 -4.268000 0.600000
14.935000 -20.389000 -4.218000 0.600000
13.906000 -22.366000 -0.156000 1.487000
12.827000 -21.378000 -0.881000 1.487000
12.897000 -22.435000 2.400000 1.824000
12.994000 -21.825000 3.723000 1.908000
14.171000 -20.850000 3.759000 1.908000
14.684000 -20.458000 2.714000 1.661200
13.174000 -22.907000 4.797000 1.908000
14.395000 -23.774000 4.550000 1.908000
12.163000 -21.284000 3.864000 1.387000
13.599000 -23.113000 2.032000 0.600000
12.365000 -23.487000 4.795000 1.487000
13.275000 -22.458000 5.679000 1.487000
15.415000 -23.291000 4.059000 1.661200
14.301000 -25.056000 4.895000 1.824000
15.072000 -25.671000 4.761000 0.600000
13.447000 -25.402000 5.291000 0.600000
14.605000 -20.467000 4.957000 1.824000
15.713000 -19.523000 5.087000 1.908000
17.025000 -20.140000 5.554000 1.908000
17.930000 -19.416000 5.971000 1.661200
15.326000 -18.389000 6.040000 1.908000
15.044000 -18.883000 7.334000 1.721000
14.107000 -20.882000 5.760000 0.600000
15.875000 -19.107000 4.168000 1.387000
14.516000 -17.934000 5.681000 1.387000
16.084000 -17.745000 6.094000 1.387000
15.821000 -18.704000 7.938000 0.600000
17.131000 -21.465000 5.479000 1.824000
18.346000 -22.163000 5.910000 1.908000
19.276000 -22.462000 4.736000 1.908000
18.856000 -23.035000 3.734000 1.661200
17.998000 -23.488000 6.601000 1.908000
17.151000 -23.300000 7.846000 1.908000
17.276000 -22.243000 8.501000 1.661200
16.378000 -24.221000 8.180000 1.661200
16.299000 -21.951000 5.098000 0.600000
18.842000 -21.539000 6.529000 1.387000
18.849000 -23.932000 6.856000 1.487000
17.494000 -24.047000 5.952000 1.487000
20.545000 -22.088000 4.863000 1.824000
21.509000 -22.335000 3.796000 1.908000
22.868000 -22.706000 4.377000 1.908000
23.271000 -22.186000 5.421000 1.661200
21.684000 -21.080000 2.925000 1.908000
20.391000 -20.461000 2.387000 1.908000
19.917000 -21.115000 1.094000 1.908000
18.713000 -20.452000 0.584000 1.824000
17.474000 -20.730000 0.980000 1.908000
17.249000 -21.671000 1.892000 1.824000
16.451000 -20.050000 0.475000 1.824000
20.543000 -19.489000 2.206000 1.487000
21.181000 -23.100000 3.232000 1.387000
18.834000 -19.736000 -0.115000 0.600000
19.668000 -20.563000 3.071000 1.487000
15.518000 -20.265000 0.753000 0.600000
16.617000 -19.316000 -0.188000 0.600000
20.781000 -21.622000 5.754000 0.600000
19.712000 -22.065000 1.287000 1.387000
20.643000 -21.037000 0.424000 1.387000
16.305000 -21.881000 2.165000 0.600000
18.010000 -22.165000 2.303000 0.600000
22.256000 -21.323000 2.141000 1.487000
22.151000 -20.385000 3.472000 1.487000
23.566000 -23.619000 3.711000 1.824000
24.903000 -23.994000 4.145000 1.908000
25.834000 -23.296000 3.154000 1.908000
25.517000 -23.191000 1.967000 1.661200
25.107000 -25.530000 4.125000 1.908000
26.482000 -25.873000 4.706000 1.908000
24.971000 -26.071000 2.709000 1.908000
26.676000 -27.342000 5.079000 1.908000
25.048000 -23.561000 5.015000 1.387000
25.079000 -27.063000 2.730000 1.487000
24.068000 -25.833000 2.357000 1.487000
24.416000 -25.934000 4.706000 1.487000
27.183000 -25.619000 4.036000 1.487000
26.623000 -25.318000 5.530000 1.487000
26.557000 -27.902000 4.263000 1.487000
23.091000 -24.023000 2.888000 0.600000
27.595000 -27.464000 5.445000 1.487000
25.679000 -25.662000 2.137000 1.487000
25.999000 -27.594000 5.766000 1.487000
26.961000 -22.789000 3.649000 1.824000
27.919000 -22.080000 2.809000 1.908000
29.255000 -22.791000 2.885000 1.908000
29.773000 -23.014000 3.978000 1.661200
28.092000 -20.631000 3.289000 1.908000
26.895000 -19.671000 3.301000 1.908000
26.262000 -19.625000 1.916000 1.908000
25.878000 -20.111000 4.342000 1.908000
26.304000 -20.113000 5.247000 1.487000
25.102000 -19.479000 4.342000 1.487000
25.554000 -21.033000 4.126000 1.487000
27.095000 -22.941000 4.668000 0.600000
25.951000 -20.541000 1.661000 1.487000
25.482000 -18.999000 1.926000 1.487000
26.937000 -19.305000 1.251000 1.487000
27.596000 -22.105000 1.864000 1.387000
27.212000 -18.762000 3.552000 1.487000
28.807000 -20.204000 2.712000 1.487000
28.450000 -20.667000 4.237000 1.487000
29.820000 -23.144000 1.735000 1.824000
31.106000 -23.839000 1.735000 1.908000
32.104000 -23.200000 0.775000 1.908000
31.761000 -22.838000 -0.351000 1.661200
30.915000 -25.327000 1.412000 1.908000
30.148000 -25.627000 0.141000 1.908000
28.764000 -25.475000 0.083000 1.908000
30.810000 -26.095000 -0.994000 1.908000
28.056000 -25.787000 -1.075000 1.908000
30.111000 -26.410000 -2.159000 1.908000
28.737000 -26.255000 -2.189000 1.908000
28.044000 -26.578000 -3.334000 1.721000
31.492000 -23.788000 2.668000 1.387000
27.063000 -25.673000 -1.102000 1.459000
30.601000 -26.744000 -2.961000 1.459000
29.298000 -22.897000 0.887000 0.600000
31.801000 -26.206000 -0.974000 1.459000
28.269000 -25.138000 0.884000 1.459000
30.425000 -25.751000 2.178000 1.487000
31.823000 -25.747000 1.335000 1.487000
27.289000 -25.936000 -3.451000 0.600000
33.347000 -23.063000 1.232000 1.824000
34.386000 -22.434000 0.425000 1.908000
35.236000 -23.412000 -0.375000 1.908000
35.198000 -24.628000 -0.157000 1.661200
35.301000 -21.593000 1.318000 1.908000
36.087000 -22.433000 2.148000 1.721000
33.505000 -23.433000 2.186000 0.600000
33.929000 -21.807000 -0.237000 1.387000
34.740000 -21.007000 1.889000 1.387000
35.901000 -21.052000 0.743000 1.387000
37.055000 -22.242000 1.993000 0.600000
36.012000 -22.861000 -1.302000 1.824000
36.887000 -23.650000 -2.152000 1.908000
37.960000 -24.367000 -1.339000 1.908000
38.500000 -25.382000 -1.783000 1.661200
37.526000 -22.753000 -3.212000 1.908000
38.025000 -21.563000 -2.630000 1.721000
35.938000 -21.821000 -1.364000 0.600000
36.329000 -24.354000 -2.613000 1.387000
36.837000 -22.518000 -3.891000 1.387000
38.277000 -23.246000 -3.639000 1.387000
38.081000 -21.674000 -1.638000 0.600000
38.276000 -23.835000 -0.159000 1.824000
39.264000 -24.478000 0.707000 1.908000
38.583000 -25.140000 1.908000 1.908000
39.169000 -25.348000 2.971000 1.661200
40.364000 -23.488000 1.133000 1.908000
39.832000 -22.267000 1.850000 1.908000
38.667000 -21.876000 1.627000 1.661200
40.609000 -21.674000 2.629000 1.661200
37.782000 -22.964000 0.080000 0.600000
39.695000 -25.212000 0.174000 1.387000
40.844000 -23.198000 0.310000 1.487000
40.988000 -23.973000 1.739000 1.487000
37.311000 -25.455000 1.695000 1.824000
36.451000 -26.163000 2.628000 1.908000
36.114000 -25.662000 4.023000 1.908000
36.048000 -26.440000 4.976000 1.661200
36.903000 -27.628000 2.672000 1.908000
36.919000 -28.180000 1.277000 1.908000
38.015000 -28.382000 0.487000 1.908000
35.777000 -28.424000 0.447000 1.908000
37.625000 -28.724000 -0.787000 1.824000
36.256000 -28.756000 -0.839000 1.908000
34.391000 -28.385000 0.664000 1.908000
35.400000 -29.050000 -1.908000 1.908000
33.538000 -28.675000 -0.399000 1.908000
34.048000 -29.002000 -1.668000 1.908000
33.404000 -29.203000 -2.406000 1.459000
35.524000 -26.306000 2.130000 1.387000
38.239000 -28.918000 -1.550000 0.600000
34.018000 -28.156000 1.557000 1.459000
32.557000 -28.648000 -0.253000 1.459000
35.776000 -29.284000 -2.807000 1.459000
38.963000 -28.295000 0.788000 1.409000
36.959000 -25.131000 0.742000 0.600000
36.259000 -28.145000 3.188000 1.487000
37.813000 -27.671000 3.018000 1.487000
35.889000 -24.359000 4.139000 1.824000
35.433000 -23.786000 5.395000 1.908000
33.929000 -23.988000 5.218000 1.908000
33.434000 -23.930000 4.089000 1.661200
35.739000 -22.290000 5.472000 1.908000
37.206000 -21.889000 5.622000 1.908000
37.300000 -20.376000 5.710000 1.908000
37.795000 -22.533000 6.869000 1.908000
37.732000 -23.528000 6.793000 1.487000
38.755000 -22.267000 6.962000 1.487000
37.287000 -22.229000 7.675000 1.487000
36.062000 -23.805000 3.282000 0.600000
36.781000 -20.052000 6.502000 1.487000
38.258000 -20.104000 5.809000 1.487000
36.923000 -19.967000 4.878000 1.487000
35.732000 -24.338000 6.125000 1.387000
37.713000 -22.209000 4.829000 1.487000
35.247000 -21.917000 6.258000 1.487000
35.399000 -21.865000 4.632000 1.487000
33.203000 -24.233000 6.301000 1.824000
31.764000 -24.446000 6.189000 1.908000
30.992000 -23.623000 7.210000 1.908000
31.261000 -23.686000 8.412000 1.661200
31.417000 -25.944000 6.337000 1.908000
32.190000 -26.755000 5.291000 1.908000
29.920000 -26.160000 6.127000 1.908000
33.486000 -27.315000 5.808000 1.908000
31.498000 -24.102000 5.280000 1.387000
29.718000 -27.131000 6.230000 1.487000
29.420000 -25.631000 6.809000 1.487000
31.713000 -26.238000 7.235000 1.487000
31.607000 -27.503000 4.983000 1.487000
32.380000 -26.156000 4.515000 1.487000
33.305000 -27.922000 6.583000 1.487000
33.722000 -24.258000 7.189000 0.600000
33.942000 -27.832000 5.083000 1.487000
29.677000 -25.854000 5.209000 1.487000
34.080000 -26.567000 6.105000 1.487000
30.035000 -22.841000 6.719000 1.824000
29.223000 -21.980000 7.570000 1.908000
27.738000 -22.234000 7.373000 1.908000
27.326000 -22.872000 6.406000 1.661200
29.514000 -20.503000 7.275000 1.908000
30.810000 -19.977000 7.860000 1.908000
32.045000 -20.391000 7.365000 1.908000
30.792000 -19.060000 8.909000 1.908000
33.238000 -19.901000 7.903000 1.908000
31.975000 -18.565000 9.453000 1.908000
33.190000 -18.989000 8.945000 1.908000
34.360000 -18.495000 9.482000 1.721000
29.452000 -22.182000 8.534000 1.387000
34.114000 -20.207000 7.536000 1.459000
31.944000 -17.909000 10.205000 1.459000
29.918000 -22.897000 5.685000 0.600000
29.918000 -18.751000 9.277000 1.459000
32.084000 -21.049000 6.614000 1.459000
28.762000 -19.957000 7.647000 1.487000
29.550000 -20.385000 6.282000 1.487000
34.813000 -17.920000 8.804000 0.600000
26.938000 -21.721000 8.298000 1.824000
25.499000 -21.888000 8.232000 1.908000
24.763000 -20.584000 8.495000 1.908000
25.217000 -19.743000 9.269000 1.661200
25.050000 -22.934000 9.251000 1.908000
27.424000 -21.201000 9.056000 0.600000
25.250000 -22.216000 7.307000 1.387000
24.094000 -22.774000 9.490000 1.487000
25.148000 -23.846000 8.855000 1.487000
25.616000 -22.862000 10.071000 1.487000
23.633000 -20.410000 7.821000 1.824000
22.790000 -19.250000 8.051000 1.908000
21.371000 -19.779000 8.150000 1.908000
20.983000 -20.680000 7.402000 1.661200
22.856000 -18.198000 6.917000 1.908000
21.960000 -17.123000 7.232000 1.721000
22.453000 -18.805000 5.578000 1.908000
23.036000 -18.841000 8.918000 1.387000
21.673000 -19.422000 5.707000 1.487000
22.195000 -18.076000 4.940000 1.487000
23.413000 -21.156000 7.135000 0.600000
23.800000 -17.825000 6.874000 1.387000
23.222000 -19.322000 5.195000 1.487000
22.369000 -16.519000 7.924000 0.600000
20.608000 -19.247000 9.096000 1.824000
19.226000 -19.664000 9.273000 1.908000
18.305000 -18.460000 9.134000 1.908000
17.101000 -18.568000 9.354000 1.661200
18.995000 -20.315000 10.656000 1.908000
19.373000 -19.398000 11.687000 1.721000
19.816000 -21.592000 10.790000 1.908000
18.994000 -20.324000 8.554000 1.387000
20.506000 -21.629000 10.064000 1.487000
20.275000 -21.608000 11.682000 1.487000
21.072000 -18.528000 9.681000 0.600000
18.001000 -20.520000 10.758000 1.387000
19.215000 -22.391000 10.714000 1.487000
19.996000 -18.698000 11.322000 0.600000
18.877000 -17.317000 8.760000 1.824000
18.092000 -16.096000 8.594000 1.908000
18.258000 -15.445000 7.222000 1.908000
18.306000 -14.222000 7.095000 1.661200
18.427000 -15.083000 9.698000 1.908000
19.911000 -14.776000 9.798000 1.908000
20.666000 -15.053000 8.843000 1.661200
20.326000 -14.233000 10.844000 1.661200
19.898000 -17.369000 8.602000 0.600000
17.114000 -16.356000 8.680000 1.387000
18.119000 -15.462000 10.564000 1.487000
17.939000 -14.240000 9.497000 1.487000
18.345000 -16.281000 6.194000 1.824000
18.477000 -15.816000 4.821000 1.908000
19.652000 -14.870000 4.588000 1.908000
19.482000 -13.735000 4.127000 1.661200
17.174000 -15.149000 4.367000 1.908000
16.952000 -15.218000 2.887000 1.908000
18.311000 -17.291000 6.454000 0.600000
18.605000 -16.630000 4.219000 1.387000
17.191000 -14.182000 4.639000 1.487000
16.401000 -15.599000 4.824000 1.487000
17.037000 -16.254000 2.022000 1.908000
16.439000 -13.199000 2.499000 0.600000
16.188000 -13.879000 0.123000 1.359000
16.449000 -14.480000 0.875000 1.908000
16.582000 -14.120000 2.139000 1.824000
16.718000 -15.768000 0.774000 1.824000
17.283000 -17.194000 2.242000 1.409000
20.842000 -15.362000 4.915000 1.824000
22.108000 -14.658000 4.736000 1.908000
22.354000 -13.416000 5.595000 1.908000
23.249000 -12.630000 5.287000 1.661200
22.309000 -14.287000 3.258000 1.908000
21.844000 -15.338000 2.269000 1.908000
20.632000 -15.190000 1.589000 1.908000
22.609000 -16.478000 2.009000 1.908000
20.195000 -16.142000 0.678000 1.908000
22.178000 -17.441000 1.094000 1.908000
20.966000 -17.263000 0.432000 1.908000
20.516000 -18.202000 -0.468000 1.721000
22.871000 -15.327000 4.933000 1.387000
19.323000 -16.015000 0.199000 1.459000
22.733000 -18.249000 0.917000 1.459000
20.795000 -16.336000 5.329000 0.600000
23.476000 -16.606000 2.482000 1.459000
20.067000 -14.381000 1.763000 1.459000
23.285000 -14.129000 3.108000 1.487000
21.803000 -13.444000 3.078000 1.487000
21.275000 -18.795000 -0.730000 0.600000
21.590000 -13.240000 6.670000 1.824000
21.793000 -12.074000 7.531000 1.908000
22.995000 -12.300000 8.440000 1.908000
23.881000 -11.450000 8.529000 1.661200
20.542000 -11.796000 8.368000 1.908000
19.312000 -11.510000 7.523000 1.908000
18.129000 -11.047000 8.343000 1.908000
19.539000 -10.797000 6.858000 1.487000
21.995000 -11.287000 6.943000 1.387000
19.057000 -12.347000 7.035000 1.487000
20.879000 -13.961000 6.835000 0.600000
20.714000 -11.002000 8.948000 1.487000
20.352000 -12.594000 8.936000 1.487000
17.176000 -12.789000 7.964000 0.600000
18.129000 -9.939000 8.881000 1.661200
17.110000 -11.895000 8.447000 1.824000
16.285000 -11.656000 8.995000 0.600000
23.020000 -13.447000 9.113000 1.824000
24.136000 -13.794000 9.993000 1.908000
24.636000 -15.191000 9.636000 1.908000
23.892000 -16.005000 9.079000 1.661200
23.731000 -13.771000 11.488000 1.908000
22.643000 -14.674000 11.714000 1.721000
23.322000 -12.366000 11.907000 1.908000
24.878000 -13.144000 9.838000 1.387000
22.975000 -11.862000 11.112000 1.487000
22.603000 -12.415000 12.605000 1.487000
22.198000 -14.061000 8.963000 0.600000
24.528000 -14.083000 12.045000 1.387000
24.114000 -11.880000 12.284000 1.487000
21.795000 -14.307000 11.317000 0.600000
25.895000 -15.464000 9.962000 1.824000
26.505000 -16.753000 9.659000 1.908000
27.232000 -17.319000 10.870000 1.908000
27.706000 -16.571000 11.724000 1.661200
27.508000 -16.600000 8.515000 1.908000
26.911000 -16.053000 7.250000 1.908000
26.450000 -16.910000 6.254000 1.908000
26.814000 -14.679000 7.051000 1.908000
25.899000 -16.403000 5.074000 1.908000
26.264000 -14.164000 5.878000 1.908000
25.808000 -15.031000 4.887000 1.908000
25.416000 -14.667000 4.044000 1.459000
25.754000 -17.390000 9.446000 1.387000
25.574000 -17.040000 4.368000 1.459000
26.200000 -13.164000 5.752000 1.459000
26.398000 -14.692000 10.443000 0.600000
27.142000 -14.053000 7.757000 1.459000
26.509000 -17.894000 6.378000 1.459000
27.879000 -17.495000 8.316000 1.487000
28.216000 -15.977000 8.814000 1.487000
27.324000 -18.644000 10.922000 1.824000
28.006000 -19.331000 12.011000 1.908000
28.870000 -20.450000 11.443000 1.908000
28.402000 -21.258000 10.642000 1.661200
26.998000 -19.940000 12.994000 1.908000
26.168000 -18.902000 13.527000 1.721000
27.722000 -20.641000 14.139000 1.908000
28.603000 -18.677000 12.479000 1.387000
27.088000 -21.255000 14.614000 1.487000
28.490000 -21.175000 13.778000 1.487000
26.872000 -19.142000 10.126000 0.600000
26.401000 -20.597000 12.492000 1.387000
28.070000 -19.960000 14.787000 1.487000
26.404000 -18.017000 13.112000 0.600000
30.132000 -20.492000 11.857000 1.824000
31.053000 -21.526000 11.395000 1.908000
30.644000 -22.852000 12.028000 1.908000
30.437000 -22.923000 13.240000 1.661200
32.486000 -21.170000 11.811000 1.908000
33.552000 -22.175000 11.393000 1.908000
34.911000 -21.761000 11.952000 1.908000
35.995000 -22.778000 11.634000 1.908000
36.270000 -22.863000 10.176000 1.824000
30.982000 -21.607000 10.404000 1.387000
36.838000 -22.515000 12.114000 1.100000
35.703000 -23.680000 11.968000 1.100000
33.316000 -23.070000 11.753000 1.487000
33.606000 -22.201000 10.402000 1.487000
35.756000 -22.150000 9.699000 0.600000
37.248000 -22.735000 10.014000 0.600000
35.990000 -23.761000 9.836000 0.600000
34.837000 -21.674000 12.942000 1.487000
35.168000 -20.885000 11.551000 1.487000
30.400000 -19.743000 12.522000 0.600000
32.507000 -21.087000 12.810000 1.487000
32.716000 -20.283000 11.405000 1.487000
30.513000 -23.898000 11.217000 1.824000
30.125000 -25.198000 11.754000 1.908000
31.146000 -26.296000 11.467000 1.908000
30.978000 -27.439000 11.894000 1.661200
28.735000 -25.630000 11.233000 1.908000
28.729000 -25.692000 9.706000 1.908000
27.675000 -24.654000 11.732000 1.908000
27.544000 -26.439000 9.097000 1.908000
30.094000 -25.091000 12.760000 1.387000
26.780000 -24.963000 11.418000 1.487000
27.700000 -24.633000 12.729000 1.487000
28.550000 -26.543000 11.582000 1.487000
28.733000 -24.756000 9.348000 1.487000
29.573000 -26.143000 9.404000 1.487000
26.700000 -25.987000 9.373000 1.487000
30.701000 -23.716000 10.223000 0.600000
27.628000 -26.426000 8.104000 1.487000
27.873000 -23.748000 11.365000 1.487000
27.550000 -27.380000 9.426000 1.487000
32.203000 -25.935000 10.748000 1.824000
33.285000 -26.856000 10.405000 1.908000
34.568000 -26.056000 10.217000 1.908000
34.988000 -25.821000 9.061000 1.661200
32.972000 -27.625000 9.117000 1.908000
31.936000 -28.728000 9.263000 1.908000
32.423000 -29.852000 10.172000 1.908000
31.520000 -30.999000 10.137000 1.824000
30.267000 -30.986000 10.585000 1.908000
29.755000 -29.882000 11.114000 1.824000
29.519000 -32.076000 10.489000 1.824000
35.154000 -25.649000 11.242000 1.661200
33.414000 -27.499000 11.157000 1.387000
31.869000 -31.861000 9.747000 0.600000
31.101000 -28.351000 9.658000 1.487000
31.738000 -29.121000 8.367000 1.487000
28.585000 -32.079000 10.839000 0.600000
29.892000 -32.903000 10.061000 0.600000
32.196000 -24.932000 10.446000 0.600000
32.471000 -29.497000 11.100000 1.387000
33.325000 -30.131000 9.860000 1.387000
28.811000 -29.893000 11.466000 0.600000
30.296000 -29.047000 11.163000 0.600000
33.820000 -28.039000 8.789000 1.487000
32.635000 -26.972000 8.440000 1.487000
