0 2.456988383412e+01
1 5.285957685282e+00
2 2.852891010515e+00
3 1.742271604597e+01
4 6.294737585564e+00
5 0.000000000000e+00
6 0.000000000000e+00
7 0.000000000000e+00
8 3.217712649057e+00
9 1.034951188718e+01
10 1.269490399622e+01
11 1.025526069015e+01
12 9.954594806005e+00
13 5.214167404237e-01
14 0.000000000000e+00
15 1.101714135088e+01
16 3.757298309445e-01
17 1.899901633583e+00
18 5.080265140085e+00
19 4.351197468857e+00
20 8.509112547381e+00
21 1.142957911357e+01
22 0.000000000000e+00
23 8.410290725602e+00
24 1.070472897244e+01
25 0.000000000000e+00
26 1.825836195171e+01
27 2.198820733470e+01
28 0.000000000000e+00
29 2.339592910282e+00
30 0.000000000000e+00
31 0.000000000000e+00
32 7.278346930497e+00
33 0.000000000000e+00
34 1.193807523117e+00
35 1.198852482908e+00
36 0.000000000000e+00
37 0.000000000000e+00
38 0.000000000000e+00
39 8.663598386724e+00
40 8.062956049185e+00
41 7.457471383469e+00
42 0.000000000000e+00
43 1.125564008227e+01
44 1.208315817459e+01
45 0.000000000000e+00
46 0.000000000000e+00
47 0.000000000000e+00
48 0.000000000000e+00
49 0.000000000000e+00
50 0.000000000000e+00
51 0.000000000000e+00
52 1.169974159837e+00
53 7.319024259701e+00
54 0.000000000000e+00
55 0.000000000000e+00
56 0.000000000000e+00
57 1.029274861667e+01
58 0.000000000000e+00
59 7.798203578268e+00
60 0.000000000000e+00
61 1.445473626559e+01
62 7.834950297984e+00
63 5.852053682698e+00
64 0.000000000000e+00
65 0.000000000000e+00
66 0.000000000000e+00
67 0.000000000000e+00
68 0.000000000000e+00
69 0.000000000000e+00
70 0.000000000000e+00
71 0.000000000000e+00
72 0.000000000000e+00
73 0.000000000000e+00
74 1.415698204057e+01
75 1.243367100909e+01
76 0.000000000000e+00
77 0.000000000000e+00
78 0.000000000000e+00
79 0.000000000000e+00
80 0.000000000000e+00
81 0.000000000000e+00
82 1.586635117150e+00
83 1.122664222803e+01
84 5.334150951162e+00
85 0.000000000000e+00
86 7.462087620054e+00
87 1.165995740322e+01
88 0.000000000000e+00
89 7.680177602423e+00
90 1.078878930307e+01
91 0.000000000000e+00
92 3.412919714093e+00
93 0.000000000000e+00
94 0.000000000000e+00
95 0.000000000000e+00
96 1.506523637009e+00
97 0.000000000000e+00
98 0.000000000000e+00
99 1.041705614852e+00
100 0.000000000000e+00
101 1.894687700768e+00
102 0.000000000000e+00
103 0.000000000000e+00
104 0.000000000000e+00
105 0.000000000000e+00
106 7.290574710502e+00
107 0.000000000000e+00
108 1.311851143425e+01
109 0.000000000000e+00
110 5.265955677892e+00
111 9.207187204770e+00
112 1.788783046382e+00
113 0.000000000000e+00
114 0.000000000000e+00
115 0.000000000000e+00
116 2.708781280567e+00
117 6.715994934578e+00
118 1.358564278075e+01
119 2.098976816419e+01
120 0.000000000000e+00
121 0.000000000000e+00
122 8.341167109345e+00
123 8.633146014047e+00
124 3.128583083398e+00
125 5.898568573235e+00
126 0.000000000000e+00
127 3.856231328936e+00
128 0.000000000000e+00
129 6.624179841057e+00
130 3.400294665692e+00
131 0.000000000000e+00
132 0.000000000000e+00
133 0.000000000000e+00
134 0.000000000000e+00
135 0.000000000000e+00
136 0.000000000000e+00
137 0.000000000000e+00
138 0.000000000000e+00
139 0.000000000000e+00
140 0.000000000000e+00
141 0.000000000000e+00
142 0.000000000000e+00
143 0.000000000000e+00
144 0.000000000000e+00
145 0.000000000000e+00
146 0.000000000000e+00
147 0.000000000000e+00
148 0.000000000000e+00
149 0.000000000000e+00
150 0.000000000000e+00
151 0.000000000000e+00
152 0.000000000000e+00
153 0.000000000000e+00
154 0.000000000000e+00
155 0.000000000000e+00
156 0.000000000000e+00
157 0.000000000000e+00
158 0.000000000000e+00
159 0.000000000000e+00
160 0.000000000000e+00
161 6.583059518642e-01
162 4.557075201811e+00
163 9.686908719572e+00
164 1.618090696132e+01
165 0.000000000000e+00
166 0.000000000000e+00
167 1.143139039644e+01
168 5.607867873270e+00
169 1.687769358179e+00
170 8.233515943226e-01
171 0.000000000000e+00
172 0.000000000000e+00
173 0.000000000000e+00
174 0.000000000000e+00
175 0.000000000000e+00
176 0.000000000000e+00
177 0.000000000000e+00
178 3.523296372713e+00
179 0.000000000000e+00
180 2.238736618933e+01
181 4.539276894482e+00
182 0.000000000000e+00
183 1.142033791923e+01
184 0.000000000000e+00
185 7.061842042490e+00
186 0.000000000000e+00
187 0.000000000000e+00
188 2.932600366295e+00
189 0.000000000000e+00
190 0.000000000000e+00
191 0.000000000000e+00
192 0.000000000000e+00
193 0.000000000000e+00
194 0.000000000000e+00
195 0.000000000000e+00
196 0.000000000000e+00
197 0.000000000000e+00
198 0.000000000000e+00
199 0.000000000000e+00
200 0.000000000000e+00
201 0.000000000000e+00
202 0.000000000000e+00
203 0.000000000000e+00
204 0.000000000000e+00
205 0.000000000000e+00
206 0.000000000000e+00
207 0.000000000000e+00
208 0.000000000000e+00
209 0.000000000000e+00
210 0.000000000000e+00
211 0.000000000000e+00
212 9.791479421115e+00
213 0.000000000000e+00
214 1.246951589068e+00
215 3.630034561179e+00
216 1.742611534455e+01
217 1.166291471353e+01
218 7.132517848265e+00
219 0.000000000000e+00
220 1.249719980324e+01
221 0.000000000000e+00
222 0.000000000000e+00
223 0.000000000000e+00
224 0.000000000000e+00
225 0.000000000000e+00
226 0.000000000000e+00
227 0.000000000000e+00
228 0.000000000000e+00
229 1.632532678438e+01
230 7.478843081154e-01
231 1.580465659166e+01
232 4.581792047083e+00
233 5.661068286074e+00
234 8.907456339919e+00
235 1.192953150309e+01
236 0.000000000000e+00
237 0.000000000000e+00
238 1.120333782304e+00
239 0.000000000000e+00
240 0.000000000000e+00
241 0.000000000000e+00
242 3.589913203661e+00
243 1.148311058742e+01
244 0.000000000000e+00
245 3.671550286094e+00
246 6.129121844950e+00
247 1.170836655825e+00
248 5.394483234838e+00
249 5.002632666232e+00
250 3.359556191612e+00
251 2.226216138241e+01
252 4.740881393947e+00
253 1.248392610611e+01
254 9.220049292754e+00
255 0.000000000000e+00
256 0.000000000000e+00
257 8.736804624933e+00
258 4.804067352164e+00
259 0.000000000000e+00
260 0.000000000000e+00
261 0.000000000000e+00
262 0.000000000000e+00
263 0.000000000000e+00
264 1.070068975945e+01
265 1.011665680423e+00
266 0.000000000000e+00
267 0.000000000000e+00
268 1.101947251533e+01
269 5.370720576071e+00
270 1.409261900252e+01
271 0.000000000000e+00
272 1.085759476210e+01
273 0.000000000000e+00
274 5.898383397021e+00
275 0.000000000000e+00
276 4.965556853762e+00
277 7.602652013838e+00
278 0.000000000000e+00
279 0.000000000000e+00
280 0.000000000000e+00
281 0.000000000000e+00
282 1.666818851138e+00
283 0.000000000000e+00
284 7.207107366504e-01
285 9.497986643121e+00
286 2.837146973213e+01
287 8.917676899867e+00
288 2.276538092232e+00
289 0.000000000000e+00
290 0.000000000000e+00
291 0.000000000000e+00
292 0.000000000000e+00
293 0.000000000000e+00
294 0.000000000000e+00
295 1.076367878344e+01
296 7.008191083943e+00
297 0.000000000000e+00
298 8.382821076440e+00
299 8.190194449723e+00
300 4.163473766912e+00
301 0.000000000000e+00
302 0.000000000000e+00
303 7.836736668605e+00
304 0.000000000000e+00
305 0.000000000000e+00
306 0.000000000000e+00
307 0.000000000000e+00
308 0.000000000000e+00
309 0.000000000000e+00
310 0.000000000000e+00
311 0.000000000000e+00
312 0.000000000000e+00
313 0.000000000000e+00
314 9.637041092311e+00
315 0.000000000000e+00
316 3.372222943692e+00
317 0.000000000000e+00
318 8.896885452277e+00
319 0.000000000000e+00
320 0.000000000000e+00
321 0.000000000000e+00
322 3.733968591318e+00
323 0.000000000000e+00
324 0.000000000000e+00
325 0.000000000000e+00
326 0.000000000000e+00
327 0.000000000000e+00
328 0.000000000000e+00
329 0.000000000000e+00
330 0.000000000000e+00
331 6.518941418602e+00
332 0.000000000000e+00
333 8.093771770234e+00
334 0.000000000000e+00
335 2.047170071118e+00
336 9.140377311939e+00
337 2.040979871132e+00
338 3.965833794196e+00
339 1.575122510459e+01
340 2.146488246797e+01
341 0.000000000000e+00
342 7.503938482179e+00
343 1.084832101885e+01
344 1.012564023860e+01
345 3.327231226881e+00
346 0.000000000000e+00
347 0.000000000000e+00
348 0.000000000000e+00
349 0.000000000000e+00
350 0.000000000000e+00
351 3.375331640875e+00
352 0.000000000000e+00
353 1.159925942432e+01
354 0.000000000000e+00
355 5.545319799329e+00
356 0.000000000000e+00
357 0.000000000000e+00
358 0.000000000000e+00
359 0.000000000000e+00
360 0.000000000000e+00
361 0.000000000000e+00
362 1.575393150185e+01
363 0.000000000000e+00
364 0.000000000000e+00
365 0.000000000000e+00
366 0.000000000000e+00
367 0.000000000000e+00
368 0.000000000000e+00
369 0.000000000000e+00
370 0.000000000000e+00
371 0.000000000000e+00
372 0.000000000000e+00
373 0.000000000000e+00
374 0.000000000000e+00
375 0.000000000000e+00
376 0.000000000000e+00
377 2.312422795978e+00
378 3.564284921508e+00
379 0.000000000000e+00
380 0.000000000000e+00
381 0.000000000000e+00
382 0.000000000000e+00
383 0.000000000000e+00
384 0.000000000000e+00
385 0.000000000000e+00
386 1.602204733928e+00
387 0.000000000000e+00
388 4.917595812616e+00
389 8.065065561603e+00
390 1.247969515192e+01
391 0.000000000000e+00
392 0.000000000000e+00
393 0.000000000000e+00
394 0.000000000000e+00
395 0.000000000000e+00
396 0.000000000000e+00
397 0.000000000000e+00
398 0.000000000000e+00
399 1.879986513700e+00
400 0.000000000000e+00
401 0.000000000000e+00
402 0.000000000000e+00
403 1.084525134211e+00
404 7.615766412284e+00
405 4.887114009989e+00
406 0.000000000000e+00
407 7.471147897315e+00
408 1.208882544071e+01
409 0.000000000000e+00
410 3.142859072011e+00
411 2.811194305099e+00
412 0.000000000000e+00
413 0.000000000000e+00
414 0.000000000000e+00
415 0.000000000000e+00
416 0.000000000000e+00
417 1.618608426482e+00
418 0.000000000000e+00
419 0.000000000000e+00
420 6.176008142590e+00
421 7.895309101579e+00
422 6.866110681704e+00
423 5.805688462537e+00
424 7.801740421136e-01
425 0.000000000000e+00
426 6.149258571746e+00
427 6.162929428574e+00
428 2.078938829699e+01
429 0.000000000000e+00
430 1.608335188834e+00
431 8.483840764767e+00
432 1.023608305994e+01
433 0.000000000000e+00
434 0.000000000000e+00
435 0.000000000000e+00
436 0.000000000000e+00
437 2.216384913942e+00
438 0.000000000000e+00
439 1.538572019204e+00
440 4.272500357432e+00
441 4.532781736994e+00
442 2.008108726382e+01
443 1.160531922979e+01
444 6.525119986310e+00
445 9.517995006383e+00
446 0.000000000000e+00
447 5.441591783479e+00
448 0.000000000000e+00
449 0.000000000000e+00
450 0.000000000000e+00
451 0.000000000000e+00
452 0.000000000000e+00
453 0.000000000000e+00
454 0.000000000000e+00
455 0.000000000000e+00
456 0.000000000000e+00
457 0.000000000000e+00
458 0.000000000000e+00
459 0.000000000000e+00
460 0.000000000000e+00
461 1.578570051922e+00
462 1.111705132229e+01
463 0.000000000000e+00
464 1.578287085801e+00
465 4.025746059847e+00
466 1.224300810019e+01
467 0.000000000000e+00
468 0.000000000000e+00
469 0.000000000000e+00
470 1.067248639609e+01
471 1.331880883620e+00
472 0.000000000000e+00
473 1.669973244176e+01
474 2.234198722561e+01
475 0.000000000000e+00
476 2.365015870039e+00
477 8.263092327136e-01
478 0.000000000000e+00
479 1.822124690093e+01
480 5.766005328825e+00
481 0.000000000000e+00
482 8.876889288088e+00
483 1.238624746597e+01
484 4.728527241304e+00
485 8.695787212977e+00
486 0.000000000000e+00
487 0.000000000000e+00
488 2.219721300936e+00
489 1.016740902955e+01
490 0.000000000000e+00
491 0.000000000000e+00
492 1.525462440534e+00
493 3.455265658322e+00
494 9.564430862600e+00
495 1.150167422009e+01
496 9.978149266302e+00
497 0.000000000000e+00
498 7.062366130682e+00
499 1.069532985782e+01
500 0.000000000000e+00
501 5.100377281339e+00
502 3.195230939515e+00
503 4.145595655519e+00
504 0.000000000000e+00
505 2.150302812515e+00
506 3.029239573583e+00
507 0.000000000000e+00
508 7.003761884585e+00
509 0.000000000000e+00
510 1.021367302687e+01
511 6.809542745296e+00
512 0.000000000000e+00
513 0.000000000000e+00
514 0.000000000000e+00
515 7.420902944663e+00
516 0.000000000000e+00
517 0.000000000000e+00
518 0.000000000000e+00
519 0.000000000000e+00
520 0.000000000000e+00
521 0.000000000000e+00
522 0.000000000000e+00
523 0.000000000000e+00
524 0.000000000000e+00
525 0.000000000000e+00
526 2.211151386805e+00
527 0.000000000000e+00
528 0.000000000000e+00
529 0.000000000000e+00
530 0.000000000000e+00
531 0.000000000000e+00
532 0.000000000000e+00
533 0.000000000000e+00
534 0.000000000000e+00
535 0.000000000000e+00
536 0.000000000000e+00
537 0.000000000000e+00
538 0.000000000000e+00
539 0.000000000000e+00
540 0.000000000000e+00
541 9.341212368610e-01
542 3.263931869263e+00
543 7.591837436686e+00
544 5.663227942147e+00
545 1.152765888026e+01
546 0.000000000000e+00
547 1.984170939882e+00
548 1.240919968997e+01
549 0.000000000000e+00
550 4.537045516532e+00
551 8.236592388499e+00
552 8.641438534154e+00
553 0.000000000000e+00
554 0.000000000000e+00
555 8.216898365496e+00
556 1.658973528611e+00
557 0.000000000000e+00
558 0.000000000000e+00
559 1.035902282408e+01
560 1.416500163613e+00
561 0.000000000000e+00
562 2.847315073996e+00
563 0.000000000000e+00
564 1.906283821329e+00
565 1.209522889390e+01
566 3.085325111405e+00
567 1.369263877943e+01
568 0.000000000000e+00
569 6.169625855147e+00
570 1.598696971447e+00
571 8.232926243477e+00
572 0.000000000000e+00
573 0.000000000000e+00
574 0.000000000000e+00
575 0.000000000000e+00
576 1.452902145329e+01
577 0.000000000000e+00
578 0.000000000000e+00
579 1.091581424363e+00
580 1.346551144205e+01
581 2.229523631481e+01
582 6.419022410386e+00
583 2.144181447697e+00
584 2.751230256358e+00
585 1.125272771915e+01
586 3.234123464055e+00
587 0.000000000000e+00
588 0.000000000000e+00
589 0.000000000000e+00
590 1.046010325943e+01
591 4.576910966539e+00
592 0.000000000000e+00
593 4.310880674381e+00
594 0.000000000000e+00
595 0.000000000000e+00
596 0.000000000000e+00
597 0.000000000000e+00
598 1.504309490084e+01
599 0.000000000000e+00
600 0.000000000000e+00
601 0.000000000000e+00
602 0.000000000000e+00
603 0.000000000000e+00
604 0.000000000000e+00
605 0.000000000000e+00
606 1.766743342101e+00
607 0.000000000000e+00
608 6.150729548646e+00
609 0.000000000000e+00
610 6.452536182576e+00
611 5.496178482025e+00
612 0.000000000000e+00
613 1.165280244971e+01
614 0.000000000000e+00
615 0.000000000000e+00
616 0.000000000000e+00
617 0.000000000000e+00
618 0.000000000000e+00
619 0.000000000000e+00
620 0.000000000000e+00
621 0.000000000000e+00
622 0.000000000000e+00
623 0.000000000000e+00
624 0.000000000000e+00
625 0.000000000000e+00
626 0.000000000000e+00
627 0.000000000000e+00
628 0.000000000000e+00
629 0.000000000000e+00
630 0.000000000000e+00
631 0.000000000000e+00
632 0.000000000000e+00
633 0.000000000000e+00
634 0.000000000000e+00
635 6.041458290210e+00
636 0.000000000000e+00
637 1.551906522768e+00
638 7.410318962391e+00
639 1.752791873092e+00
640 0.000000000000e+00
641 0.000000000000e+00
642 8.736811566904e+00
643 0.000000000000e+00
644 1.319365128328e+01
645 0.000000000000e+00
646 0.000000000000e+00
647 0.000000000000e+00
648 1.588379915762e+01
649 2.097446056486e+00
650 6.240222906868e+00
651 1.814512198866e+01
652 1.734119261580e+01
653 0.000000000000e+00
654 7.156414584344e+00
655 1.095897966207e+01
656 7.457550422578e-01
657 0.000000000000e+00
658 0.000000000000e+00
659 6.955614003413e-01
660 1.178509603037e+01
661 0.000000000000e+00
662 1.246890013629e+00
663 0.000000000000e+00
664 6.920763371673e+00
665 1.143170206772e+01
666 0.000000000000e+00
667 3.618908605955e+00
668 5.639133015872e+00
669 0.000000000000e+00
670 0.000000000000e+00
671 0.000000000000e+00
672 0.000000000000e+00
673 0.000000000000e+00
674 0.000000000000e+00
675 0.000000000000e+00
676 0.000000000000e+00
677 2.024904979165e+00
678 0.000000000000e+00
679 6.538613449975e+00
680 0.000000000000e+00
681 0.000000000000e+00
682 0.000000000000e+00
683 0.000000000000e+00
684 0.000000000000e+00
685 2.577539380817e+00
686 1.124601889531e+01
687 2.055509839452e+00
688 2.183607300922e+00
689 2.884813411388e+00
690 1.240865368278e+01
691 1.612416748282e+00
692 2.440803911939e+00
693 1.032536746529e+01
694 7.605823625849e+00
695 1.249109020639e+01
696 1.016204113381e+01
697 9.487121698093e+00
698 2.066718673549e+00
699 7.456766174245e+00
700 6.620483759308e+00
701 0.000000000000e+00
702 1.035007653519e+01
703 9.173219282867e+00
704 0.000000000000e+00
705 0.000000000000e+00
706 1.144344142852e+00
707 3.714670056726e+00
708 0.000000000000e+00
709 0.000000000000e+00
710 0.000000000000e+00
711 1.348671499341e+01
712 2.507931336184e+01
713 0.000000000000e+00
714 1.735852891442e+00
715 4.630386881171e+00
716 0.000000000000e+00
717 2.522390936676e+00
718 0.000000000000e+00
719 0.000000000000e+00
720 0.000000000000e+00
721 2.612498230661e+00
722 0.000000000000e+00
723 0.000000000000e+00
724 0.000000000000e+00
725 0.000000000000e+00
726 0.000000000000e+00
727 0.000000000000e+00
728 0.000000000000e+00
729 0.000000000000e+00
730 0.000000000000e+00
731 5.252731200216e+00
732 0.000000000000e+00
733 0.000000000000e+00
734 0.000000000000e+00
735 0.000000000000e+00
736 0.000000000000e+00
737 0.000000000000e+00
738 0.000000000000e+00
739 0.000000000000e+00
740 0.000000000000e+00
741 0.000000000000e+00
742 0.000000000000e+00
743 1.218739453863e+00
744 0.000000000000e+00
745 0.000000000000e+00
746 8.058789663952e+00
747 7.187127910645e+00
748 0.000000000000e+00
749 0.000000000000e+00
750 0.000000000000e+00
751 0.000000000000e+00
752 0.000000000000e+00
753 0.000000000000e+00
754 0.000000000000e+00
755 0.000000000000e+00
756 0.000000000000e+00
757 0.000000000000e+00
758 0.000000000000e+00
759 4.550529427021e+00
760 0.000000000000e+00
761 0.000000000000e+00
762 0.000000000000e+00
763 0.000000000000e+00
764 6.792126240051e-01
765 0.000000000000e+00
766 1.153466731843e+01
767 0.000000000000e+00
768 2.635340471126e+00
769 5.909007884681e+00
770 0.000000000000e+00
771 0.000000000000e+00
772 0.000000000000e+00
773 0.000000000000e+00
774 2.337293159344e+00
775 3.705418256483e+00
776 1.201158547952e+01
777 6.525688803909e+00
778 0.000000000000e+00
779 6.810927030017e+00
780 1.102957367941e+01
781 5.519900792631e+00
782 2.843602797734e+00
783 0.000000000000e+00
784 0.000000000000e+00
785 1.370245904166e+01
786 0.000000000000e+00
787 1.572896115782e+00
788 2.243313363108e+00
789 8.720718075624e-01
790 0.000000000000e+00
791 1.324053108575e+01
792 2.702623230247e+00
793 9.683879609036e+00
794 9.680570523121e+00
795 1.095265922983e+01
796 0.000000000000e+00
797 0.000000000000e+00
798 1.358900451532e+01
799 4.470491727131e+00
800 5.566122715937e+00
801 0.000000000000e+00
802 0.000000000000e+00
803 0.000000000000e+00
804 6.908290672537e+00
805 0.000000000000e+00
806 0.000000000000e+00
807 8.129380908514e+00
808 0.000000000000e+00
809 4.946746602333e+00
810 0.000000000000e+00
811 1.281469111393e+00
812 7.328784352757e+00
813 0.000000000000e+00
814 0.000000000000e+00
815 0.000000000000e+00
816 0.000000000000e+00
817 0.000000000000e+00
818 0.000000000000e+00
819 0.000000000000e+00
820 0.000000000000e+00
821 8.053689412053e+00
822 0.000000000000e+00
823 0.000000000000e+00
824 1.383685303891e+01
825 2.165163448826e+00
826 2.099500720285e+01
827 0.000000000000e+00
828 7.144671696476e+00
829 5.944175996353e+00
830 0.000000000000e+00
831 0.000000000000e+00
832 5.404112366848e+00
833 0.000000000000e+00
834 0.000000000000e+00
835 9.090881536325e+00
836 0.000000000000e+00
837 0.000000000000e+00
838 5.969060016878e+00
839 0.000000000000e+00
840 6.346362178841e+00
841 0.000000000000e+00
842 5.571570851348e+00
843 9.688468680085e+00
844 0.000000000000e+00
845 0.000000000000e+00
846 3.493109741898e+00
847 0.000000000000e+00
848 0.000000000000e+00
849 1.861285082086e+01
850 0.000000000000e+00
851 0.000000000000e+00
852 1.435517012436e+00
853 3.257868039234e+00
854 0.000000000000e+00
855 8.306389408051e+00
856 9.926528369292e+00
857 5.702752707074e+00
858 8.779310051842e+00
859 0.000000000000e+00
860 9.472475454516e+00
861 0.000000000000e+00
862 0.000000000000e+00
863 0.000000000000e+00
864 5.735571453619e+00
865 0.000000000000e+00
866 0.000000000000e+00
867 0.000000000000e+00
868 8.952087522335e+00
869 0.000000000000e+00
870 4.226798153087e+00
871 0.000000000000e+00
872 2.534073668812e+00
873 1.602563231588e+01
874 8.728961388918e-01
875 0.000000000000e+00
876 3.610316441412e+00
877 7.911586283649e+00
878 1.084362548289e+01
879 1.045071470658e+01
880 7.289058277590e+00
881 0.000000000000e+00
882 0.000000000000e+00
883 1.001953326328e+01
884 9.953715400783e+00
885 2.937280215960e+00
886 3.960697889935e+00
887 1.326797161062e+00
888 1.602630633078e+01
889 0.000000000000e+00
890 5.292163165159e+00
891 8.476485039473e+00
892 2.669422319873e+00
893 0.000000000000e+00
894 0.000000000000e+00
895 1.591635679077e+01
896 0.000000000000e+00
897 1.194903047759e+00
898 0.000000000000e+00
899 5.374422457302e+00
900 1.881862114671e+01
901 7.498263713637e+00
902 0.000000000000e+00
903 5.534349304226e+00
904 0.000000000000e+00
905 9.159819345502e+00
906 0.000000000000e+00
907 0.000000000000e+00
908 0.000000000000e+00
909 8.145502749255e+00
910 1.063010145080e+01
911 0.000000000000e+00
912 6.240052934266e+00
913 4.930968530967e+00
914 0.000000000000e+00
915 0.000000000000e+00
916 2.632978091025e+00
917 4.539015229627e+00
918 0.000000000000e+00
919 0.000000000000e+00
920 0.000000000000e+00
921 0.000000000000e+00
922 0.000000000000e+00
923 0.000000000000e+00
924 0.000000000000e+00
925 0.000000000000e+00
926 0.000000000000e+00
927 0.000000000000e+00
928 0.000000000000e+00
929 0.000000000000e+00
930 0.000000000000e+00
931 0.000000000000e+00
932 0.000000000000e+00
933 2.841975711864e+00
934 2.339081743696e-01
935 0.000000000000e+00
936 0.000000000000e+00
937 2.875446405685e+00
938 0.000000000000e+00
939 0.000000000000e+00
940 0.000000000000e+00
941 8.588800613276e+00
942 7.415847142797e+00
943 0.000000000000e+00
944 5.391300380078e+00
945 1.130275638720e+01
946 8.426997562067e+00
947 9.182024268507e+00
948 2.233212860918e+00
949 4.366013281672e+00
950 1.438730896457e+01
951 0.000000000000e+00
952 6.124258980763e+00
953 1.040185080748e+01
954 6.972433933859e+00
955 0.000000000000e+00
956 4.010453860144e+00
957 6.184685030999e+00
958 0.000000000000e+00
959 7.377255969601e-01
960 0.000000000000e+00
961 1.359576564645e+01
962 2.482518944529e+01
963 7.779414571672e+00
964 3.500086000378e+00
965 3.504474090758e+00
966 7.646910153334e+00
967 9.496022044274e+00
968 0.000000000000e+00
969 0.000000000000e+00
970 0.000000000000e+00
971 8.895978080355e+00
972 5.412464661462e+00
973 0.000000000000e+00
974 0.000000000000e+00
975 2.643468001583e+00
976 8.528304672867e+00
977 0.000000000000e+00
978 1.880136190962e+00
979 1.310871193841e+01
980 5.752780616699e+00
981 2.315628623340e+01
982 0.000000000000e+00
983 7.248577691498e+00
984 8.725281657902e+00
985 8.679366757421e+00
986 0.000000000000e+00
987 1.142458243967e+01
988 4.109108513099e+00
989 7.868928506980e+00
990 1.485621940895e+01
991 0.000000000000e+00
992 8.357461314308e+00
993 8.607434929742e+00
994 1.905977721145e+00
995 2.320741363042e-01
996 1.124592023134e+00
997 1.845327952183e+01
998 0.000000000000e+00
999 0.000000000000e+00
1000 0.000000000000e+00
1001 0.000000000000e+00
1002 0.000000000000e+00
1003 6.030827723533e+00
1004 1.115203702628e+01
1005 0.000000000000e+00
1006 3.346321116944e+00
1007 0.000000000000e+00
1008 0.000000000000e+00
1009 0.000000000000e+00
1010 0.000000000000e+00
1011 0.000000000000e+00
1012 0.000000000000e+00
1013 0.000000000000e+00
1014 0.000000000000e+00
1015 0.000000000000e+00
1016 0.000000000000e+00
1017 6.251460930741e+00
1018 0.000000000000e+00
1019 0.000000000000e+00
1020 0.000000000000e+00
1021 0.000000000000e+00
1022 0.000000000000e+00
1023 1.984874240951e+01
1024 8.052466417730e-01
1025 6.823088766273e+00
1026 7.896760862282e+00
1027 9.406287063078e+00
1028 0.000000000000e+00
1029 1.357800896848e+00
1030 0.000000000000e+00
1031 0.000000000000e+00
1032 3.453046333151e+00
1033 0.000000000000e+00
1034 0.000000000000e+00
1035 0.000000000000e+00
1036 0.000000000000e+00
1037 0.000000000000e+00
1038 0.000000000000e+00
1039 0.000000000000e+00
1040 0.000000000000e+00
1041 0.000000000000e+00
1042 0.000000000000e+00
1043 0.000000000000e+00
1044 0.000000000000e+00
1045 0.000000000000e+00
1046 0.000000000000e+00
1047 0.000000000000e+00
1048 0.000000000000e+00
1049 0.000000000000e+00
1050 0.000000000000e+00
1051 0.000000000000e+00
1052 1.124304320103e+01
1053 0.000000000000e+00
1054 0.000000000000e+00
1055 0.000000000000e+00
1056 0.000000000000e+00
1057 0.000000000000e+00
1058 0.000000000000e+00
1059 0.000000000000e+00
1060 0.000000000000e+00
1061 0.000000000000e+00
1062 2.388571058390e+00
1063 9.900383054218e+00
1064 8.741850626565e+00
1065 6.878586181896e+00
1066 2.718347880074e+01
1067 0.000000000000e+00
1068 0.000000000000e+00
1069 4.118538780316e-02
1070 0.000000000000e+00
1071 0.000000000000e+00
1072 0.000000000000e+00
1073 0.000000000000e+00
1074 8.243495032270e+00
1075 1.845440005545e+00
1076 0.000000000000e+00
1077 0.000000000000e+00
1078 0.000000000000e+00
1079 0.000000000000e+00
1080 0.000000000000e+00
1081 0.000000000000e+00
1082 0.000000000000e+00
1083 0.000000000000e+00
1084 0.000000000000e+00
1085 0.000000000000e+00
1086 5.130723214054e+00
1087 0.000000000000e+00
1088 1.028199968696e+01
1089 0.000000000000e+00
1090 0.000000000000e+00
1091 8.259581685498e+00
1092 0.000000000000e+00
1093 0.000000000000e+00
1094 0.000000000000e+00
1095 0.000000000000e+00
1096 0.000000000000e+00
1097 0.000000000000e+00
1098 0.000000000000e+00
1099 0.000000000000e+00
1100 0.000000000000e+00
1101 0.000000000000e+00
1102 0.000000000000e+00
1103 0.000000000000e+00
1104 0.000000000000e+00
1105 0.000000000000e+00
1106 0.000000000000e+00
1107 0.000000000000e+00
1108 0.000000000000e+00
1109 0.000000000000e+00
1110 0.000000000000e+00
1111 6.230582847029e+00
1112 0.000000000000e+00
1113 0.000000000000e+00
1114 0.000000000000e+00
1115 0.000000000000e+00
1116 0.000000000000e+00
1117 0.000000000000e+00
1118 0.000000000000e+00
1119 0.000000000000e+00
1120 0.000000000000e+00
1121 0.000000000000e+00
1122 0.000000000000e+00
1123 0.000000000000e+00
1124 0.000000000000e+00
1125 0.000000000000e+00
1126 0.000000000000e+00
1127 0.000000000000e+00
1128 0.000000000000e+00
1129 0.000000000000e+00
1130 0.000000000000e+00
1131 0.000000000000e+00
1132 0.000000000000e+00
1133 0.000000000000e+00
1134 0.000000000000e+00
1135 0.000000000000e+00
1136 0.000000000000e+00
1137 0.000000000000e+00
1138 3.231433576217e-01
1139 1.405830170311e+01
1140 1.323545799729e+00
1141 3.461937380433e+00
1142 5.288284325222e+00
1143 0.000000000000e+00
1144 1.070127779666e+01
1145 2.282682587323e+00
1146 1.150850535948e+01
1147 1.576345573218e+01
1148 0.000000000000e+00
1149 0.000000000000e+00
1150 0.000000000000e+00
1151 0.000000000000e+00
1152 0.000000000000e+00
1153 4.584298067597e+00
1154 0.000000000000e+00
1155 0.000000000000e+00
1156 2.726535405007e+00
1157 0.000000000000e+00
1158 0.000000000000e+00
1159 0.000000000000e+00
1160 0.000000000000e+00
1161 0.000000000000e+00
1162 5.000756914762e+00
1163 0.000000000000e+00
1164 0.000000000000e+00
1165 0.000000000000e+00
1166 2.472282956379e+00
1167 4.282461768084e+00
1168 0.000000000000e+00
1169 0.000000000000e+00
1170 0.000000000000e+00
1171 4.891463350834e+00
1172 0.000000000000e+00
1173 0.000000000000e+00
1174 1.177791941382e+01
1175 6.295464991877e-01
1176 2.042715093940e+01
1177 3.734905933130e+00
1178 7.269043601334e+00
1179 5.017220665314e+00
1180 1.193657521759e+01
1181 0.000000000000e+00
1182 9.015171978254e+00
1183 1.270535240008e+01
1184 0.000000000000e+00
1185 1.401141956784e+00
1186 0.000000000000e+00
1187 0.000000000000e+00
1188 1.704663149459e+01
1189 2.813457285929e+00
1190 1.935628029164e+01
1191 0.000000000000e+00
1192 0.000000000000e+00
1193 4.273554846301e+00
1194 4.389388511618e+00
1195 0.000000000000e+00
1196 6.732254510478e+00
1197 5.098233203727e+00
1198 0.000000000000e+00
1199 0.000000000000e+00
1200 0.000000000000e+00
1201 6.862128667883e+00
1202 7.900040482465e+00
1203 4.543181544703e+00
1204 0.000000000000e+00
1205 0.000000000000e+00
1206 1.238969017659e+01
1207 0.000000000000e+00
1208 1.387359428463e+00
1209 5.450149769799e+00
1210 6.384808489735e+00
1211 6.012963055535e+00
1212 1.164525194115e+01
1213 5.140674046263e+00
1214 1.065036136126e+01
1215 0.000000000000e+00
1216 1.108494315690e+00
1217 1.227871896072e+01
1218 0.000000000000e+00
1219 9.932060439494e+00
1220 7.430292861552e+00
1221 0.000000000000e+00
1222 1.098731204885e+01
1223 4.528201939370e+00
1224 0.000000000000e+00
1225 0.000000000000e+00
1226 6.273892349753e+00
1227 0.000000000000e+00
1228 0.000000000000e+00
1229 0.000000000000e+00
1230 0.000000000000e+00
1231 1.811670326271e+00
1232 2.786648619526e+00
1233 9.740269811606e+00
1234 7.706466116503e+00
1235 0.000000000000e+00
1236 0.000000000000e+00
1237 0.000000000000e+00
1238 0.000000000000e+00
1239 0.000000000000e+00
1240 0.000000000000e+00
1241 0.000000000000e+00
1242 0.000000000000e+00
1243 0.000000000000e+00
1244 0.000000000000e+00
1245 0.000000000000e+00
1246 0.000000000000e+00
1247 0.000000000000e+00
1248 0.000000000000e+00
1249 0.000000000000e+00
1250 0.000000000000e+00
1251 1.746706361664e+00
1252 0.000000000000e+00
1253 5.053841955106e+00
1254 0.000000000000e+00
1255 1.095437109445e+01
1256 1.113539892951e+01
1257 0.000000000000e+00
1258 8.573534840373e+00
1259 0.000000000000e+00
1260 0.000000000000e+00
1261 2.327153125798e+00
1262 0.000000000000e+00
1263 0.000000000000e+00
1264 0.000000000000e+00
1265 0.000000000000e+00
1266 1.659604351927e+01
1267 0.000000000000e+00
1268 0.000000000000e+00
1269 0.000000000000e+00
1270 0.000000000000e+00
1271 0.000000000000e+00
1272 0.000000000000e+00
1273 0.000000000000e+00
1274 0.000000000000e+00
1275 0.000000000000e+00
1276 0.000000000000e+00
1277 2.778493745287e+00
1278 6.716358284307e+00
1279 1.192478984037e+01
1280 0.000000000000e+00
1281 0.000000000000e+00
1282 0.000000000000e+00
1283 0.000000000000e+00
1284 0.000000000000e+00
1285 0.000000000000e+00
1286 0.000000000000e+00
1287 0.000000000000e+00
1288 0.000000000000e+00
1289 0.000000000000e+00
1290 0.000000000000e+00
1291 0.000000000000e+00
1292 0.000000000000e+00
1293 0.000000000000e+00
1294 0.000000000000e+00
1295 0.000000000000e+00
1296 0.000000000000e+00
1297 0.000000000000e+00
1298 0.000000000000e+00
1299 0.000000000000e+00
1300 0.000000000000e+00
1301 0.000000000000e+00
1302 0.000000000000e+00
1303 0.000000000000e+00
1304 0.000000000000e+00
1305 0.000000000000e+00
1306 0.000000000000e+00
1307 0.000000000000e+00
1308 0.000000000000e+00
1309 0.000000000000e+00
1310 0.000000000000e+00
1311 0.000000000000e+00
1312 0.000000000000e+00
1313 0.000000000000e+00
1314 0.000000000000e+00
1315 0.000000000000e+00
1316 0.000000000000e+00
1317 0.000000000000e+00
1318 0.000000000000e+00
1319 0.000000000000e+00
1320 0.000000000000e+00
1321 0.000000000000e+00
1322 0.000000000000e+00
1323 0.000000000000e+00
1324 0.000000000000e+00
1325 0.000000000000e+00
1326 0.000000000000e+00
1327 0.000000000000e+00
1328 0.000000000000e+00
1329 0.000000000000e+00
1330 0.000000000000e+00
1331 0.000000000000e+00
1332 0.000000000000e+00
1333 0.000000000000e+00
1334 0.000000000000e+00
1335 0.000000000000e+00
1336 0.000000000000e+00
1337 0.000000000000e+00
1338 0.000000000000e+00
1339 0.000000000000e+00
1340 0.000000000000e+00
1341 0.000000000000e+00
1342 0.000000000000e+00
1343 0.000000000000e+00
1344 0.000000000000e+00
1345 0.000000000000e+00
1346 0.000000000000e+00
1347 0.000000000000e+00
1348 0.000000000000e+00
1349 0.000000000000e+00
1350 0.000000000000e+00
1351 0.000000000000e+00
1352 0.000000000000e+00
1353 0.000000000000e+00
1354 0.000000000000e+00
1355 0.000000000000e+00
1356 0.000000000000e+00
1357 7.258375552688e+00
1358 0.000000000000e+00
1359 0.000000000000e+00
1360 1.109392506052e+01
1361 0.000000000000e+00
1362 5.887310526375e+00
1363 0.000000000000e+00
1364 0.000000000000e+00
1365 0.000000000000e+00
1366 0.000000000000e+00
1367 0.000000000000e+00
1368 0.000000000000e+00
1369 3.782339881239e+00
1370 0.000000000000e+00
1371 0.000000000000e+00
1372 0.000000000000e+00
1373 0.000000000000e+00
1374 0.000000000000e+00
1375 0.000000000000e+00
1376 0.000000000000e+00
1377 0.000000000000e+00
1378 0.000000000000e+00
1379 0.000000000000e+00
1380 3.051073222783e+00
1381 1.308663565270e+01
1382 5.227414467626e+00
1383 6.547586072618e+00
1384 0.000000000000e+00
1385 9.431119895385e+00
1386 1.598154181343e+00
1387 1.157760006153e+01
1388 0.000000000000e+00
1389 0.000000000000e+00
1390 0.000000000000e+00
1391 0.000000000000e+00
1392 1.313411673530e+01
1393 1.957399314025e+00
1394 1.425297992597e+00
1395 0.000000000000e+00
1396 1.239840928308e+01
1397 0.000000000000e+00
1398 6.458961104479e+00
1399 1.237220223277e+01
1400 1.051932538143e+01
1401 0.000000000000e+00
1402 0.000000000000e+00
1403 0.000000000000e+00
1404 1.307632920934e+01
1405 3.494702135617e+00
1406 0.000000000000e+00
1407 1.721406698880e+00
1408 0.000000000000e+00
1409 9.527097984843e+00
1410 0.000000000000e+00
1411 0.000000000000e+00
1412 4.014165394162e+00
1413 0.000000000000e+00
1414 4.834312380083e+00
1415 8.015070412029e+00
1416 0.000000000000e+00
1417 0.000000000000e+00
1418 0.000000000000e+00
1419 0.000000000000e+00
1420 9.809699039144e+00
1421 9.018245876829e+00
1422 0.000000000000e+00
1423 1.356585093403e+00
1424 6.640339523005e+00
1425 0.000000000000e+00
1426 0.000000000000e+00
1427 0.000000000000e+00
1428 0.000000000000e+00
1429 0.000000000000e+00
1430 0.000000000000e+00
1431 0.000000000000e+00
1432 3.060854900107e+00
1433 8.443511861432e+00
1434 1.189367726899e+01
1435 6.814359938635e+00
1436 0.000000000000e+00
1437 6.694383775877e+00
1438 5.145839206205e+00
1439 0.000000000000e+00
1440 2.087813515666e+00
1441 0.000000000000e+00
1442 0.000000000000e+00
1443 0.000000000000e+00
1444 0.000000000000e+00
1445 0.000000000000e+00
1446 0.000000000000e+00
1447 0.000000000000e+00
1448 0.000000000000e+00
1449 0.000000000000e+00
1450 0.000000000000e+00
1451 0.000000000000e+00
1452 0.000000000000e+00
1453 0.000000000000e+00
1454 0.000000000000e+00
1455 0.000000000000e+00
1456 0.000000000000e+00
1457 0.000000000000e+00
1458 0.000000000000e+00
1459 0.000000000000e+00
1460 0.000000000000e+00
1461 0.000000000000e+00
1462 0.000000000000e+00
1463 0.000000000000e+00
1464 0.000000000000e+00
1465 0.000000000000e+00
1466 0.000000000000e+00
1467 0.000000000000e+00
1468 0.000000000000e+00
1469 0.000000000000e+00
1470 0.000000000000e+00
1471 0.000000000000e+00
1472 0.000000000000e+00
1473 0.000000000000e+00
1474 1.387003673281e+01
1475 0.000000000000e+00
1476 0.000000000000e+00
1477 1.359971205644e+01
1478 0.000000000000e+00
1479 0.000000000000e+00
1480 0.000000000000e+00
1481 0.000000000000e+00
1482 0.000000000000e+00
1483 0.000000000000e+00
1484 0.000000000000e+00
1485 0.000000000000e+00
1486 0.000000000000e+00
1487 0.000000000000e+00
1488 0.000000000000e+00
1489 0.000000000000e+00
1490 0.000000000000e+00
1491 5.799193275287e+00
1492 2.785378940469e+01
1493 0.000000000000e+00
1494 0.000000000000e+00
1495 3.961767758553e+00
1496 0.000000000000e+00
1497 4.666145128795e+00
1498 0.000000000000e+00
1499 0.000000000000e+00
1500 0.000000000000e+00
1501 0.000000000000e+00
1502 0.000000000000e+00
1503 0.000000000000e+00
1504 0.000000000000e+00
1505 0.000000000000e+00
1506 0.000000000000e+00
1507 0.000000000000e+00
1508 0.000000000000e+00
1509 0.000000000000e+00
1510 0.000000000000e+00
1511 0.000000000000e+00
1512 0.000000000000e+00
1513 6.444120876379e+00
1514 0.000000000000e+00
1515 0.000000000000e+00
1516 0.000000000000e+00
1517 0.000000000000e+00
1518 0.000000000000e+00
1519 0.000000000000e+00
1520 5.348358859787e+00
1521 0.000000000000e+00
1522 0.000000000000e+00
1523 9.712839095080e+00
1524 4.995460480527e-01
1525 1.983751095373e+01
1526 1.789211663869e+00
1527 0.000000000000e+00
1528 4.928057231406e+00
1529 1.284429503091e+01
1530 0.000000000000e+00
1531 7.284250694400e+00
1532 1.559650216003e+00
1533 0.000000000000e+00
1534 0.000000000000e+00
1535 0.000000000000e+00
1536 3.083313730468e+00
1537 0.000000000000e+00
1538 1.926647225455e+00
1539 0.000000000000e+00
1540 0.000000000000e+00
1541 1.023675904218e+01
1542 0.000000000000e+00
1543 6.064763389578e+00
1544 1.083888517873e+01
1545 6.702828195530e+00
1546 0.000000000000e+00
1547 0.000000000000e+00
1548 0.000000000000e+00
1549 0.000000000000e+00
1550 0.000000000000e+00
1551 0.000000000000e+00
1552 0.000000000000e+00
1553 0.000000000000e+00
1554 0.000000000000e+00
1555 0.000000000000e+00
1556 0.000000000000e+00
1557 0.000000000000e+00
1558 0.000000000000e+00
1559 0.000000000000e+00
1560 0.000000000000e+00
1561 0.000000000000e+00
1562 0.000000000000e+00
1563 0.000000000000e+00
1564 0.000000000000e+00
1565 0.000000000000e+00
1566 7.619804814923e+00
1567 0.000000000000e+00
1568 0.000000000000e+00
1569 0.000000000000e+00
1570 0.000000000000e+00
1571 0.000000000000e+00
1572 0.000000000000e+00
1573 0.000000000000e+00
1574 0.000000000000e+00
1575 0.000000000000e+00
1576 0.000000000000e+00
1577 0.000000000000e+00
1578 0.000000000000e+00
1579 0.000000000000e+00
1580 0.000000000000e+00
1581 0.000000000000e+00
1582 0.000000000000e+00
1583 0.000000000000e+00
1584 0.000000000000e+00
1585 0.000000000000e+00
1586 0.000000000000e+00
1587 6.239588329235e+00
1588 7.071496121266e-01
1589 0.000000000000e+00
1590 4.205420424555e+00
1591 5.264587283801e+00
1592 7.087097662533e+00
1593 0.000000000000e+00
1594 0.000000000000e+00
1595 1.026973783712e+01
1596 6.472991537105e-01
1597 0.000000000000e+00
1598 2.038917417429e+01
1599 1.674871004810e+01
1600 0.000000000000e+00
1601 0.000000000000e+00
1602 0.000000000000e+00
1603 2.808772027355e+00
1604 1.770229799535e+00
1605 1.657050281782e+00
1606 1.439437288886e+01
1607 4.971640991933e+00
1608 0.000000000000e+00
1609 6.346527155268e+00
1610 9.945666983420e+00
1611 0.000000000000e+00
1612 9.798946838422e+00
1613 1.251080918910e+01
1614 0.000000000000e+00
1615 4.521939335373e+00
1616 0.000000000000e+00
1617 1.395231611644e+00
1618 1.625698745288e+01
1619 0.000000000000e+00
1620 0.000000000000e+00
1621 0.000000000000e+00
1622 0.000000000000e+00
1623 0.000000000000e+00
1624 0.000000000000e+00
1625 0.000000000000e+00
1626 0.000000000000e+00
1627 2.192936489146e+00
1628 5.511237963788e+00
1629 0.000000000000e+00
1630 0.000000000000e+00
1631 0.000000000000e+00
1632 0.000000000000e+00
1633 0.000000000000e+00
1634 7.069214759659e+00
1635 0.000000000000e+00
1636 0.000000000000e+00
1637 0.000000000000e+00
1638 0.000000000000e+00
1639 0.000000000000e+00
1640 2.250448026964e+01
1641 3.569124886363e+00
1642 6.494722736436e+00
1643 1.209095709332e+01
1644 9.741658168279e+00
1645 0.000000000000e+00
1646 0.000000000000e+00
1647 2.905153689872e+00
1648 0.000000000000e+00
1649 5.511256949629e+00
1650 0.000000000000e+00
1651 0.000000000000e+00
1652 1.210578423750e+01
1653 1.470929531978e+00
1654 0.000000000000e+00
1655 1.514955451590e+00
1656 2.484693471208e+00
1657 2.676899736092e+01
1658 0.000000000000e+00
1659 0.000000000000e+00
1660 0.000000000000e+00
1661 5.827250551777e+00
1662 0.000000000000e+00
1663 0.000000000000e+00
1664 0.000000000000e+00
1665 0.000000000000e+00
1666 1.049742683334e+01
1667 6.035453365079e+00
1668 0.000000000000e+00
1669 9.772318416374e+00
1670 4.257815172598e+00
1671 0.000000000000e+00
1672 0.000000000000e+00
1673 3.542305571754e+00
1674 8.970214718671e+00
1675 0.000000000000e+00
1676 0.000000000000e+00
1677 5.605649244841e-01
1678 0.000000000000e+00
1679 4.499655120716e+00
1680 5.532178132008e+00
1681 9.240008477289e+00
1682 5.093705209107e+00
1683 0.000000000000e+00
1684 0.000000000000e+00
1685 0.000000000000e+00
1686 0.000000000000e+00
1687 0.000000000000e+00
1688 0.000000000000e+00
1689 4.771403112755e+00
1690 0.000000000000e+00
1691 3.461222377270e-01
1692 3.141489177508e+00
1693 0.000000000000e+00
1694 0.000000000000e+00
1695 0.000000000000e+00
1696 3.681770174875e+00
1697 4.764674730985e+00
1698 3.240264287403e+00
1699 1.044927331499e+01
1700 4.662388647548e+00
1701 2.143121426589e+01
1702 6.246012452235e+00
1703 0.000000000000e+00
1704 0.000000000000e+00
1705 0.000000000000e+00
1706 0.000000000000e+00
1707 0.000000000000e+00
1708 0.000000000000e+00
1709 4.543582962565e+00
1710 3.292683843536e+00
1711 0.000000000000e+00
1712 0.000000000000e+00
1713 1.044063998281e+01
1714 0.000000000000e+00
1715 2.356354423136e+01
1716 1.525026033525e+00
1717 0.000000000000e+00
1718 1.752008631733e+01
1719 0.000000000000e+00
1720 1.453912370457e+00
1721 1.350669625827e+01
1722 7.335106875595e+00
1723 3.808743505234e+00
1724 9.919893052139e+00
1725 1.041695923976e+01
1726 0.000000000000e+00
1727 0.000000000000e+00
1728 9.312712683872e+00
1729 0.000000000000e+00
1730 0.000000000000e+00
1731 2.013764375298e+00
1732 5.431932989932e+00
1733 0.000000000000e+00
1734 0.000000000000e+00
1735 0.000000000000e+00
1736 0.000000000000e+00
1737 0.000000000000e+00
1738 0.000000000000e+00
1739 0.000000000000e+00
1740 1.046520514431e+00
1741 2.185013111068e+00
1742 2.118399300874e+01
1743 2.342214669570e+00
1744 0.000000000000e+00
1745 0.000000000000e+00
1746 0.000000000000e+00
1747 0.000000000000e+00
1748 0.000000000000e+00
1749 0.000000000000e+00
1750 0.000000000000e+00
1751 1.020336169018e+01
1752 9.051954891690e+00
1753 0.000000000000e+00
1754 0.000000000000e+00
1755 0.000000000000e+00
1756 4.613655907572e+00
1757 0.000000000000e+00
1758 0.000000000000e+00
1759 1.254189547118e+01
1760 1.638394601911e+00
1761 0.000000000000e+00
1762 3.801425874644e-01
1763 8.860695414277e+00
1764 2.761396551735e+01
1765 0.000000000000e+00
1766 3.158541254300e+00
1767 0.000000000000e+00
1768 7.762347381127e+00
1769 0.000000000000e+00
1770 0.000000000000e+00
1771 0.000000000000e+00
1772 0.000000000000e+00
1773 1.182244919373e+01
1774 1.016942101920e+01
1775 0.000000000000e+00
1776 9.356873040716e+00
1777 8.712302357708e+00
1778 0.000000000000e+00
1779 0.000000000000e+00
1780 0.000000000000e+00
1781 5.202209397442e+00
1782 0.000000000000e+00
1783 0.000000000000e+00
1784 0.000000000000e+00
1785 0.000000000000e+00
1786 0.000000000000e+00
1787 0.000000000000e+00
1788 0.000000000000e+00
1789 0.000000000000e+00
1790 0.000000000000e+00
1791 8.132714382994e+00
1792 0.000000000000e+00
1793 1.862248788144e+00
1794 4.522335546173e+00
1795 0.000000000000e+00
1796 2.582286382303e+00
1797 3.048707935080e+00
1798 7.982497133073e+00
1799 5.015883721156e+00
1800 0.000000000000e+00
1801 0.000000000000e+00
1802 7.726095200639e+00
1803 1.398436547305e+01
1804 0.000000000000e+00
1805 0.000000000000e+00
1806 0.000000000000e+00
1807 0.000000000000e+00
1808 0.000000000000e+00
1809 0.000000000000e+00
1810 0.000000000000e+00
1811 0.000000000000e+00
1812 0.000000000000e+00
1813 0.000000000000e+00
1814 0.000000000000e+00
1815 0.000000000000e+00
1816 0.000000000000e+00
1817 0.000000000000e+00
1818 0.000000000000e+00
1819 0.000000000000e+00
1820 0.000000000000e+00
1821 0.000000000000e+00
1822 0.000000000000e+00
1823 7.998961722491e+00
1824 0.000000000000e+00
1825 0.000000000000e+00
1826 0.000000000000e+00
1827 0.000000000000e+00
1828 4.016952892761e+00
1829 0.000000000000e+00
1830 0.000000000000e+00
1831 0.000000000000e+00
1832 3.835783558106e+00
1833 1.914129067292e+01
1834 1.056348627064e+01
1835 0.000000000000e+00
1836 0.000000000000e+00
1837 0.000000000000e+00
1838 0.000000000000e+00
1839 0.000000000000e+00
1840 3.732958515615e+00
1841 0.000000000000e+00
1842 0.000000000000e+00
1843 0.000000000000e+00
1844 0.000000000000e+00
1845 0.000000000000e+00
1846 0.000000000000e+00
1847 1.691775246689e+01
1848 0.000000000000e+00
1849 1.251233185992e+00
1850 3.081548231654e+00
1851 3.051003014666e+00
1852 1.691297394317e+01
1853 6.958092712181e+00
1854 3.599595989026e+00
1855 1.261172504252e+01
1856 0.000000000000e+00
1857 7.181200684608e-01
1858 9.789119541877e+00
1859 0.000000000000e+00
1860 0.000000000000e+00
1861 0.000000000000e+00
1862 1.212657423369e+01
1863 0.000000000000e+00
1864 0.000000000000e+00
1865 3.335331437475e+00
1866 1.064136133198e+01
1867 6.904245099150e+00
1868 0.000000000000e+00
1869 0.000000000000e+00
1870 9.180909218769e+00
1871 7.918381386489e+00
1872 0.000000000000e+00
1873 1.765889477176e+01
1874 2.309282500948e+01
1875 0.000000000000e+00
1876 0.000000000000e+00
1877 0.000000000000e+00
1878 0.000000000000e+00
1879 6.670350820092e+00
1880 0.000000000000e+00
1881 0.000000000000e+00
1882 0.000000000000e+00
1883 0.000000000000e+00
1884 0.000000000000e+00
1885 0.000000000000e+00
1886 0.000000000000e+00
1887 0.000000000000e+00
1888 0.000000000000e+00
1889 0.000000000000e+00
1890 6.243884070122e+00
1891 0.000000000000e+00
1892 4.189020520225e+00
1893 0.000000000000e+00
1894 0.000000000000e+00
1895 0.000000000000e+00
1896 0.000000000000e+00
1897 0.000000000000e+00
1898 9.952542465554e+00
1899 7.652712672017e-01
1900 8.752001639304e-01
1901 5.379067367047e-01
1902 1.063260926717e+01
1903 3.587157821308e+00
1904 2.279409280373e+01
1905 2.682412809455e+01
1906 1.191564536553e+01
1907 0.000000000000e+00
1908 0.000000000000e+00
1909 0.000000000000e+00
1910 0.000000000000e+00
1911 0.000000000000e+00
1912 0.000000000000e+00
1913 9.623673936201e+00
1914 2.724934422358e+00
1915 0.000000000000e+00
1916 0.000000000000e+00
1917 4.832591055837e+00
1918 8.455979660734e+00
1919 0.000000000000e+00
1920 0.000000000000e+00
1921 0.000000000000e+00
1922 0.000000000000e+00
1923 5.877807483177e+00
1924 7.738502583461e+00
1925 0.000000000000e+00
1926 3.256230420603e+00
1927 7.129125600038e+00
1928 7.709950764016e+00
1929 0.000000000000e+00
1930 2.148664912402e+00
1931 0.000000000000e+00
1932 0.000000000000e+00
1933 0.000000000000e+00
1934 0.000000000000e+00
1935 0.000000000000e+00
1936 4.362565520358e+00
1937 5.656596422371e-01
1938 0.000000000000e+00
1939 1.162025015813e+01
1940 9.930933666747e+00
1941 2.974324168858e+00
1942 1.154529406137e+01
1943 1.185116233346e+00
1944 0.000000000000e+00
1945 0.000000000000e+00
1946 4.000263846774e+00
1947 1.025402917617e+01
1948 0.000000000000e+00
1949 0.000000000000e+00
1950 9.176993380791e-01
1951 0.000000000000e+00
1952 0.000000000000e+00
1953 5.361203113680e+00
1954 1.005389845788e+01
1955 0.000000000000e+00
1956 4.646995520951e+00
1957 7.299990005621e+00
1958 9.954627883033e+00
1959 0.000000000000e+00
1960 0.000000000000e+00
1961 0.000000000000e+00
1962 0.000000000000e+00
1963 2.365315212660e+00
1964 2.129855071589e-01
1965 5.259778848366e+00
1966 1.780436236747e+01
1967 7.353038580401e+00
1968 0.000000000000e+00
1969 3.435770090035e+00
1970 6.321449737257e+00
1971 0.000000000000e+00
1972 0.000000000000e+00
1973 0.000000000000e+00
1974 0.000000000000e+00
1975 0.000000000000e+00
1976 0.000000000000e+00
1977 0.000000000000e+00
1978 0.000000000000e+00
1979 0.000000000000e+00
1980 0.000000000000e+00
1981 0.000000000000e+00
1982 0.000000000000e+00
1983 0.000000000000e+00
1984 0.000000000000e+00
1985 0.000000000000e+00
1986 0.000000000000e+00
1987 0.000000000000e+00
1988 0.000000000000e+00
1989 0.000000000000e+00
1990 0.000000000000e+00
1991 0.000000000000e+00
1992 0.000000000000e+00
1993 0.000000000000e+00
1994 0.000000000000e+00
1995 0.000000000000e+00
1996 0.000000000000e+00
1997 0.000000000000e+00
1998 0.000000000000e+00
1999 0.000000000000e+00
2000 0.000000000000e+00
2001 1.884212649334e+00
2002 0.000000000000e+00
2003 0.000000000000e+00
2004 0.000000000000e+00
2005 0.000000000000e+00
2006 7.448733467902e+00
2007 4.725855184882e+00
2008 0.000000000000e+00
2009 0.000000000000e+00
2010 1.522156621819e+00
2011 8.087667284076e+00
2012 5.779403054409e-01
2013 0.000000000000e+00
2014 3.067784727464e+00
2015 5.729131924663e+00
2016 0.000000000000e+00
2017 0.000000000000e+00
2018 0.000000000000e+00
2019 1.002902693801e+01
2020 5.574652266465e+00
2021 0.000000000000e+00
2022 1.929412218429e+01
2023 2.324961694647e+01
2024 0.000000000000e+00
2025 1.425712338848e+00
2026 0.000000000000e+00
2027 0.000000000000e+00
2028 0.000000000000e+00
2029 0.000000000000e+00
2030 1.060664096447e+01
2031 1.152227506678e+00
2032 6.559664183701e+00
2033 1.126254420469e+01
2034 0.000000000000e+00
2035 0.000000000000e+00
2036 0.000000000000e+00
2037 5.134558923653e+00
2038 0.000000000000e+00
2039 0.000000000000e+00
2040 0.000000000000e+00
2041 0.000000000000e+00
2042 0.000000000000e+00
2043 0.000000000000e+00
2044 0.000000000000e+00
2045 0.000000000000e+00
2046 0.000000000000e+00
2047 0.000000000000e+00
2048 0.000000000000e+00
2049 0.000000000000e+00
2050 0.000000000000e+00
2051 0.000000000000e+00
2052 0.000000000000e+00
2053 0.000000000000e+00
2054 0.000000000000e+00
2055 0.000000000000e+00
2056 0.000000000000e+00
2057 0.000000000000e+00
2058 0.000000000000e+00
2059 0.000000000000e+00
2060 0.000000000000e+00
2061 4.132251094838e+00
2062 0.000000000000e+00
2063 0.000000000000e+00
2064 8.498133517954e-01
2065 6.719935910486e+00
2066 1.545750851507e+01
2067 0.000000000000e+00
2068 2.548971132566e+00
2069 0.000000000000e+00
2070 8.790172110749e+00
2071 0.000000000000e+00
2072 0.000000000000e+00
2073 0.000000000000e+00
2074 0.000000000000e+00
2075 1.253780054490e+01
2076 0.000000000000e+00
2077 0.000000000000e+00
2078 0.000000000000e+00
2079 0.000000000000e+00
2080 0.000000000000e+00
2081 0.000000000000e+00
2082 0.000000000000e+00
2083 8.249644407206e+00
2084 1.547598290566e+00
2085 0.000000000000e+00
2086 1.490425335152e+00
2087 1.207220871287e+01
2088 2.678192510560e+01
2089 6.363068913437e+00
2090 3.177551948121e+00
2091 3.005538287403e+00
2092 1.267896888120e+01
2093 0.000000000000e+00
2094 0.000000000000e+00
2095 0.000000000000e+00
2096 0.000000000000e+00
2097 1.104631812844e+01
2098 4.804754462104e+00
2099 0.000000000000e+00
2100 4.473190644218e+00
2101 1.158306572233e+01
2102 0.000000000000e+00
2103 0.000000000000e+00
2104 0.000000000000e+00
2105 0.000000000000e+00
2106 0.000000000000e+00
2107 0.000000000000e+00
2108 8.069462928605e-01
2109 1.143530974991e+01
2110 2.303535658676e+01
2111 0.000000000000e+00
2112 6.830942644687e+00
2113 0.000000000000e+00
2114 0.000000000000e+00
2115 0.000000000000e+00
2116 0.000000000000e+00
2117 0.000000000000e+00
2118 0.000000000000e+00
2119 0.000000000000e+00
2120 6.495890119541e+00
2121 0.000000000000e+00
2122 0.000000000000e+00
2123 0.000000000000e+00
2124 0.000000000000e+00
2125 0.000000000000e+00
2126 0.000000000000e+00
2127 0.000000000000e+00
2128 0.000000000000e+00
2129 0.000000000000e+00
2130 0.000000000000e+00
2131 0.000000000000e+00
2132 0.000000000000e+00
2133 0.000000000000e+00
2134 0.000000000000e+00
2135 0.000000000000e+00
2136 0.000000000000e+00
2137 5.458629683719e-01
2138 2.081600867815e+00
2139 6.766281049512e+00
2140 3.413346225167e+00
2141 0.000000000000e+00
2142 7.688656660802e+00
2143 1.068091767424e+01
2144 1.382327606397e+01
2145 6.235216553827e+00
2146 0.000000000000e+00
2147 0.000000000000e+00
2148 0.000000000000e+00
2149 1.484680764184e+01
2150 0.000000000000e+00
2151 0.000000000000e+00
2152 0.000000000000e+00
2153 0.000000000000e+00
2154 0.000000000000e+00
2155 0.000000000000e+00
2156 0.000000000000e+00
2157 0.000000000000e+00
2158 0.000000000000e+00
2159 0.000000000000e+00
2160 0.000000000000e+00
2161 0.000000000000e+00
2162 0.000000000000e+00
2163 0.000000000000e+00
2164 0.000000000000e+00
2165 0.000000000000e+00
2166 0.000000000000e+00
2167 0.000000000000e+00
2168 0.000000000000e+00
2169 3.166424076782e+00
2170 0.000000000000e+00
2171 0.000000000000e+00
2172 0.000000000000e+00
2173 6.594073419457e+00
2174 0.000000000000e+00
2175 0.000000000000e+00
2176 0.000000000000e+00
2177 1.091501742122e+00
2178 0.000000000000e+00
2179 1.086514319621e+01
2180 0.000000000000e+00
2181 0.000000000000e+00
2182 9.031757225295e+00
2183 1.529674459981e+00
2184 1.077762800454e+00
2185 3.932632536215e+00
2186 1.632559822550e+01
2187 1.794415158075e+01
2188 1.179370734954e+01
2189 0.000000000000e+00
2190 8.238551527187e+00
2191 0.000000000000e+00
2192 1.174378990291e+01
2193 1.048193834025e+01
2194 1.855693490858e+00
2195 0.000000000000e+00
2196 2.294154309318e+00
2197 7.039125147320e+00
2198 6.712192372259e-01
2199 0.000000000000e+00
2200 0.000000000000e+00
2201 4.060055234022e+00
2202 0.000000000000e+00
2203 1.204601697662e+00
2204 0.000000000000e+00
2205 0.000000000000e+00
2206 8.427862947582e+00
2207 0.000000000000e+00
2208 8.416969043975e+00
2209 0.000000000000e+00
2210 1.291727473130e+01
2211 0.000000000000e+00
2212 1.095753238052e+01
2213 6.731469367802e+00
2214 0.000000000000e+00
2215 0.000000000000e+00
2216 0.000000000000e+00
2217 0.000000000000e+00
2218 1.073461319512e+01
2219 0.000000000000e+00
2220 0.000000000000e+00
2221 0.000000000000e+00
2222 0.000000000000e+00
2223 0.000000000000e+00
2224 0.000000000000e+00
2225 0.000000000000e+00
2226 0.000000000000e+00
2227 0.000000000000e+00
2228 0.000000000000e+00
2229 0.000000000000e+00
2230 0.000000000000e+00
2231 0.000000000000e+00
2232 0.000000000000e+00
2233 0.000000000000e+00
2234 0.000000000000e+00
2235 0.000000000000e+00
2236 0.000000000000e+00
2237 0.000000000000e+00
2238 2.088618355733e+00
2239 5.272177388166e+00
2240 0.000000000000e+00
2241 0.000000000000e+00
2242 0.000000000000e+00
2243 0.000000000000e+00
2244 0.000000000000e+00
2245 0.000000000000e+00
2246 1.276289972210e+01
2247 5.187721351484e-01
2248 0.000000000000e+00
2249 4.187958777832e+00
2250 1.482152679761e+01
2251 1.454488934356e+01
2252 0.000000000000e+00
2253 0.000000000000e+00
2254 0.000000000000e+00
2255 0.000000000000e+00
2256 3.786455009500e+00
2257 7.821583714637e+00
2258 0.000000000000e+00
2259 0.000000000000e+00
2260 0.000000000000e+00
2261 0.000000000000e+00
2262 3.315801330947e+00
2263 0.000000000000e+00
2264 5.459710098842e+00
2265 0.000000000000e+00
2266 9.473464864173e+00
2267 3.576056229724e+00
2268 0.000000000000e+00
2269 0.000000000000e+00
2270 0.000000000000e+00
2271 0.000000000000e+00
2272 0.000000000000e+00
2273 0.000000000000e+00
2274 0.000000000000e+00
2275 0.000000000000e+00
2276 0.000000000000e+00
2277 0.000000000000e+00
2278 3.489549272832e+00
2279 1.176807437739e+00
2280 0.000000000000e+00
2281 6.157255218453e+00
2282 0.000000000000e+00
2283 0.000000000000e+00
2284 4.271066558048e+00
2285 7.308422318084e+00
2286 3.545514620517e+00
2287 0.000000000000e+00
2288 5.586284024987e+00
2289 0.000000000000e+00
2290 0.000000000000e+00
2291 0.000000000000e+00
2292 0.000000000000e+00
2293 0.000000000000e+00
2294 0.000000000000e+00
2295 0.000000000000e+00
2296 0.000000000000e+00
2297 1.087458227133e+01
2298 0.000000000000e+00
2299 0.000000000000e+00
2300 1.308320297919e+01
2301 0.000000000000e+00
2302 0.000000000000e+00
2303 0.000000000000e+00
2304 0.000000000000e+00
2305 0.000000000000e+00
2306 0.000000000000e+00
2307 0.000000000000e+00
2308 0.000000000000e+00
2309 0.000000000000e+00
2310 0.000000000000e+00
2311 0.000000000000e+00
2312 0.000000000000e+00
2313 0.000000000000e+00
2314 0.000000000000e+00
2315 0.000000000000e+00
2316 0.000000000000e+00
2317 0.000000000000e+00
2318 0.000000000000e+00
2319 0.000000000000e+00
2320 0.000000000000e+00
2321 0.000000000000e+00
2322 0.000000000000e+00
2323 0.000000000000e+00
2324 0.000000000000e+00
2325 0.000000000000e+00
2326 0.000000000000e+00
2327 0.000000000000e+00
2328 0.000000000000e+00
2329 0.000000000000e+00
2330 0.000000000000e+00
2331 0.000000000000e+00
2332 0.000000000000e+00
2333 0.000000000000e+00
2334 0.000000000000e+00
2335 0.000000000000e+00
2336 8.212106400173e+00
2337 0.000000000000e+00
2338 1.658816079625e+01
2339 1.277847227530e+00
2340 0.000000000000e+00
2341 5.656971470061e+00
2342 0.000000000000e+00
2343 0.000000000000e+00
2344 0.000000000000e+00
2345 0.000000000000e+00
2346 0.000000000000e+00
2347 0.000000000000e+00
2348 0.000000000000e+00
2349 8.700360095429e+00
2350 7.363363458234e+00
2351 0.000000000000e+00
2352 0.000000000000e+00
2353 0.000000000000e+00
2354 0.000000000000e+00
2355 0.000000000000e+00
2356 0.000000000000e+00
2357 0.000000000000e+00
2358 0.000000000000e+00
2359 0.000000000000e+00
2360 7.434995799482e+00
2361 0.000000000000e+00
2362 0.000000000000e+00
2363 4.408164685865e+00
2364 0.000000000000e+00
2365 0.000000000000e+00
2366 0.000000000000e+00
2367 0.000000000000e+00
2368 0.000000000000e+00
2369 0.000000000000e+00
2370 0.000000000000e+00
2371 0.000000000000e+00
2372 0.000000000000e+00
2373 0.000000000000e+00
2374 0.000000000000e+00
2375 0.000000000000e+00
2376 0.000000000000e+00
2377 0.000000000000e+00
2378 0.000000000000e+00
2379 0.000000000000e+00
2380 0.000000000000e+00
2381 0.000000000000e+00
2382 0.000000000000e+00
2383 0.000000000000e+00
2384 0.000000000000e+00
2385 0.000000000000e+00
2386 0.000000000000e+00
2387 0.000000000000e+00
2388 0.000000000000e+00
2389 0.000000000000e+00
2390 0.000000000000e+00
2391 0.000000000000e+00
2392 0.000000000000e+00
2393 0.000000000000e+00
2394 0.000000000000e+00
2395 0.000000000000e+00
2396 0.000000000000e+00
2397 0.000000000000e+00
2398 4.510503522139e+00
2399 1.040892386143e+01
2400 5.253269011772e-01
2401 1.406328396396e+01
2402 1.385027526288e+00
2403 5.462847260177e+00
2404 0.000000000000e+00
2405 0.000000000000e+00
2406 0.000000000000e+00
2407 8.759769983560e+00
2408 1.051028457533e+01
2409 0.000000000000e+00
2410 0.000000000000e+00
2411 0.000000000000e+00
2412 0.000000000000e+00
2413 6.188965242640e+00
2414 0.000000000000e+00
2415 0.000000000000e+00
2416 5.263766689081e+00
2417 0.000000000000e+00
2418 0.000000000000e+00
2419 0.000000000000e+00
2420 5.849354946656e+00
2421 0.000000000000e+00
2422 0.000000000000e+00
2423 8.400379936525e-01
2424 0.000000000000e+00
2425 8.395904978076e+00
2426 5.792595578195e+00
2427 0.000000000000e+00
2428 4.947078068087e+00
2429 0.000000000000e+00
2430 2.291052182227e+00
2431 1.257596036209e+01
2432 2.702324491194e+00
2433 0.000000000000e+00
2434 4.933804875637e+00
2435 2.456649390349e+00
2436 9.841897467319e+00
2437 0.000000000000e+00
2438 0.000000000000e+00
2439 0.000000000000e+00
2440 0.000000000000e+00
2441 0.000000000000e+00
2442 0.000000000000e+00
2443 0.000000000000e+00
2444 5.329094607121e+00
2445 0.000000000000e+00
2446 0.000000000000e+00
2447 0.000000000000e+00
2448 5.499479562567e+00
2449 0.000000000000e+00
2450 0.000000000000e+00
2451 0.000000000000e+00
2452 0.000000000000e+00
2453 0.000000000000e+00
2454 0.000000000000e+00
2455 0.000000000000e+00
2456 0.000000000000e+00
2457 5.856929482519e+00
2458 0.000000000000e+00
2459 0.000000000000e+00
2460 0.000000000000e+00
2461 0.000000000000e+00
2462 1.397745265653e+00
2463 4.365487935709e+00
2464 1.709485908865e+01
2465 1.693057030528e+01
2466 0.000000000000e+00
2467 2.769030681735e+00
2468 9.828791689589e+00
2469 0.000000000000e+00
2470 2.717542828249e+00
2471 4.647429352759e+00
2472 5.288371836908e+00
2473 0.000000000000e+00
2474 1.708005397223e+00
2475 1.640252499110e+01
2476 2.169482090377e+00
2477 1.415428836089e+00
2478 0.000000000000e+00
2479 4.416298962498e+00
2480 0.000000000000e+00
2481 1.628059936306e+00
2482 0.000000000000e+00
2483 0.000000000000e+00
2484 0.000000000000e+00
2485 0.000000000000e+00
2486 8.542980103117e+00
2487 0.000000000000e+00
2488 1.185986984322e+01
2489 0.000000000000e+00
2490 6.374440630608e+00
2491 7.733593314224e+00
2492 0.000000000000e+00
2493 1.072900207453e+00
2494 0.000000000000e+00
2495 0.000000000000e+00
2496 0.000000000000e+00
2497 1.983011314618e+00
2498 2.319078414532e+00
2499 3.651781886129e+00
2500 9.645407976476e+00
2501 0.000000000000e+00
2502 8.595858015752e+00
2503 3.845585632838e+00
2504 8.447260029897e+00
2505 6.847188725157e+00
2506 2.864079010383e+00
2507 0.000000000000e+00
2508 0.000000000000e+00
2509 0.000000000000e+00
2510 4.979006476888e+00
2511 0.000000000000e+00
2512 0.000000000000e+00
2513 0.000000000000e+00
2514 0.000000000000e+00
2515 0.000000000000e+00
2516 0.000000000000e+00
2517 0.000000000000e+00
2518 0.000000000000e+00
2519 0.000000000000e+00
2520 0.000000000000e+00
2521 0.000000000000e+00
2522 0.000000000000e+00
2523 0.000000000000e+00
2524 0.000000000000e+00
2525 0.000000000000e+00
2526 0.000000000000e+00
2527 0.000000000000e+00
2528 0.000000000000e+00
2529 0.000000000000e+00
2530 0.000000000000e+00
2531 0.000000000000e+00
2532 2.381409812794e+00
2533 0.000000000000e+00
2534 0.000000000000e+00
2535 1.087733166220e+01
2536 0.000000000000e+00
2537 1.164857969873e+01
2538 5.251304743731e+00
2539 0.000000000000e+00
2540 5.259198670565e+00
2541 1.922387427720e+00
2542 0.000000000000e+00
2543 0.000000000000e+00
2544 0.000000000000e+00
2545 0.000000000000e+00
2546 0.000000000000e+00
2547 0.000000000000e+00
2548 0.000000000000e+00
2549 0.000000000000e+00
2550 0.000000000000e+00
2551 0.000000000000e+00
2552 0.000000000000e+00
2553 0.000000000000e+00
2554 0.000000000000e+00
2555 0.000000000000e+00
2556 0.000000000000e+00
2557 0.000000000000e+00
2558 0.000000000000e+00
2559 0.000000000000e+00
2560 0.000000000000e+00
2561 0.000000000000e+00
2562 0.000000000000e+00
2563 0.000000000000e+00
2564 0.000000000000e+00
2565 1.444408097895e+00
2566 0.000000000000e+00
2567 3.492885942029e+00
2568 1.693281294829e+01
2569 1.218866731191e+01
2570 0.000000000000e+00
2571 0.000000000000e+00
2572 0.000000000000e+00
2573 0.000000000000e+00
2574 1.540575714920e+00
2575 3.897341627344e+00
2576 0.000000000000e+00
2577 0.000000000000e+00
2578 0.000000000000e+00
2579 0.000000000000e+00
2580 0.000000000000e+00
2581 0.000000000000e+00
2582 0.000000000000e+00
2583 0.000000000000e+00
2584 0.000000000000e+00
2585 0.000000000000e+00
2586 0.000000000000e+00
2587 0.000000000000e+00
2588 0.000000000000e+00
2589 0.000000000000e+00
2590 0.000000000000e+00
2591 0.000000000000e+00
2592 0.000000000000e+00
2593 0.000000000000e+00
2594 0.000000000000e+00
2595 0.000000000000e+00
2596 0.000000000000e+00
2597 0.000000000000e+00
2598 0.000000000000e+00
2599 0.000000000000e+00
2600 0.000000000000e+00
2601 0.000000000000e+00
2602 0.000000000000e+00
2603 0.000000000000e+00
2604 0.000000000000e+00
2605 0.000000000000e+00
2606 6.076874989900e-01
2607 4.152237682664e+00
2608 3.361524587167e+00
2609 1.778287519537e+01
2610 2.255162637036e+01
2611 0.000000000000e+00
2612 0.000000000000e+00
2613 0.000000000000e+00
2614 5.804054638510e+00
2615 0.000000000000e+00
2616 0.000000000000e+00
2617 0.000000000000e+00
2618 9.412923963789e+00
2619 0.000000000000e+00
2620 0.000000000000e+00
2621 0.000000000000e+00
2622 4.919938267756e+00
2623 0.000000000000e+00
2624 0.000000000000e+00
2625 0.000000000000e+00
2626 0.000000000000e+00
2627 0.000000000000e+00
2628 0.000000000000e+00
2629 0.000000000000e+00
2630 4.935742476913e+00
2631 1.281230864397e+00
2632 9.151158387280e+00
2633 3.760619139273e+00
2634 0.000000000000e+00
2635 0.000000000000e+00
2636 0.000000000000e+00
2637 0.000000000000e+00
2638 1.382941388696e+01
2639 2.433247629418e+01
2640 0.000000000000e+00
2641 0.000000000000e+00
2642 0.000000000000e+00
2643 0.000000000000e+00
2644 0.000000000000e+00
2645 0.000000000000e+00
2646 0.000000000000e+00
2647 0.000000000000e+00
2648 4.650631795834e+00
2649 0.000000000000e+00
2650 5.495219326726e+00
2651 0.000000000000e+00
2652 0.000000000000e+00
2653 0.000000000000e+00
2654 0.000000000000e+00
2655 5.771462327555e+00
2656 0.000000000000e+00
2657 1.875766751195e+00
2658 0.000000000000e+00
2659 5.983042804181e+00
2660 0.000000000000e+00
2661 0.000000000000e+00
2662 0.000000000000e+00
2663 3.262444439689e+00
2664 5.123717305032e+00
2665 1.587712486288e+00
2666 1.336246271508e+00
2667 4.532264871932e+00
2668 1.335395443820e+01
2669 1.852345569380e+01
2670 9.000940370268e+00
2671 0.000000000000e+00
2672 1.221159708302e+01
2673 0.000000000000e+00
2674 9.673858868830e+00
2675 1.090698849351e+01
2676 2.153482354378e+00
2677 0.000000000000e+00
2678 0.000000000000e+00
2679 7.366839888731e+00
2680 0.000000000000e+00
2681 1.420739319150e+00
2682 6.398732714735e+00
2683 3.333595072909e+00
2684 2.453214949836e+00
2685 1.253822959703e+01
2686 0.000000000000e+00
2687 4.944762541662e+00
2688 2.360514581774e+00
2689 0.000000000000e+00
2690 6.747191981951e+00
2691 2.669140568847e+01
2692 0.000000000000e+00
2693 0.000000000000e+00
2694 0.000000000000e+00
2695 0.000000000000e+00
2696 0.000000000000e+00
2697 0.000000000000e+00
2698 0.000000000000e+00
2699 0.000000000000e+00
2700 0.000000000000e+00
2701 0.000000000000e+00
2702 0.000000000000e+00
2703 0.000000000000e+00
2704 0.000000000000e+00
2705 0.000000000000e+00
2706 0.000000000000e+00
2707 6.149789749720e+00
2708 0.000000000000e+00
2709 0.000000000000e+00
2710 0.000000000000e+00
2711 9.449912303193e+00
2712 2.858732672662e+01
2713 0.000000000000e+00
2714 1.974456693224e+00
2715 2.155197023117e+00
2716 0.000000000000e+00
2717 0.000000000000e+00
2718 0.000000000000e+00
2719 0.000000000000e+00
2720 0.000000000000e+00
2721 4.673851834369e+00
2722 4.615233467152e+00
2723 0.000000000000e+00
2724 6.827739047288e+00
2725 3.624057552150e+00
2726 0.000000000000e+00
2727 0.000000000000e+00
2728 0.000000000000e+00
2729 1.678790455073e+01
2730 0.000000000000e+00
2731 1.699083754319e+00
2732 5.800592531912e+00
2733 1.132712571788e+01
2734 8.924377689781e+00
2735 0.000000000000e+00
2736 0.000000000000e+00
2737 1.045474322860e+01
2738 4.729388035552e+00
2739 0.000000000000e+00
2740 1.898622743731e+01
2741 1.869449516323e+01
2742 0.000000000000e+00
2743 0.000000000000e+00
2744 0.000000000000e+00
2745 2.095085093517e+00
2746 8.801618079580e+00
2747 0.000000000000e+00
2748 0.000000000000e+00
2749 1.250596307389e+00
2750 4.551062103734e+00
2751 9.126519684464e+00
2752 1.215298558863e+01
2753 1.032444804579e+01
2754 0.000000000000e+00
2755 0.000000000000e+00
2756 7.116177514002e+00
2757 1.055747086610e+01
2758 3.130840596017e+00
2759 6.335192200773e+00
2760 0.000000000000e+00
2761 0.000000000000e+00
2762 0.000000000000e+00
2763 0.000000000000e+00
2764 0.000000000000e+00
2765 6.273554844617e+00
2766 0.000000000000e+00
2767 0.000000000000e+00
2768 0.000000000000e+00
2769 3.093959042393e+00
2770 0.000000000000e+00
2771 0.000000000000e+00
2772 0.000000000000e+00
2773 0.000000000000e+00
2774 0.000000000000e+00
2775 0.000000000000e+00
2776 0.000000000000e+00
2777 7.760973012756e-02
2778 4.634710289857e+00
2779 7.685669190784e+00
2780 1.539486279412e-01
2781 1.428381847436e+00
2782 7.770683714780e+00
2783 1.800078092981e+01
2784 2.083083891839e+01
2785 9.501022817998e+00
2786 8.831390305820e+00
2787 8.889432239687e+00
2788 0.000000000000e+00
2789 1.070369663395e+01
2790 7.250302444037e+00
2791 1.906572693766e+00
2792 8.671535140734e-01
2793 0.000000000000e+00
2794 0.000000000000e+00
2795 4.999433471744e-01
2796 4.298725890963e+00
2797 8.004098944215e+00
2798 0.000000000000e+00
2799 1.330375466649e+01
2800 1.097633521658e+01
2801 1.327371132506e+01
2802 2.380620555687e+01
2803 0.000000000000e+00
2804 0.000000000000e+00
2805 3.578230848638e+00
2806 2.558388675749e+00
2807 0.000000000000e+00
2808 0.000000000000e+00
2809 0.000000000000e+00
2810 9.652101544995e+00
2811 0.000000000000e+00
2812 0.000000000000e+00
2813 0.000000000000e+00
2814 0.000000000000e+00
2815 0.000000000000e+00
2816 0.000000000000e+00
2817 0.000000000000e+00
2818 0.000000000000e+00
2819 0.000000000000e+00
2820 0.000000000000e+00
2821 0.000000000000e+00
2822 0.000000000000e+00
2823 0.000000000000e+00
2824 0.000000000000e+00
2825 0.000000000000e+00
2826 1.908676190791e+00
2827 1.761648985218e+00
2828 3.711970408619e+00
2829 1.121324985142e+01
2830 1.747720650230e+01
2831 1.301621610666e+01
2832 0.000000000000e+00
2833 9.595674331450e+00
2834 0.000000000000e+00
2835 1.050583974861e+00
2836 4.833836906292e+00
2837 0.000000000000e+00
2838 0.000000000000e+00
2839 0.000000000000e+00
2840 3.013466107658e+00
2841 4.549924856776e+00
2842 1.716483141287e+01
2843 0.000000000000e+00
2844 9.138931978982e+00
2845 0.000000000000e+00
2846 0.000000000000e+00
2847 0.000000000000e+00
2848 0.000000000000e+00
2849 0.000000000000e+00
2850 0.000000000000e+00
2851 0.000000000000e+00
2852 0.000000000000e+00
2853 0.000000000000e+00
2854 0.000000000000e+00
2855 0.000000000000e+00
2856 0.000000000000e+00
2857 0.000000000000e+00
2858 0.000000000000e+00
2859 0.000000000000e+00
2860 0.000000000000e+00
2861 0.000000000000e+00
2862 0.000000000000e+00
2863 0.000000000000e+00
2864 0.000000000000e+00
2865 0.000000000000e+00
2866 0.000000000000e+00
2867 0.000000000000e+00
2868 0.000000000000e+00
2869 0.000000000000e+00
2870 0.000000000000e+00
2871 6.676289768070e+00
2872 1.249863193330e+00
2873 7.974663410847e+00
2874 0.000000000000e+00
2875 0.000000000000e+00
2876 0.000000000000e+00
2877 0.000000000000e+00
2878 0.000000000000e+00
2879 0.000000000000e+00
2880 0.000000000000e+00
2881 0.000000000000e+00
2882 0.000000000000e+00
2883 0.000000000000e+00
2884 0.000000000000e+00
2885 0.000000000000e+00
2886 0.000000000000e+00
2887 0.000000000000e+00
2888 3.765183680909e-01
2889 3.129284739963e+00
2890 1.309267918991e+01
2891 0.000000000000e+00
2892 3.694470772280e+00
2893 0.000000000000e+00
2894 3.443405774909e+00
2895 6.096935770359e+00
2896 0.000000000000e+00
2897 1.171537326894e+01
2898 2.219168509756e+01
2899 0.000000000000e+00
2900 0.000000000000e+00
2901 0.000000000000e+00
2902 0.000000000000e+00
2903 0.000000000000e+00
2904 0.000000000000e+00
2905 0.000000000000e+00
2906 0.000000000000e+00
2907 0.000000000000e+00
2908 0.000000000000e+00
2909 4.060002742707e+00
2910 0.000000000000e+00
2911 0.000000000000e+00
2912 0.000000000000e+00
2913 0.000000000000e+00
2914 0.000000000000e+00
2915 0.000000000000e+00
2916 0.000000000000e+00
2917 0.000000000000e+00
2918 0.000000000000e+00
2919 0.000000000000e+00
2920 0.000000000000e+00
2921 0.000000000000e+00
2922 0.000000000000e+00
2923 0.000000000000e+00
2924 0.000000000000e+00
2925 0.000000000000e+00
2926 0.000000000000e+00
2927 0.000000000000e+00
2928 0.000000000000e+00
2929 0.000000000000e+00
2930 0.000000000000e+00
2931 0.000000000000e+00
2932 0.000000000000e+00
2933 0.000000000000e+00
2934 0.000000000000e+00
2935 0.000000000000e+00
2936 0.000000000000e+00
2937 0.000000000000e+00
2938 1.987367900325e+00
2939 7.311088918331e+00
2940 1.072324926416e+00
2941 0.000000000000e+00
2942 3.202275635951e+00
2943 3.648271902163e+00
2944 6.732902445130e+00
2945 2.684436361463e+01
2946 2.701823738791e+01
2947 0.000000000000e+00
2948 0.000000000000e+00
2949 0.000000000000e+00
2950 0.000000000000e+00
2951 0.000000000000e+00
2952 0.000000000000e+00
2953 0.000000000000e+00
2954 9.272888074392e+00
2955 8.041583656921e+00
2956 0.000000000000e+00
2957 0.000000000000e+00
2958 9.605090683322e+00
2959 2.379793974952e+00
2960 0.000000000000e+00
2961 0.000000000000e+00
2962 0.000000000000e+00
2963 0.000000000000e+00
2964 0.000000000000e+00
2965 1.052178045357e+00
2966 5.761965631250e+00
2967 5.384525634779e-01
2968 1.358400071065e+01
2969 1.207458618744e+01
2970 5.375335183064e+00
2971 4.514006099843e+00
2972 0.000000000000e+00
2973 7.255521260045e+00
2974 0.000000000000e+00
2975 0.000000000000e+00
2976 0.000000000000e+00
2977 0.000000000000e+00
2978 0.000000000000e+00
2979 0.000000000000e+00
2980 0.000000000000e+00
2981 0.000000000000e+00
2982 0.000000000000e+00
2983 0.000000000000e+00
2984 0.000000000000e+00
2985 0.000000000000e+00
2986 0.000000000000e+00
2987 0.000000000000e+00
2988 9.371118130693e+00
2989 0.000000000000e+00
2990 5.885587511049e-01
2991 0.000000000000e+00
2992 1.126311875017e+01
2993 2.794031048678e+01
2994 0.000000000000e+00
2995 3.256004197247e+00
2996 2.472163924780e+00
2997 8.219820474146e+00
2998 6.117836789903e+00
2999 0.000000000000e+00
3000 0.000000000000e+00
3001 0.000000000000e+00
3002 1.053017672592e+01
3003 0.000000000000e+00
3004 0.000000000000e+00
3005 0.000000000000e+00
3006 0.000000000000e+00
3007 1.846784673049e+00
3008 9.395896294637e-01
3009 0.000000000000e+00
3010 1.729008169107e+01
3011 4.487592898883e+00
3012 0.000000000000e+00
3013 8.688199455565e+00
3014 3.236417273895e+00
3015 9.885019840231e+00
3016 1.264237035162e+01
3017 0.000000000000e+00
3018 0.000000000000e+00
3019 2.889520929999e+00
3020 1.655088426697e+01
3021 1.043630302590e+00
3022 1.140166323219e+00
3023 5.177911674030e+00
3024 1.316965967508e+01
3025 1.807831333847e+01
3026 1.085356905204e+01
3027 6.093918954230e+00
3028 4.215828108798e+00
3029 0.000000000000e+00
3030 7.710820409213e+00
3031 4.665583311801e+00
3032 3.858418187581e+00
3033 3.013301861110e+00
3034 5.844024488166e+00
3035 1.639384955162e+01
3036 0.000000000000e+00
3037 8.876567537037e+00
3038 6.529071981766e+00
3039 2.066889310076e+00
3040 0.000000000000e+00
3041 0.000000000000e+00
3042 4.560013381409e+00
3043 0.000000000000e+00
3044 1.728295272434e+01
3045 0.000000000000e+00
3046 7.886045745832e+00
3047 0.000000000000e+00
3048 0.000000000000e+00
3049 0.000000000000e+00
3050 4.166431772453e+00
3051 0.000000000000e+00
3052 0.000000000000e+00
3053 0.000000000000e+00
3054 2.330608048379e+00
3055 3.846579630505e+00
3056 1.760925888962e+01
3057 1.394614431630e+01
3058 0.000000000000e+00
3059 7.514912585469e+00
3060 1.608384234623e+00
3061 1.199720380977e+01
3062 2.578845632800e+00
3063 0.000000000000e+00
3064 0.000000000000e+00
3065 7.163523848845e+00
3066 0.000000000000e+00
3067 0.000000000000e+00
3068 0.000000000000e+00
3069 0.000000000000e+00
3070 0.000000000000e+00
3071 0.000000000000e+00
3072 0.000000000000e+00
3073 0.000000000000e+00
3074 0.000000000000e+00
3075 0.000000000000e+00
3076 0.000000000000e+00
3077 0.000000000000e+00
3078 0.000000000000e+00
3079 0.000000000000e+00
3080 0.000000000000e+00
3081 0.000000000000e+00
3082 0.000000000000e+00
3083 0.000000000000e+00
3084 0.000000000000e+00
3085 0.000000000000e+00
3086 2.184570276517e+01
3087 4.038068841630e+00
3088 5.183628624029e+00
3089 1.000044137550e+01
3090 9.834094443177e-01
3091 0.000000000000e+00
3092 0.000000000000e+00
3093 1.176524205286e+01
3094 0.000000000000e+00
3095 5.168957496379e+00
3096 0.000000000000e+00
3097 0.000000000000e+00
3098 1.635940911466e+01
3099 0.000000000000e+00
3100 0.000000000000e+00
3101 0.000000000000e+00
3102 0.000000000000e+00
3103 0.000000000000e+00
3104 0.000000000000e+00
3105 0.000000000000e+00
3106 1.024146708694e+01
3107 0.000000000000e+00
3108 0.000000000000e+00
3109 0.000000000000e+00
3110 0.000000000000e+00
3111 0.000000000000e+00
3112 0.000000000000e+00
3113 6.615932532549e+00
3114 0.000000000000e+00
3115 0.000000000000e+00
3116 0.000000000000e+00
3117 0.000000000000e+00
3118 0.000000000000e+00
3119 0.000000000000e+00
3120 1.390702713474e+00
3121 4.612689719959e+00
3122 4.903805220961e+00
3123 1.022346136497e+01
3124 0.000000000000e+00
3125 0.000000000000e+00
3126 1.059065833437e+01
3127 0.000000000000e+00
3128 8.921462018615e+00
3129 0.000000000000e+00
3130 9.658890781241e+00
3131 1.163457557043e+01
3132 3.078740443470e+00
3133 5.260631066047e+00
3134 0.000000000000e+00
3135 1.889925832492e+00
3136 1.710415418887e+01
3137 6.145003180460e-01
3138 0.000000000000e+00
3139 3.869621615074e+00
3140 0.000000000000e+00
3141 0.000000000000e+00
3142 0.000000000000e+00
3143 0.000000000000e+00
3144 0.000000000000e+00
3145 1.094525842571e+01
3146 9.018400127590e+00
3147 1.167971490398e+01
3148 0.000000000000e+00
3149 2.177425358619e+00
3150 7.558927879079e+00
3151 8.050830346984e+00
3152 0.000000000000e+00
3153 1.217068941322e-01
3154 5.452944557776e+00
3155 1.299221228348e+01
3156 5.054838870757e+00
3157 7.832910266391e+00
3158 1.132349836773e+01
3159 0.000000000000e+00
3160 8.102051031196e+00
3161 7.947861746454e+00
3162 8.187406957694e+00
3163 0.000000000000e+00
