0 2.463325429040e+01
1 3.509720076239e+00
2 0.000000000000e+00
3 1.612179338045e+01
4 0.000000000000e+00
5 1.523494242710e+00
6 2.128039174560e+00
7 4.519019262789e+00
8 0.000000000000e+00
9 0.000000000000e+00
10 9.505495599122e+00
11 0.000000000000e+00
12 1.353608520360e+01
13 3.008089627809e+00
14 0.000000000000e+00
15 4.131759535621e+00
16 1.087540638331e+01
17 1.145625419869e+00
18 0.000000000000e+00
19 0.000000000000e+00
20 0.000000000000e+00
21 0.000000000000e+00
22 0.000000000000e+00
23 5.558051319944e-01
24 0.000000000000e+00
25 1.867719990089e+00
26 6.642356508571e+00
27 0.000000000000e+00
28 0.000000000000e+00
29 0.000000000000e+00
30 9.983864418778e+00
31 9.694138854927e+00
32 7.178938959152e+00
33 0.000000000000e+00
34 1.301862403959e+01
35 7.051098263797e+00
36 4.030484301734e+00
37 1.846184686137e+00
38 0.000000000000e+00
39 0.000000000000e+00
40 0.000000000000e+00
41 0.000000000000e+00
42 0.000000000000e+00
43 0.000000000000e+00
44 0.000000000000e+00
45 0.000000000000e+00
46 0.000000000000e+00
47 1.459361813121e+01
48 9.627586095271e+00
49 0.000000000000e+00
50 0.000000000000e+00
51 0.000000000000e+00
52 0.000000000000e+00
53 0.000000000000e+00
54 0.000000000000e+00
55 1.049098214305e+00
56 1.313378079146e+01
57 3.376334890630e+00
58 0.000000000000e+00
59 4.954293250303e+00
60 1.086567634267e+01
61 0.000000000000e+00
62 1.002069151170e+01
63 1.401303118951e+01
64 0.000000000000e+00
65 3.537469219032e+00
66 0.000000000000e+00
67 0.000000000000e+00
68 0.000000000000e+00
69 8.074260973631e-01
70 0.000000000000e+00
71 0.000000000000e+00
72 0.000000000000e+00
73 0.000000000000e+00
74 0.000000000000e+00
75 0.000000000000e+00
76 0.000000000000e+00
77 0.000000000000e+00
78 0.000000000000e+00
79 8.146926389954e+00
80 0.000000000000e+00
81 1.293272083050e+01
82 0.000000000000e+00
83 4.775722691966e+00
84 9.897897719376e+00
85 3.341191592909e+00
86 0.000000000000e+00
87 0.000000000000e+00
88 0.000000000000e+00
89 2.058563697544e+00
90 5.616883231875e+00
91 1.271663734436e+01
92 2.097987500351e+01
93 0.000000000000e+00
94 0.000000000000e+00
95 9.058015095932e+00
96 9.843451579585e+00
97 3.836524322325e+00
98 4.881169735387e+00
99 0.000000000000e+00
100 5.316498226440e+00
101 0.000000000000e+00
102 8.468716564023e+00
103 3.245283257609e+00
104 0.000000000000e+00
105 0.000000000000e+00
106 0.000000000000e+00
107 0.000000000000e+00
108 0.000000000000e+00
109 0.000000000000e+00
110 0.000000000000e+00
111 0.000000000000e+00
112 0.000000000000e+00
113 0.000000000000e+00
114 0.000000000000e+00
115 0.000000000000e+00
116 0.000000000000e+00
117 0.000000000000e+00
118 0.000000000000e+00
119 0.000000000000e+00
120 0.000000000000e+00
121 0.000000000000e+00
122 0.000000000000e+00
123 0.000000000000e+00
124 0.000000000000e+00
125 0.000000000000e+00
126 0.000000000000e+00
127 0.000000000000e+00
128 0.000000000000e+00
129 0.000000000000e+00
130 0.000000000000e+00
131 0.000000000000e+00
132 1.438842166691e+00
133 0.000000000000e+00
134 6.893044815435e-01
135 4.279735303481e+00
136 8.020228151987e+00
137 1.890444706258e+01
138 0.000000000000e+00
139 3.250161176873e+00
140 1.181525620475e+01
141 4.593611340343e+00
142 2.054636828697e+00
143 9.721329443551e-01
144 0.000000000000e+00
145 0.000000000000e+00
146 0.000000000000e+00
147 0.000000000000e+00
148 0.000000000000e+00
149 0.000000000000e+00
150 0.000000000000e+00
151 2.834400584261e+00
152 0.000000000000e+00
153 2.106405551517e+01
154 4.093608854956e+00
155 0.000000000000e+00
156 1.167558846553e+01
157 0.000000000000e+00
158 8.485295357904e+00
159 0.000000000000e+00
160 0.000000000000e+00
161 1.757559443106e+00
162 0.000000000000e+00
163 0.000000000000e+00
164 0.000000000000e+00
165 0.000000000000e+00
166 0.000000000000e+00
167 0.000000000000e+00
168 0.000000000000e+00
169 0.000000000000e+00
170 0.000000000000e+00
171 0.000000000000e+00
172 0.000000000000e+00
173 0.000000000000e+00
174 0.000000000000e+00
175 0.000000000000e+00
176 0.000000000000e+00
177 0.000000000000e+00
178 0.000000000000e+00
179 0.000000000000e+00
180 0.000000000000e+00
181 0.000000000000e+00
182 0.000000000000e+00
183 0.000000000000e+00
184 6.090044841702e-01
185 1.027841770372e+01
186 0.000000000000e+00
187 0.000000000000e+00
188 1.298671209058e+00
189 4.700409587123e+00
190 3.154284956047e+00
191 0.000000000000e+00
192 0.000000000000e+00
193 1.116561402477e+01
194 3.462851054781e+00
195 0.000000000000e+00
196 8.615298038180e+00
197 1.965687057801e+01
198 0.000000000000e+00
199 0.000000000000e+00
200 0.000000000000e+00
201 0.000000000000e+00
202 1.615335104815e+01
203 7.061978958344e-01
204 1.811392624676e+01
205 5.179876296428e+00
206 6.951524879134e+00
207 8.998304453971e+00
208 1.164036050785e+01
209 0.000000000000e+00
210 0.000000000000e+00
211 1.005526337866e+00
212 0.000000000000e+00
213 0.000000000000e+00
214 0.000000000000e+00
215 2.987388713263e+00
216 1.013250605213e+01
217 0.000000000000e+00
218 2.280101513040e+00
219 6.193905203866e+00
220 0.000000000000e+00
221 6.182309935591e+00
222 1.961771746138e+00
223 5.026439579017e+00
224 2.187209797833e+01
225 5.547296303930e+00
226 1.334899709025e+01
227 9.776855627578e+00
228 0.000000000000e+00
229 0.000000000000e+00
230 1.017466369233e+01
231 4.721424290668e+00
232 0.000000000000e+00
233 0.000000000000e+00
234 0.000000000000e+00
235 0.000000000000e+00
236 0.000000000000e+00
237 1.156445897210e+01
238 3.326227479369e-01
239 1.864515206237e+00
240 0.000000000000e+00
241 8.867974179539e+00
242 5.118650268395e+00
243 1.514458285086e+01
244 0.000000000000e+00
245 9.935419750926e+00
246 0.000000000000e+00
247 7.287945661873e+00
248 0.000000000000e+00
249 4.728622940026e+00
250 8.739490316542e+00
251 0.000000000000e+00
252 0.000000000000e+00
253 0.000000000000e+00
254 0.000000000000e+00
255 1.524769003270e+00
256 0.000000000000e+00
257 5.155929232058e-01
258 8.273322583346e+00
259 2.797157410957e+01
260 8.116579048760e+00
261 0.000000000000e+00
262 0.000000000000e+00
263 0.000000000000e+00
264 0.000000000000e+00
265 0.000000000000e+00
266 0.000000000000e+00
267 0.000000000000e+00
268 1.051571910776e+01
269 1.067910455179e+01
270 0.000000000000e+00
271 7.792009275295e+00
272 9.293883434520e+00
273 5.314791735297e+00
274 0.000000000000e+00
275 0.000000000000e+00
276 8.700818172142e+00
277 0.000000000000e+00
278 0.000000000000e+00
279 0.000000000000e+00
280 0.000000000000e+00
281 0.000000000000e+00
282 0.000000000000e+00
283 0.000000000000e+00
284 0.000000000000e+00
285 0.000000000000e+00
286 0.000000000000e+00
287 8.515157352630e+00
288 0.000000000000e+00
289 3.392408602545e+00
290 0.000000000000e+00
291 7.475096783509e+00
292 0.000000000000e+00
293 0.000000000000e+00
294 0.000000000000e+00
295 4.779703839299e+00
296 0.000000000000e+00
297 0.000000000000e+00
298 0.000000000000e+00
299 0.000000000000e+00
300 0.000000000000e+00
301 0.000000000000e+00
302 0.000000000000e+00
303 0.000000000000e+00
304 6.449059599709e+00
305 0.000000000000e+00
306 6.789048266334e+00
307 0.000000000000e+00
308 2.802912796450e+00
309 6.666458163519e+00
310 1.186217059817e+00
311 4.491015533958e+00
312 1.949350222473e+01
313 2.111467176430e+01
314 0.000000000000e+00
315 7.525913333442e+00
316 1.040242468531e+01
317 1.079315118634e+01
318 7.119961498998e-01
319 0.000000000000e+00
320 0.000000000000e+00
321 0.000000000000e+00
322 0.000000000000e+00
323 0.000000000000e+00
324 3.014976600756e+00
325 0.000000000000e+00
326 8.279287753338e+00
327 0.000000000000e+00
328 6.703886403942e+00
329 0.000000000000e+00
330 0.000000000000e+00
331 0.000000000000e+00
332 0.000000000000e+00
333 0.000000000000e+00
334 1.636716031616e+00
335 1.329977610358e+01
336 4.812370352343e-01
337 0.000000000000e+00
338 0.000000000000e+00
339 0.000000000000e+00
340 0.000000000000e+00
341 0.000000000000e+00
342 0.000000000000e+00
343 0.000000000000e+00
344 0.000000000000e+00
345 0.000000000000e+00
346 0.000000000000e+00
347 0.000000000000e+00
348 0.000000000000e+00
349 0.000000000000e+00
350 2.228462474558e+00
351 3.156029832529e+00
352 0.000000000000e+00
353 0.000000000000e+00
354 0.000000000000e+00
355 0.000000000000e+00
356 0.000000000000e+00
357 0.000000000000e+00
358 0.000000000000e+00
359 1.743919085553e+00
360 0.000000000000e+00
361 4.482034502297e+00
362 7.437842599152e+00
363 1.113454269349e+01
364 0.000000000000e+00
365 0.000000000000e+00
366 0.000000000000e+00
367 0.000000000000e+00
368 0.000000000000e+00
369 0.000000000000e+00
370 0.000000000000e+00
371 0.000000000000e+00
372 0.000000000000e+00
373 0.000000000000e+00
374 0.000000000000e+00
375 0.000000000000e+00
376 9.174698247034e-01
377 2.840637153045e+00
378 3.762322837436e+00
379 0.000000000000e+00
380 8.506108569346e+00
381 1.232663431549e+01
382 0.000000000000e+00
383 2.172409606842e+00
384 1.744304071807e+00
385 0.000000000000e+00
386 0.000000000000e+00
387 0.000000000000e+00
388 0.000000000000e+00
389 0.000000000000e+00
390 6.446534068494e-01
391 0.000000000000e+00
392 4.680293542798e-02
393 7.978573092780e+00
394 2.861621587987e+01
395 0.000000000000e+00
396 0.000000000000e+00
397 2.657915244436e+00
398 0.000000000000e+00
399 0.000000000000e+00
400 0.000000000000e+00
401 0.000000000000e+00
402 0.000000000000e+00
403 1.174898302866e+01
404 8.165248000186e+00
405 0.000000000000e+00
406 3.334421322668e+00
407 9.088150928241e+00
408 0.000000000000e+00
409 0.000000000000e+00
410 2.552597220136e+00
411 4.390927008703e+00
412 4.507432044040e+00
413 1.649118494273e+01
414 0.000000000000e+00
415 2.753151154348e+00
416 1.246966199704e+01
417 8.941272832421e+00
418 0.000000000000e+00
419 0.000000000000e+00
420 0.000000000000e+00
421 0.000000000000e+00
422 2.647934225393e+00
423 0.000000000000e+00
424 1.945423940422e+00
425 3.968545697278e+00
426 6.645005148304e+00
427 2.115364671296e+01
428 1.117185833698e+01
429 8.173195333418e+00
430 1.938705386917e+00
431 0.000000000000e+00
432 1.042219123338e+01
433 0.000000000000e+00
434 0.000000000000e+00
435 0.000000000000e+00
436 0.000000000000e+00
437 0.000000000000e+00
438 0.000000000000e+00
439 0.000000000000e+00
440 0.000000000000e+00
441 0.000000000000e+00
442 0.000000000000e+00
443 0.000000000000e+00
444 0.000000000000e+00
445 0.000000000000e+00
446 4.900541466461e-01
447 1.192032489128e+01
448 0.000000000000e+00
449 4.261082353009e-01
450 5.571631451698e+00
451 9.784518845892e+00
452 0.000000000000e+00
453 0.000000000000e+00
454 0.000000000000e+00
455 1.139084875785e+01
456 4.499357236232e+00
457 0.000000000000e+00
458 1.918404849582e+01
459 1.795095597320e+01
460 0.000000000000e+00
461 2.420422167743e+00
462 5.694447468189e-01
463 0.000000000000e+00
464 1.865260166913e+01
465 3.137128581395e+00
466 0.000000000000e+00
467 9.493595466379e+00
468 1.179522848331e+01
469 1.136864863448e+01
470 5.571756245807e+00
471 0.000000000000e+00
472 0.000000000000e+00
473 2.988190704254e+00
474 1.003691747709e+01
475 0.000000000000e+00
476 0.000000000000e+00
477 1.099797059931e+00
478 2.234849229783e+00
479 8.409245815340e+00
480 1.300568789335e+01
481 1.107930341391e+01
482 0.000000000000e+00
483 5.600086817051e+00
484 9.729772957350e+00
485 0.000000000000e+00
486 5.105211838533e+00
487 0.000000000000e+00
488 3.268153119225e+00
489 0.000000000000e+00
490 2.903951875731e+00
491 3.504154384005e+00
492 1.195456715732e+00
493 7.772541584766e+00
494 0.000000000000e+00
495 1.033033282818e+01
496 5.524701058295e+00
497 0.000000000000e+00
498 0.000000000000e+00
499 0.000000000000e+00
500 9.244673817581e+00
501 0.000000000000e+00
502 0.000000000000e+00
503 0.000000000000e+00
504 0.000000000000e+00
505 4.274216386300e+00
506 0.000000000000e+00
507 3.542777651057e+00
508 0.000000000000e+00
509 5.450694949337e+00
510 1.834678679955e+00
511 9.412188260366e+00
512 0.000000000000e+00
513 0.000000000000e+00
514 0.000000000000e+00
515 2.785834303116e+00
516 3.124074950539e+00
517 0.000000000000e+00
518 0.000000000000e+00
519 0.000000000000e+00
520 0.000000000000e+00
521 0.000000000000e+00
522 0.000000000000e+00
523 0.000000000000e+00
524 0.000000000000e+00
525 0.000000000000e+00
526 8.005953319884e-01
527 2.914591288558e+00
528 7.012692478749e+00
529 1.154935699670e+01
530 1.070938262940e+01
531 0.000000000000e+00
532 3.382579021773e+00
533 4.432780580999e+00
534 0.000000000000e+00
535 3.699872062333e+00
536 6.752612266839e+00
537 6.695411182789e+00
538 0.000000000000e+00
539 1.680506330109e+00
540 7.544906714242e+00
541 3.702416370834e+00
542 0.000000000000e+00
543 4.012268111038e+00
544 1.099369423590e+01
545 1.359895696018e+01
546 6.164262305168e+00
547 4.872703347412e+00
548 3.393721859489e-01
549 1.541220112931e+00
550 1.374796216880e+01
551 4.344153271355e+00
552 1.597269648564e+01
553 0.000000000000e+00
554 9.313102362250e+00
555 9.279212120189e+00
556 8.514423888494e+00
557 0.000000000000e+00
558 0.000000000000e+00
559 0.000000000000e+00
560 0.000000000000e+00
561 1.485708242713e+01
562 0.000000000000e+00
563 2.725757346784e-01
564 0.000000000000e+00
565 1.055738408451e+01
566 2.767733516155e+01
567 6.845163992015e+00
568 3.515599559827e+00
569 3.226029035710e+00
570 1.168192605676e+01
571 3.021575193254e+00
572 0.000000000000e+00
573 0.000000000000e+00
574 0.000000000000e+00
575 9.049247098500e+00
576 0.000000000000e+00
577 0.000000000000e+00
578 5.111913290870e+00
579 0.000000000000e+00
580 0.000000000000e+00
581 0.000000000000e+00
582 0.000000000000e+00
583 1.359986604542e+01
584 0.000000000000e+00
585 5.103166058900e+00
586 3.238522161321e+00
587 0.000000000000e+00
588 0.000000000000e+00
589 0.000000000000e+00
590 0.000000000000e+00
591 1.189974435943e+00
592 0.000000000000e+00
593 2.334521458359e+00
594 0.000000000000e+00
595 7.454511266618e+00
596 5.547903468825e+00
597 0.000000000000e+00
598 1.079012529447e+01
599 0.000000000000e+00
600 0.000000000000e+00
601 0.000000000000e+00
602 0.000000000000e+00
603 0.000000000000e+00
604 0.000000000000e+00
605 0.000000000000e+00
606 0.000000000000e+00
607 0.000000000000e+00
608 0.000000000000e+00
609 0.000000000000e+00
610 0.000000000000e+00
611 0.000000000000e+00
612 0.000000000000e+00
613 0.000000000000e+00
614 0.000000000000e+00
615 0.000000000000e+00
616 0.000000000000e+00
617 0.000000000000e+00
618 0.000000000000e+00
619 0.000000000000e+00
620 0.000000000000e+00
621 0.000000000000e+00
622 0.000000000000e+00
623 7.345916739572e+00
624 5.011981124085e+00
625 0.000000000000e+00
626 0.000000000000e+00
627 7.318925425666e+00
628 0.000000000000e+00
629 1.068663510943e+01
630 0.000000000000e+00
631 0.000000000000e+00
632 0.000000000000e+00
633 1.600651211049e+01
634 1.542752600618e+00
635 4.431074353849e+00
636 1.792307995237e+01
637 1.916390231512e+01
638 0.000000000000e+00
639 6.534722691056e+00
640 1.222156782080e+01
641 2.097475274701e+00
642 0.000000000000e+00
643 0.000000000000e+00
644 1.336105699116e+00
645 1.287828245349e+01
646 0.000000000000e+00
647 2.753630683612e+00
648 0.000000000000e+00
649 5.862620424886e+00
650 0.000000000000e+00
651 0.000000000000e+00
652 3.049808375487e+00
653 4.873493781149e+00
654 1.117674570092e+01
655 0.000000000000e+00
656 0.000000000000e+00
657 0.000000000000e+00
658 0.000000000000e+00
659 0.000000000000e+00
660 0.000000000000e+00
661 0.000000000000e+00
662 0.000000000000e+00
663 0.000000000000e+00
664 6.661386823558e+00
665 0.000000000000e+00
666 0.000000000000e+00
667 4.353631329958e+00
668 0.000000000000e+00
669 0.000000000000e+00
670 1.917765168810e+00
671 1.274099453665e+01
672 1.810043535121e+00
673 2.310847498220e+00
674 2.596456161835e+00
675 1.228969688327e+01
676 3.258300667720e+00
677 2.729823779181e+00
678 1.012118326592e+01
679 6.183722428728e+00
680 1.202512414811e+01
681 9.555599166503e+00
682 9.480134890473e+00
683 2.442909202617e+00
684 5.703846747465e+00
685 7.626009462677e+00
686 0.000000000000e+00
687 1.025385761993e+01
688 8.779993014640e+00
689 0.000000000000e+00
690 0.000000000000e+00
691 0.000000000000e+00
692 5.218601433271e+00
693 0.000000000000e+00
694 0.000000000000e+00
695 0.000000000000e+00
696 1.267097732492e+01
697 2.289780169487e+01
698 0.000000000000e+00
699 2.657801842267e+00
700 3.873930057213e+00
701 2.136994602337e+00
702 1.417890671008e+00
703 0.000000000000e+00
704 0.000000000000e+00
705 0.000000000000e+00
706 4.305070520407e+00
707 0.000000000000e+00
708 0.000000000000e+00
709 0.000000000000e+00
710 0.000000000000e+00
711 0.000000000000e+00
712 0.000000000000e+00
713 0.000000000000e+00
714 0.000000000000e+00
715 0.000000000000e+00
716 7.453874283421e+00
717 0.000000000000e+00
718 0.000000000000e+00
719 0.000000000000e+00
720 0.000000000000e+00
721 0.000000000000e+00
722 0.000000000000e+00
723 0.000000000000e+00
724 0.000000000000e+00
725 0.000000000000e+00
726 0.000000000000e+00
727 0.000000000000e+00
728 0.000000000000e+00
729 0.000000000000e+00
730 0.000000000000e+00
731 0.000000000000e+00
732 7.797399777769e+00
733 0.000000000000e+00
734 0.000000000000e+00
735 0.000000000000e+00
736 0.000000000000e+00
737 0.000000000000e+00
738 0.000000000000e+00
739 0.000000000000e+00
740 0.000000000000e+00
741 0.000000000000e+00
742 0.000000000000e+00
743 0.000000000000e+00
744 5.260371994158e+00
745 0.000000000000e+00
746 0.000000000000e+00
747 0.000000000000e+00
748 0.000000000000e+00
749 2.398899498609e+00
750 0.000000000000e+00
751 7.016206105660e+00
752 0.000000000000e+00
753 5.869436614554e-01
754 5.725852451205e+00
755 0.000000000000e+00
756 0.000000000000e+00
757 0.000000000000e+00
758 0.000000000000e+00
759 0.000000000000e+00
760 0.000000000000e+00
761 1.657987376020e+01
762 0.000000000000e+00
763 0.000000000000e+00
764 5.653528627347e+00
765 8.611307103488e+00
766 0.000000000000e+00
767 3.374071314898e+00
768 0.000000000000e+00
769 0.000000000000e+00
770 1.451974032238e+01
771 0.000000000000e+00
772 0.000000000000e+00
773 4.737544505829e+00
774 4.199625856802e+00
775 0.000000000000e+00
776 9.283364545796e+00
777 2.778329643772e+00
778 8.639839341511e+00
779 4.479550845682e+00
780 4.775479878358e+00
781 9.836270810056e+00
782 0.000000000000e+00
783 1.124443201824e+01
784 5.797224096877e+00
785 1.278692979229e+01
786 0.000000000000e+00
787 0.000000000000e+00
788 0.000000000000e+00
789 7.444420657751e+00
790 0.000000000000e+00
791 0.000000000000e+00
792 2.610765406224e+00
793 0.000000000000e+00
794 5.089813191387e+00
795 0.000000000000e+00
796 3.194488509115e+00
797 9.673875092425e+00
798 3.970308007951e+00
799 8.041963503689e+00
800 0.000000000000e+00
801 0.000000000000e+00
802 0.000000000000e+00
803 3.035027053665e+00
804 0.000000000000e+00
805 0.000000000000e+00
806 6.557242216010e+00
807 0.000000000000e+00
808 0.000000000000e+00
809 1.507900672252e+01
810 4.452903319497e-01
811 2.015619030940e+01
812 0.000000000000e+00
813 7.978864637129e+00
814 6.800512366480e+00
815 4.512612577887e+00
816 0.000000000000e+00
817 4.851810436596e+00
818 0.000000000000e+00
819 0.000000000000e+00
820 8.671709652171e+00
821 0.000000000000e+00
822 0.000000000000e+00
823 6.571261578791e+00
824 0.000000000000e+00
825 5.738198211771e+00
826 0.000000000000e+00
827 3.425233922680e+00
828 9.340972644293e+00
829 0.000000000000e+00
830 0.000000000000e+00
831 4.675373454617e+00
832 0.000000000000e+00
833 0.000000000000e+00
834 1.785770141292e+01
835 2.096928200903e-01
836 0.000000000000e+00
837 3.503138003227e+00
838 1.103639780908e+01
839 2.939650988318e+00
840 2.191096381357e+01
841 2.431354843550e+01
842 2.208896249571e+00
843 9.170311235684e+00
844 0.000000000000e+00
845 8.547154089735e+00
846 0.000000000000e+00
847 0.000000000000e+00
848 0.000000000000e+00
849 7.829544574566e+00
850 9.039055379057e+00
851 0.000000000000e+00
852 0.000000000000e+00
853 1.201728072642e+01
854 6.162745510666e+00
855 3.584468087371e+00
856 0.000000000000e+00
857 3.220064296487e+00
858 1.414852205567e+01
859 0.000000000000e+00
860 1.223512977070e+00
861 3.645560646631e+00
862 2.051346077950e+01
863 2.271410426636e+01
864 1.071501510331e+01
865 7.199427410512e+00
866 9.050989821133e+00
867 0.000000000000e+00
868 6.377307506304e+00
869 9.670606011091e+00
870 2.387755809700e+00
871 4.105601310635e+00
872 0.000000000000e+00
873 1.768158076946e+01
874 0.000000000000e+00
875 5.192307131713e+00
876 7.818244378435e+00
877 0.000000000000e+00
878 0.000000000000e+00
879 0.000000000000e+00
880 1.913457272549e+01
881 0.000000000000e+00
882 1.490416767209e-01
883 0.000000000000e+00
884 1.064239664394e+01
885 1.911301444603e+01
886 7.809247711706e+00
887 4.020737780764e+00
888 0.000000000000e+00
889 1.126209893614e+01
890 1.319171776206e+00
891 0.000000000000e+00
892 0.000000000000e+00
893 0.000000000000e+00
894 5.612322024400e+00
895 7.806979179601e+00
896 0.000000000000e+00
897 5.407338334221e+00
898 6.632749725095e+00
899 0.000000000000e+00
900 0.000000000000e+00
901 3.050018929448e+00
902 5.898580339856e+00
903 0.000000000000e+00
904 0.000000000000e+00
905 0.000000000000e+00
906 0.000000000000e+00
907 0.000000000000e+00
908 0.000000000000e+00
909 0.000000000000e+00
910 0.000000000000e+00
911 0.000000000000e+00
912 0.000000000000e+00
913 0.000000000000e+00
914 0.000000000000e+00
915 0.000000000000e+00
916 0.000000000000e+00
917 0.000000000000e+00
918 2.263813489255e+00
919 0.000000000000e+00
920 0.000000000000e+00
921 0.000000000000e+00
922 0.000000000000e+00
923 1.457374709396e+00
924 0.000000000000e+00
925 4.731540596873e+00
926 7.973791401934e+00
927 3.941042671796e+00
928 0.000000000000e+00
929 1.064023247683e+01
930 1.330149832516e+01
931 0.000000000000e+00
932 8.425317761377e+00
933 2.918407225965e+00
934 3.156753217034e+00
935 1.610682371393e+01
936 0.000000000000e+00
937 6.079184544155e+00
938 1.082942273247e+01
939 7.149690743635e+00
940 9.014798646914e-01
941 2.691321653645e+00
942 4.989098683734e+00
943 0.000000000000e+00
944 4.282512860939e-01
945 0.000000000000e+00
946 1.380413905697e+01
947 2.809486837254e+01
948 7.180390404859e+00
949 3.536067636085e+00
950 2.817109859071e+00
951 2.396267391013e+00
952 1.213620673001e+01
953 0.000000000000e+00
954 0.000000000000e+00
955 0.000000000000e+00
956 7.828929795248e+00
957 8.154544218036e+00
958 0.000000000000e+00
959 0.000000000000e+00
960 4.801911640196e+00
961 7.902535035444e+00
962 0.000000000000e+00
963 2.004850848483e+00
964 1.365445012016e+01
965 4.571854290226e+00
966 2.237872518041e+01
967 0.000000000000e+00
968 8.512570484257e+00
969 9.777283315106e+00
970 8.370979503847e+00
971 0.000000000000e+00
972 1.164508544312e+01
973 5.470643584353e+00
974 5.694246363496e+00
975 1.388571957634e+01
976 0.000000000000e+00
977 9.595665220686e+00
978 7.644057474560e+00
979 1.889748574979e+00
980 3.422627435247e-01
981 0.000000000000e+00
982 1.517673874043e+01
983 0.000000000000e+00
984 0.000000000000e+00
985 0.000000000000e+00
986 0.000000000000e+00
987 0.000000000000e+00
988 5.466662089487e+00
989 1.301388656247e+01
990 0.000000000000e+00
991 3.499705838214e+00
992 0.000000000000e+00
993 0.000000000000e+00
994 0.000000000000e+00
995 0.000000000000e+00
996 0.000000000000e+00
997 0.000000000000e+00
998 0.000000000000e+00
999 0.000000000000e+00
1000 0.000000000000e+00
1001 0.000000000000e+00
1002 7.392241109380e+00
1003 0.000000000000e+00
1004 0.000000000000e+00
1005 0.000000000000e+00
1006 4.394226177098e+00
1007 7.341898518412e-01
1008 1.565123439095e+01
1009 4.172653611565e+00
1010 5.561815784136e+00
1011 8.302318948900e+00
1012 1.118443512198e+01
1013 0.000000000000e+00
1014 7.887480918537e+00
1015 1.034448687898e+01
1016 0.000000000000e+00
1017 5.305523763341e+00
1018 0.000000000000e+00
1019 0.000000000000e+00
1020 0.000000000000e+00
1021 0.000000000000e+00
1022 0.000000000000e+00
1023 0.000000000000e+00
1024 0.000000000000e+00
1025 0.000000000000e+00
1026 0.000000000000e+00
1027 0.000000000000e+00
1028 0.000000000000e+00
1029 0.000000000000e+00
1030 0.000000000000e+00
1031 0.000000000000e+00
1032 0.000000000000e+00
1033 0.000000000000e+00
1034 0.000000000000e+00
1035 0.000000000000e+00
1036 0.000000000000e+00
1037 1.190306449445e+01
1038 0.000000000000e+00
1039 0.000000000000e+00
1040 0.000000000000e+00
1041 0.000000000000e+00
1042 0.000000000000e+00
1043 0.000000000000e+00
1044 0.000000000000e+00
1045 0.000000000000e+00
1046 0.000000000000e+00
1047 2.688082654120e+00
1048 1.197663940910e+01
1049 3.357147406178e+00
1050 9.762542472672e+00
1051 2.659458909428e+01
1052 5.662544348300e+00
1053 0.000000000000e+00
1054 0.000000000000e+00
1055 0.000000000000e+00
1056 0.000000000000e+00
1057 0.000000000000e+00
1058 0.000000000000e+00
1059 3.495126580993e+00
1060 7.471220224839e+00
1061 0.000000000000e+00
1062 0.000000000000e+00
1063 0.000000000000e+00
1064 0.000000000000e+00
1065 0.000000000000e+00
1066 0.000000000000e+00
1067 0.000000000000e+00
1068 0.000000000000e+00
1069 0.000000000000e+00
1070 0.000000000000e+00
1071 6.704351436589e+00
1072 2.654182544130e+00
1073 1.327733200524e+01
1074 0.000000000000e+00
1075 0.000000000000e+00
1076 6.921107501778e+00
1077 0.000000000000e+00
1078 0.000000000000e+00
1079 0.000000000000e+00
1080 0.000000000000e+00
1081 0.000000000000e+00
1082 0.000000000000e+00
1083 0.000000000000e+00
1084 0.000000000000e+00
1085 0.000000000000e+00
1086 0.000000000000e+00
1087 0.000000000000e+00
1088 0.000000000000e+00
1089 0.000000000000e+00
1090 0.000000000000e+00
1091 0.000000000000e+00
1092 0.000000000000e+00
1093 0.000000000000e+00
1094 0.000000000000e+00
1095 0.000000000000e+00
1096 4.462774399202e+00
1097 0.000000000000e+00
1098 0.000000000000e+00
1099 0.000000000000e+00
1100 0.000000000000e+00
1101 0.000000000000e+00
1102 0.000000000000e+00
1103 0.000000000000e+00
1104 0.000000000000e+00
1105 0.000000000000e+00
1106 0.000000000000e+00
1107 0.000000000000e+00
1108 0.000000000000e+00
1109 0.000000000000e+00
1110 0.000000000000e+00
1111 0.000000000000e+00
1112 0.000000000000e+00
1113 0.000000000000e+00
1114 0.000000000000e+00
1115 0.000000000000e+00
1116 0.000000000000e+00
1117 0.000000000000e+00
1118 0.000000000000e+00
1119 0.000000000000e+00
1120 0.000000000000e+00
1121 0.000000000000e+00
1122 0.000000000000e+00
1123 0.000000000000e+00
1124 1.115243241470e+01
1125 0.000000000000e+00
1126 2.613305842930e+00
1127 7.033584557974e+00
1128 0.000000000000e+00
1129 1.176602241090e+01
1130 1.082546503782e+00
1131 1.573252751096e+01
1132 1.259092015226e+01
1133 0.000000000000e+00
1134 0.000000000000e+00
1135 0.000000000000e+00
1136 0.000000000000e+00
1137 0.000000000000e+00
1138 7.981375519283e+00
1139 0.000000000000e+00
1140 0.000000000000e+00
1141 2.513540055606e+00
1142 0.000000000000e+00
1143 0.000000000000e+00
1144 0.000000000000e+00
1145 0.000000000000e+00
1146 0.000000000000e+00
1147 3.919743511069e+00
1148 0.000000000000e+00
1149 0.000000000000e+00
1150 0.000000000000e+00
1151 2.309117798549e+00
1152 4.377402875649e+00
1153 0.000000000000e+00
1154 0.000000000000e+00
1155 0.000000000000e+00
1156 3.061571206515e+00
1157 0.000000000000e+00
1158 0.000000000000e+00
1159 1.286124147546e+01
1160 1.404490758634e+00
1161 1.497609694620e+01
1162 3.834730979834e+00
1163 8.108656070232e+00
1164 9.368584119436e+00
1165 1.155826047989e+01
1166 0.000000000000e+00
1167 1.122350885023e+01
1168 8.661926138846e+00
1169 0.000000000000e+00
1170 0.000000000000e+00
1171 0.000000000000e+00
1172 0.000000000000e+00
1173 1.474981144854e+01
1174 2.545826697296e+00
1175 1.868838082893e+01
1176 0.000000000000e+00
1177 0.000000000000e+00
1178 5.725059634025e+00
1179 5.988791930624e+00
1180 0.000000000000e+00
1181 7.007603150681e+00
1182 3.743046472505e+00
1183 0.000000000000e+00
1184 0.000000000000e+00
1185 0.000000000000e+00
1186 7.472717514175e+00
1187 8.234413563171e+00
1188 4.252928676878e+00
1189 0.000000000000e+00
1190 0.000000000000e+00
1191 1.216121199928e+01
1192 7.562467428266e-01
1193 2.940422798413e+00
1194 4.370046780263e+00
1195 7.268372612778e+00
1196 5.289855557873e+00
1197 1.001325769333e+01
1198 6.293929525070e+00
1199 1.174993015374e+01
1200 3.341523838125e+00
1201 0.000000000000e+00
1202 1.246264142831e+01
1203 0.000000000000e+00
1204 9.985730278060e+00
1205 6.270903362773e+00
1206 9.608754137923e+00
1207 9.974133802544e+00
1208 5.165553524249e+00
1209 0.000000000000e+00
1210 0.000000000000e+00
1211 1.687518231377e+01
1212 0.000000000000e+00
1213 0.000000000000e+00
1214 0.000000000000e+00
1215 0.000000000000e+00
1216 0.000000000000e+00
1217 2.193194103414e+01
1218 1.302894001983e+01
1219 6.863972470671e+00
1220 0.000000000000e+00
1221 0.000000000000e+00
1222 0.000000000000e+00
1223 0.000000000000e+00
1224 0.000000000000e+00
1225 0.000000000000e+00
1226 4.833245505856e+00
1227 0.000000000000e+00
1228 0.000000000000e+00
1229 0.000000000000e+00
1230 0.000000000000e+00
1231 9.580529536430e+00
1232 0.000000000000e+00
1233 0.000000000000e+00
1234 3.322183904227e+00
1235 7.174675930245e+00
1236 1.320521277535e+00
1237 0.000000000000e+00
1238 8.513429033248e+00
1239 0.000000000000e+00
1240 1.254869936862e+01
1241 9.605492206533e+00
1242 0.000000000000e+00
1243 7.866166045029e+00
1244 0.000000000000e+00
1245 0.000000000000e+00
1246 3.219512264014e+00
1247 0.000000000000e+00
1248 0.000000000000e+00
1249 0.000000000000e+00
1250 3.299141410439e+00
1251 1.503517548675e+01
1252 0.000000000000e+00
1253 1.857026005156e+00
1254 1.034915702846e+01
1255 0.000000000000e+00
1256 0.000000000000e+00
1257 0.000000000000e+00
1258 0.000000000000e+00
1259 0.000000000000e+00
1260 0.000000000000e+00
1261 0.000000000000e+00
1262 1.146359126152e+00
1263 6.186918953625e+00
1264 1.450836199120e+01
1265 0.000000000000e+00
1266 0.000000000000e+00
1267 0.000000000000e+00
1268 0.000000000000e+00
1269 0.000000000000e+00
1270 0.000000000000e+00
1271 0.000000000000e+00
1272 0.000000000000e+00
1273 0.000000000000e+00
1274 0.000000000000e+00
1275 0.000000000000e+00
1276 0.000000000000e+00
1277 0.000000000000e+00
1278 0.000000000000e+00
1279 1.059631355755e+01
1280 0.000000000000e+00
1281 0.000000000000e+00
1282 0.000000000000e+00
1283 0.000000000000e+00
1284 0.000000000000e+00
1285 0.000000000000e+00
1286 0.000000000000e+00
1287 0.000000000000e+00
1288 0.000000000000e+00
1289 0.000000000000e+00
1290 0.000000000000e+00
1291 0.000000000000e+00
1292 0.000000000000e+00
1293 0.000000000000e+00
1294 0.000000000000e+00
1295 0.000000000000e+00
1296 0.000000000000e+00
1297 0.000000000000e+00
1298 0.000000000000e+00
1299 0.000000000000e+00
1300 0.000000000000e+00
1301 0.000000000000e+00
1302 0.000000000000e+00
1303 0.000000000000e+00
1304 0.000000000000e+00
1305 0.000000000000e+00
1306 0.000000000000e+00
1307 0.000000000000e+00
1308 0.000000000000e+00
1309 0.000000000000e+00
1310 0.000000000000e+00
1311 0.000000000000e+00
1312 0.000000000000e+00
1313 0.000000000000e+00
1314 0.000000000000e+00
1315 0.000000000000e+00
1316 0.000000000000e+00
1317 0.000000000000e+00
1318 0.000000000000e+00
1319 0.000000000000e+00
1320 0.000000000000e+00
1321 0.000000000000e+00
1322 0.000000000000e+00
1323 0.000000000000e+00
1324 0.000000000000e+00
1325 0.000000000000e+00
1326 0.000000000000e+00
1327 0.000000000000e+00
1328 0.000000000000e+00
1329 0.000000000000e+00
1330 0.000000000000e+00
1331 0.000000000000e+00
1332 0.000000000000e+00
1333 0.000000000000e+00
1334 3.626164286482e+00
1335 0.000000000000e+00
1336 0.000000000000e+00
1337 0.000000000000e+00
1338 2.802422241922e+00
1339 0.000000000000e+00
1340 0.000000000000e+00
1341 0.000000000000e+00
1342 6.516284691541e+00
1343 0.000000000000e+00
1344 0.000000000000e+00
1345 1.004216262536e+01
1346 0.000000000000e+00
1347 4.028529248461e+00
1348 0.000000000000e+00
1349 0.000000000000e+00
1350 0.000000000000e+00
1351 0.000000000000e+00
1352 0.000000000000e+00
1353 0.000000000000e+00
1354 4.391449199149e+00
1355 0.000000000000e+00
1356 0.000000000000e+00
1357 0.000000000000e+00
1358 0.000000000000e+00
1359 0.000000000000e+00
1360 0.000000000000e+00
1361 0.000000000000e+00
1362 0.000000000000e+00
1363 1.328968381701e+00
1364 7.884156672411e-01
1365 1.748900856782e+00
1366 1.212420927704e+01
1367 6.040798108802e+00
1368 6.390068352533e+00
1369 0.000000000000e+00
1370 8.811775501915e+00
1371 4.042300121854e+00
1372 9.122711471297e+00
1373 0.000000000000e+00
1374 0.000000000000e+00
1375 0.000000000000e+00
1376 0.000000000000e+00
1377 1.305023410818e+01
1378 1.564185883094e+00
1379 1.591068621676e+00
1380 0.000000000000e+00
1381 1.483230018969e+01
1382 0.000000000000e+00
1383 6.059291464986e+00
1384 1.215286968684e+01
1385 1.028827946563e+01
1386 0.000000000000e+00
1387 0.000000000000e+00
1388 0.000000000000e+00
1389 1.227239965465e+01
1390 2.472741723850e+00
1391 0.000000000000e+00
1392 5.004540439122e-01
1393 0.000000000000e+00
1394 8.791610156870e+00
1395 0.000000000000e+00
1396 0.000000000000e+00
1397 2.833976774722e+00
1398 0.000000000000e+00
1399 5.105953270293e+00
1400 7.684671007722e+00
1401 0.000000000000e+00
1402 0.000000000000e+00
1403 0.000000000000e+00
1404 0.000000000000e+00
1405 9.812969391638e+00
1406 1.099395771298e+01
1407 0.000000000000e+00
1408 7.263576526673e-01
1409 7.699385230165e+00
1410 0.000000000000e+00
1411 0.000000000000e+00
1412 0.000000000000e+00
1413 0.000000000000e+00
1414 0.000000000000e+00
1415 0.000000000000e+00
1416 1.413821053244e-01
1417 3.205532051443e+00
1418 9.873183716458e+00
1419 1.208631775462e+01
1420 4.360366369023e+00
1421 0.000000000000e+00
1422 4.478071076222e+00
1423 4.307219293245e+00
1424 0.000000000000e+00
1425 0.000000000000e+00
1426 0.000000000000e+00
1427 0.000000000000e+00
1428 0.000000000000e+00
1429 0.000000000000e+00
1430 0.000000000000e+00
1431 0.000000000000e+00
1432 0.000000000000e+00
1433 0.000000000000e+00
1434 0.000000000000e+00
1435 0.000000000000e+00
1436 0.000000000000e+00
1437 0.000000000000e+00
1438 0.000000000000e+00
1439 0.000000000000e+00
1440 0.000000000000e+00
1441 0.000000000000e+00
1442 0.000000000000e+00
1443 0.000000000000e+00
1444 0.000000000000e+00
1445 0.000000000000e+00
1446 0.000000000000e+00
1447 0.000000000000e+00
1448 0.000000000000e+00
1449 0.000000000000e+00
1450 0.000000000000e+00
1451 0.000000000000e+00
1452 0.000000000000e+00
1453 0.000000000000e+00
1454 0.000000000000e+00
1455 0.000000000000e+00
1456 0.000000000000e+00
1457 0.000000000000e+00
1458 0.000000000000e+00
1459 1.260951918521e+01
1460 0.000000000000e+00
1461 0.000000000000e+00
1462 1.468525643259e+01
1463 0.000000000000e+00
1464 0.000000000000e+00
1465 0.000000000000e+00
1466 0.000000000000e+00
1467 0.000000000000e+00
1468 0.000000000000e+00
1469 0.000000000000e+00
1470 0.000000000000e+00
1471 0.000000000000e+00
1472 0.000000000000e+00
1473 0.000000000000e+00
1474 0.000000000000e+00
1475 0.000000000000e+00
1476 5.973441241174e+00
1477 2.877897051028e+01
1478 0.000000000000e+00
1479 0.000000000000e+00
1480 4.008968655937e+00
1481 0.000000000000e+00
1482 4.962005757700e+00
1483 0.000000000000e+00
1484 0.000000000000e+00
1485 0.000000000000e+00
1486 0.000000000000e+00
1487 0.000000000000e+00
1488 0.000000000000e+00
1489 0.000000000000e+00
1490 0.000000000000e+00
1491 0.000000000000e+00
1492 0.000000000000e+00
1493 0.000000000000e+00
1494 0.000000000000e+00
1495 0.000000000000e+00
1496 0.000000000000e+00
1497 0.000000000000e+00
1498 7.271032192165e+00
1499 0.000000000000e+00
1500 0.000000000000e+00
1501 0.000000000000e+00
1502 0.000000000000e+00
1503 0.000000000000e+00
1504 0.000000000000e+00
1505 5.875902600518e+00
1506 0.000000000000e+00
1507 0.000000000000e+00
1508 1.083250749195e+01
1509 8.793526327711e-01
1510 2.150164528355e+01
1511 1.722391954423e+00
1512 0.000000000000e+00
1513 7.804329092299e+00
1514 0.000000000000e+00
1515 0.000000000000e+00
1516 7.306147247672e+00
1517 1.031778300557e+01
1518 0.000000000000e+00
1519 0.000000000000e+00
1520 0.000000000000e+00
1521 2.638342518451e+00
1522 0.000000000000e+00
1523 1.454747461103e+00
1524 0.000000000000e+00
1525 0.000000000000e+00
1526 1.247207458113e+01
1527 0.000000000000e+00
1528 6.799659147111e+00
1529 1.092168419154e+01
1530 5.990021338473e+00
1531 0.000000000000e+00
1532 0.000000000000e+00
1533 0.000000000000e+00
1534 8.525107304809e+00
1535 7.300417573163e-01
1536 2.271465783127e+00
1537 0.000000000000e+00
1538 0.000000000000e+00
1539 6.463992617084e+00
1540 7.779347004746e+00
1541 3.035580083715e+00
1542 0.000000000000e+00
1543 8.418309668630e+00
1544 1.355223589353e+01
1545 1.331401703141e+01
1546 1.214518591381e+01
1547 0.000000000000e+00
1548 0.000000000000e+00
1549 0.000000000000e+00
1550 2.120236127474e+00
1551 6.169884896409e+00
1552 1.416965549422e+00
1553 2.694551704369e+00
1554 4.491983057910e+00
1555 0.000000000000e+00
1556 4.759062977119e+00
1557 0.000000000000e+00
1558 3.460762068888e+00
1559 9.374981864021e+00
1560 0.000000000000e+00
1561 6.551103697936e+00
1562 0.000000000000e+00
1563 0.000000000000e+00
1564 0.000000000000e+00
1565 4.904829270100e+00
1566 5.671375914524e+00
1567 7.270523171400e+00
1568 0.000000000000e+00
1569 0.000000000000e+00
1570 0.000000000000e+00
1571 0.000000000000e+00
1572 8.814642235894e+00
1573 4.475068375910e-01
1574 1.779500535636e+00
1575 5.209805165465e+00
1576 1.220148419286e+01
1577 6.079011110237e+00
1578 1.539923994238e+00
1579 0.000000000000e+00
1580 9.875282422500e+00
1581 1.860938069606e+00
1582 0.000000000000e+00
1583 1.933754958195e+01
1584 1.952403637244e+01
1585 0.000000000000e+00
1586 0.000000000000e+00
1587 0.000000000000e+00
1588 1.318916601845e+00
1589 3.910796404728e+00
1590 1.169563749972e+00
1591 1.533030686926e+01
1592 4.982435899085e+00
1593 5.067843639892e+00
1594 1.200117101198e+01
1595 7.088342618311e+00
1596 0.000000000000e+00
1597 9.394446056520e+00
1598 7.768343129516e+00
1599 0.000000000000e+00
1600 4.667363799759e+00
1601 0.000000000000e+00
1602 0.000000000000e+00
1603 1.818427429087e+01
1604 0.000000000000e+00
1605 0.000000000000e+00
1606 0.000000000000e+00
1607 0.000000000000e+00
1608 0.000000000000e+00
1609 0.000000000000e+00
1610 0.000000000000e+00
1611 1.557115655166e+00
1612 0.000000000000e+00
1613 0.000000000000e+00
1614 2.449689963285e+00
1615 0.000000000000e+00
1616 4.413125132941e+00
1617 0.000000000000e+00
1618 0.000000000000e+00
1619 9.304980202286e+00
1620 0.000000000000e+00
1621 0.000000000000e+00
1622 0.000000000000e+00
1623 0.000000000000e+00
1624 0.000000000000e+00
1625 2.263602974922e+01
1626 3.229436165921e+00
1627 5.871546004165e+00
1628 1.158217473569e+00
1629 1.018835173527e+01
1630 0.000000000000e+00
1631 0.000000000000e+00
1632 1.194394703952e+01
1633 0.000000000000e+00
1634 5.407919284450e+00
1635 0.000000000000e+00
1636 0.000000000000e+00
1637 1.187334540557e+01
1638 2.268232379762e-01
1639 0.000000000000e+00
1640 1.661465177834e+00
1641 1.222551843749e+01
1642 1.187542721059e+01
1643 0.000000000000e+00
1644 3.083696498480e+00
1645 2.431192196088e+00
1646 5.976182269998e+00
1647 0.000000000000e+00
1648 0.000000000000e+00
1649 0.000000000000e+00
1650 0.000000000000e+00
1651 1.015063676294e+01
1652 5.938494196142e+00
1653 0.000000000000e+00
1654 9.521702691098e+00
1655 3.499236966612e+00
1656 0.000000000000e+00
1657 0.000000000000e+00
1658 4.142828927660e+00
1659 9.331349089530e+00
1660 0.000000000000e+00
1661 0.000000000000e+00
1662 1.013666160389e+00
1663 0.000000000000e+00
1664 5.030463956543e+00
1665 5.862911945708e+00
1666 9.579579277605e+00
1667 4.876777656139e+00
1668 0.000000000000e+00
1669 0.000000000000e+00
1670 0.000000000000e+00
1671 0.000000000000e+00
1672 0.000000000000e+00
1673 0.000000000000e+00
1674 3.167632882735e+00
1675 0.000000000000e+00
1676 1.223006393851e+00
1677 2.347189041756e+00
1678 0.000000000000e+00
1679 0.000000000000e+00
1680 0.000000000000e+00
1681 3.773177934719e+00
1682 4.566439413341e+00
1683 3.696117589728e+00
1684 8.704085031461e+00
1685 7.277936065673e+00
1686 2.014774886718e+01
1687 5.930087648355e+00
1688 0.000000000000e+00
1689 0.000000000000e+00
1690 0.000000000000e+00
1691 0.000000000000e+00
1692 0.000000000000e+00
1693 0.000000000000e+00
1694 4.532898503298e+00
1695 3.525969783038e+00
1696 0.000000000000e+00
1697 0.000000000000e+00
1698 3.302103955662e+00
1699 0.000000000000e+00
