16.264000 53.631000 26.850000 1.824000
16.716000 52.843000 25.669000 1.908000
15.650000 51.875000 25.166000 1.908000
15.025000 51.158000 25.949000 1.661200
17.996000 52.032000 25.993000 1.908000
18.213000 50.936000 24.959000 1.908000
19.192000 52.955000 26.011000 1.908000
20.034000 52.417000 25.951000 1.487000
16.566000 53.170000 27.681000 0.600000
16.663000 54.544000 26.802000 0.600000
17.852000 51.584000 26.869000 1.487000
18.297000 51.346000 24.051000 1.487000
19.050000 50.434000 25.176000 1.487000
17.435000 50.308000 24.970000 1.487000
15.268000 53.693000 26.836000 0.600000
19.145000 53.583000 25.233000 1.487000
19.198000 53.483000 26.861000 1.487000
16.921000 53.501000 24.930000 1.100000
15.448000 51.875000 23.852000 1.824000
14.503000 50.974000 23.204000 1.908000
15.342000 50.225000 22.187000 1.908000
15.787000 50.811000 21.197000 1.661200
13.398000 51.733000 22.455000 1.908000
12.561000 52.545000 23.447000 1.908000
12.536000 50.744000 21.681000 1.908000
11.522000 53.419000 22.798000 1.908000
14.232000 50.320000 23.885000 1.387000
11.839000 51.249000 21.176000 1.487000
13.116000 50.236000 21.048000 1.487000
13.831000 52.368000 21.827000 1.487000
12.111000 51.907000 24.072000 1.487000
13.184000 53.121000 23.979000 1.487000
10.887000 52.852000 22.272000 1.487000
16.022000 52.573000 23.327000 0.600000
11.016000 53.918000 23.502000 1.487000
12.104000 50.117000 22.327000 1.487000
11.968000 54.072000 22.186000 1.487000
15.561000 48.936000 22.421000 1.824000
16.397000 48.154000 21.518000 1.908000
15.946000 46.710000 21.333000 1.908000
16.771000 45.830000 21.102000 1.661200
17.848000 48.185000 22.015000 1.908000
18.081000 47.271000 23.205000 1.908000
16.344000 48.599000 20.602000 1.387000
15.106000 48.554000 23.262000 0.600000
18.067000 49.119000 22.283000 1.487000
18.441000 47.894000 21.269000 1.487000
17.195000 47.059000 24.029000 1.661200
19.286000 46.730000 23.301000 1.824000
19.502000 46.113000 24.060000 0.600000
19.986000 46.936000 22.615000 0.600000
14.641000 46.473000 21.442000 1.824000
14.072000 45.138000 21.255000 1.908000
13.301000 45.154000 19.937000 1.908000
12.896000 46.213000 19.475000 1.661200
13.114000 44.761000 22.404000 1.908000
12.137000 45.793000 22.578000 1.721000
13.885000 44.582000 23.695000 1.908000
14.814000 44.484000 21.178000 1.387000
14.868000 44.517000 23.502000 1.487000
13.724000 45.365000 24.303000 1.487000
14.065000 47.310000 21.669000 0.600000
12.627000 43.899000 22.155000 1.387000
13.588000 43.742000 24.159000 1.487000
12.530000 46.564000 23.090000 0.600000
13.094000 43.990000 19.329000 1.824000
12.390000 43.940000 18.050000 1.908000
11.043000 44.662000 18.014000 1.908000
10.815000 45.510000 17.150000 1.661200
12.214000 42.490000 17.595000 1.908000
13.488000 41.845000 17.115000 1.908000
14.129000 42.309000 15.966000 1.908000
14.035000 40.761000 17.792000 1.908000
15.292000 41.700000 15.495000 1.908000
15.202000 40.143000 17.329000 1.908000
15.829000 40.615000 16.176000 1.908000
16.660000 40.176000 15.841000 1.459000
12.989000 44.409000 17.366000 1.387000
15.733000 42.052000 14.663000 1.459000
15.583000 39.356000 17.834000 1.459000
13.458000 43.162000 19.819000 0.600000
13.594000 40.417000 18.619000 1.459000
13.754000 43.088000 15.472000 1.459000
11.569000 42.483000 16.847000 1.487000
11.880000 41.969000 18.365000 1.487000
10.146000 44.343000 18.938000 1.824000
8.846000 44.995000 18.926000 1.908000
8.888000 46.471000 19.267000 1.908000
8.197000 47.274000 18.639000 1.661200
7.878000 44.270000 19.854000 1.908000
7.420000 42.952000 19.269000 1.908000
6.915000 42.967000 18.125000 1.661200
7.575000 41.914000 19.937000 1.661200
10.436000 43.637000 19.620000 0.600000
8.483000 44.918000 17.975000 1.387000
7.088000 44.851000 19.992000 1.487000
8.344000 44.095000 20.710000 1.487000
9.691000 46.823000 20.263000 1.824000
9.804000 48.214000 20.656000 1.908000
10.299000 49.087000 19.518000 1.908000
9.735000 50.148000 19.252000 1.661200
10.204000 46.050000 20.712000 0.600000
8.901000 48.552000 20.967000 1.387000
10.442000 48.293000 21.438000 1.387000
11.353000 48.643000 18.840000 1.824000
11.910000 49.413000 17.733000 1.908000
10.987000 49.386000 16.510000 1.908000
10.835000 50.389000 15.827000 1.661200
13.315000 48.887000 17.357000 1.908000
13.875000 49.653000 16.156000 1.908000
14.245000 49.043000 18.557000 1.908000
11.999000 50.373000 18.029000 1.387000
13.247000 50.390000 15.913000 1.487000
14.785000 49.877000 18.447000 1.487000
13.217000 47.939000 17.075000 1.487000
14.765000 50.036000 16.395000 1.487000
13.975000 49.028000 15.384000 1.487000
11.730000 47.735000 19.156000 0.600000
13.698000 49.102000 19.391000 1.487000
14.852000 48.251000 18.606000 1.487000
10.366000 48.244000 16.241000 1.824000
9.452000 48.133000 15.103000 1.908000
8.270000 49.086000 15.287000 1.908000
7.872000 49.781000 14.352000 1.661200
8.938000 46.702000 14.975000 1.908000
10.576000 47.463000 16.884000 0.600000
9.943000 48.390000 14.267000 1.387000
9.710000 46.083000 14.836000 1.487000
8.452000 46.447000 15.810000 1.487000
8.316000 46.641000 14.195000 1.487000
7.704000 49.104000 16.493000 1.824000
6.567000 49.971000 16.782000 1.908000
6.980000 51.430000 16.686000 1.908000
6.235000 52.266000 16.183000 1.661200
6.014000 49.715000 18.187000 1.908000
5.227000 48.416000 18.286000 1.908000
4.922000 47.819000 17.232000 1.661200
4.913000 48.001000 19.425000 1.661200
8.131000 48.466000 17.186000 0.600000
5.880000 49.809000 16.067000 1.387000
5.414000 50.469000 18.424000 1.487000
6.782000 49.670000 18.816000 1.487000
8.172000 51.729000 17.185000 1.824000
8.677000 53.092000 17.163000 1.908000
8.858000 53.558000 15.715000 1.908000
8.458000 54.668000 15.349000 1.661200
10.001000 53.153000 17.928000 1.908000
10.423000 54.554000 18.316000 1.908000
11.128000 55.369000 17.427000 1.908000
10.112000 55.065000 19.576000 1.908000
11.517000 56.668000 17.792000 1.908000
10.495000 56.356000 19.949000 1.908000
11.197000 57.149000 19.054000 1.908000
11.582000 58.417000 19.436000 1.721000
8.001000 53.692000 17.597000 1.387000
12.019000 57.237000 17.144000 1.459000
10.263000 56.703000 20.856000 1.459000
8.696000 50.927000 17.581000 0.600000
9.606000 54.501000 20.224000 1.459000
11.362000 55.029000 16.519000 1.459000
10.714000 52.763000 17.350000 1.487000
9.906000 52.614000 18.761000 1.487000
12.567000 58.425000 19.595000 0.600000
9.450000 52.699000 14.891000 1.824000
9.675000 53.019000 13.482000 1.908000
8.364000 53.288000 12.758000 1.908000
8.253000 54.236000 11.978000 1.661200
10.412000 51.869000 12.787000 1.908000
11.927000 51.783000 13.003000 1.908000
12.446000 50.404000 12.588000 1.908000
12.605000 52.882000 12.198000 1.908000
12.272000 53.775000 12.502000 1.487000
13.595000 52.834000 12.333000 1.487000
12.396000 52.764000 11.227000 1.487000
9.733000 51.800000 15.325000 0.600000
12.244000 50.252000 11.621000 1.487000
13.433000 50.365000 12.735000 1.487000
11.996000 49.702000 13.139000 1.487000
10.245000 53.849000 13.431000 1.387000
12.127000 51.933000 13.968000 1.487000
10.257000 51.956000 11.805000 1.487000
10.017000 51.011000 13.115000 1.487000
7.371000 52.449000 13.019000 1.824000
6.060000 52.589000 12.384000 1.908000
5.324000 53.851000 12.811000 1.908000
4.607000 54.461000 12.027000 1.661200
5.156000 51.420000 12.758000 1.908000
5.530000 50.061000 12.207000 1.908000
4.476000 49.037000 12.587000 1.908000
5.578000 50.113000 11.220000 1.487000
6.207000 52.640000 11.382000 1.387000
6.397000 49.782000 12.594000 1.487000
7.597000 51.698000 13.699000 0.600000
4.211000 51.633000 12.448000 1.487000
5.126000 51.349000 13.771000 1.487000
3.916000 48.891000 10.651000 0.600000
4.302000 48.711000 13.769000 1.661200
3.745000 48.549000 11.596000 1.824000
3.025000 47.846000 11.771000 0.600000
5.496000 54.212000 14.076000 1.824000
4.803000 55.344000 14.662000 1.908000
5.424000 56.718000 14.436000 1.908000
4.699000 57.691000 14.216000 1.661200
4.637000 55.112000 16.170000 1.908000
4.105000 53.795000 16.387000 1.721000
3.689000 56.151000 16.778000 1.908000
3.845000 55.366000 14.280000 1.387000
3.202000 56.629000 16.045000 1.487000
3.027000 55.693000 17.374000 1.487000
6.169000 53.614000 14.608000 0.600000
5.551000 55.160000 16.616000 1.387000
4.216000 56.813000 17.314000 1.487000
4.834000 53.108000 16.306000 0.600000
6.750000 56.801000 14.489000 1.824000
7.441000 58.080000 14.323000 1.908000
8.298000 58.155000 13.067000 1.908000
8.891000 59.196000 12.773000 1.661200
8.306000 58.347000 15.558000 1.908000
7.522000 58.205000 16.842000 1.908000
6.533000 59.127000 17.181000 1.908000
7.709000 57.104000 17.676000 1.908000
5.742000 58.951000 18.321000 1.908000
6.924000 56.917000 18.815000 1.908000
5.943000 57.841000 19.128000 1.908000
5.139000 57.640000 20.222000 1.721000
6.736000 58.812000 14.268000 1.387000
5.038000 59.622000 18.548000 1.459000
7.073000 56.120000 19.398000 1.459000
7.240000 55.904000 14.654000 0.600000
8.416000 56.435000 17.456000 1.459000
6.383000 59.929000 16.604000 1.459000
8.650000 59.273000 15.503000 1.487000
9.046000 57.690000 15.568000 1.487000
4.475000 56.923000 20.015000 0.600000
8.370000 57.052000 12.328000 1.824000
9.160000 57.004000 11.101000 1.908000
10.621000 57.404000 11.282000 1.908000
11.187000 58.123000 10.460000 1.661200
8.518000 57.880000 10.020000 1.908000
7.231000 57.329000 9.489000 1.908000
6.737000 56.096000 9.862000 1.824000
6.335000 57.845000 8.616000 1.908000
5.593000 55.876000 9.238000 1.908000
5.326000 56.922000 8.476000 1.824000
7.178000 55.470000 10.505000 0.600000
6.394000 58.728000 8.158000 1.409000
7.828000 56.246000 12.691000 0.600000
5.029000 55.060000 9.325000 1.359000
9.137000 56.049000 10.745000 1.387000
9.162000 57.975000 9.254000 1.487000
8.338000 58.792000 10.403000 1.487000
11.222000 56.917000 12.361000 1.824000
12.623000 57.172000 12.677000 1.908000
12.978000 56.221000 13.802000 1.908000
12.096000 55.737000 14.500000 1.661200
12.830000 58.619000 13.139000 1.908000
12.070000 58.993000 14.402000 1.908000
12.351000 60.436000 14.802000 1.908000
11.550000 60.837000 16.030000 1.908000
11.750000 62.277000 16.372000 1.824000
13.178000 56.961000 11.886000 1.387000
10.577000 60.675000 15.852000 1.100000
11.839000 60.273000 16.807000 1.100000
11.091000 58.889000 14.237000 1.487000
12.353000 58.391000 15.146000 1.487000
11.625000 62.831000 15.550000 0.600000
11.083000 62.546000 17.065000 0.600000
12.675000 62.405000 16.727000 0.600000
12.098000 61.033000 14.049000 1.487000
13.319000 60.528000 15.009000 1.487000
10.601000 56.330000 12.970000 0.600000
12.533000 59.225000 12.401000 1.487000
13.806000 58.754000 13.308000 1.487000
14.264000 55.943000 13.972000 1.824000
14.710000 55.048000 15.030000 1.908000
14.717000 55.778000 16.368000 1.908000
14.693000 57.008000 16.410000 1.661200
16.134000 54.561000 14.749000 1.908000
16.397000 53.569000 13.616000 1.908000
17.896000 53.524000 13.324000 1.908000
15.882000 52.185000 14.015000 1.908000
14.900000 52.235000 14.192000 1.487000
16.056000 51.540000 13.272000 1.487000
16.356000 51.881000 14.840000 1.487000
14.906000 56.407000 13.303000 0.600000
18.385000 53.233000 14.145000 1.487000
18.070000 52.876000 12.583000 1.487000
18.209000 54.434000 13.053000 1.487000
14.069000 54.278000 15.093000 1.387000
15.912000 53.867000 12.802000 1.487000
16.483000 54.138000 15.601000 1.487000
16.703000 55.380000 14.563000 1.487000
14.728000 55.021000 17.477000 1.824000
14.757000 55.579000 18.836000 1.908000
16.082000 56.339000 18.980000 1.908000
17.008000 56.115000 18.200000 1.661200
14.713000 54.333000 19.718000 1.908000
13.891000 53.384000 18.908000 1.908000
14.435000 53.577000 17.509000 1.908000
14.027000 52.448000 19.214000 1.487000
13.987000 56.176000 18.995000 1.387000
13.755000 53.339000 16.820000 1.387000
15.265000 53.046000 17.367000 1.387000
12.928000 53.627000 18.949000 1.487000
14.276000 54.531000 20.591000 1.487000
15.630000 53.973000 19.869000 1.487000
16.181000 57.213000 19.978000 1.824000
17.388000 58.017000 20.178000 1.908000
18.660000 57.272000 20.572000 1.908000
19.754000 57.842000 20.517000 1.661200
17.121000 59.118000 21.208000 1.908000
15.932000 59.983000 20.841000 1.908000
15.797000 60.348000 19.652000 1.661200
15.133000 60.305000 21.748000 1.661200
15.346000 57.275000 20.590000 0.600000
17.584000 58.484000 19.281000 1.387000
17.930000 59.690000 21.262000 1.487000
16.943000 58.682000 22.082000 1.487000
18.541000 56.010000 20.968000 1.824000
19.726000 55.255000 21.355000 1.908000
20.477000 54.656000 20.160000 1.908000
21.341000 53.792000 20.329000 1.661200
19.353000 54.152000 22.351000 1.908000
18.151000 53.343000 21.909000 1.908000
20.363000 55.904000 21.803000 1.387000
17.586000 55.633000 20.976000 0.600000
19.146000 54.579000 23.228000 1.487000
20.133000 53.539000 22.446000 1.487000
17.005000 53.755000 22.098000 1.661200
18.406000 52.187000 21.311000 1.824000
17.655000 51.608000 20.991000 0.600000
19.353000 51.889000 21.179000 0.600000
20.151000 55.123000 18.957000 1.824000
20.806000 54.634000 17.744000 1.908000
21.681000 55.681000 17.063000 1.908000
21.345000 56.862000 17.040000 1.661200
19.764000 54.134000 16.733000 1.908000
19.195000 52.779000 17.089000 1.908000
19.930000 51.613000 16.856000 1.908000
17.964000 52.670000 17.733000 1.908000
19.452000 50.361000 17.269000 1.908000
17.472000 51.423000 18.151000 1.908000
18.224000 50.279000 17.918000 1.908000
17.763000 49.059000 18.360000 1.721000
21.398000 53.849000 18.001000 1.387000
19.990000 49.540000 17.099000 1.459000
16.591000 51.365000 18.610000 1.459000
19.410000 55.847000 18.954000 0.600000
17.420000 53.486000 17.903000 1.459000
20.810000 51.667000 16.388000 1.459000
20.202000 54.065000 15.845000 1.487000
19.019000 54.790000 16.706000 1.487000
18.390000 48.343000 18.057000 0.600000
22.806000 55.230000 16.516000 1.824000
23.725000 56.100000 15.784000 1.908000
24.352000 55.267000 14.675000 1.908000
24.584000 54.064000 14.842000 1.661200
24.854000 56.663000 16.682000 1.908000
25.712000 55.524000 17.231000 1.908000
24.255000 57.478000 17.814000 1.908000
26.931000 56.006000 17.987000 1.908000
23.165000 56.789000 15.342000 1.387000
24.994000 57.862000 18.365000 1.487000
23.701000 58.214000 17.428000 1.487000
25.430000 57.242000 16.117000 1.487000
25.151000 54.970000 17.840000 1.487000
26.012000 54.961000 16.465000 1.487000
26.640000 56.566000 18.761000 1.487000
22.976000 54.210000 16.653000 0.600000
27.448000 55.218000 18.319000 1.487000
23.685000 56.882000 18.378000 1.487000
27.505000 56.550000 17.377000 1.487000
24.623000 55.902000 13.541000 1.824000
25.210000 55.203000 12.406000 1.908000
26.657000 54.824000 12.689000 1.908000
27.245000 55.255000 13.685000 1.661200
25.187000 56.074000 11.152000 1.908000
26.075000 57.179000 11.337000 1.721000
23.777000 56.597000 10.882000 1.908000
24.687000 54.357000 12.245000 1.387000
23.603000 57.405000 11.449000 1.487000
23.689000 56.846000 9.915000 1.487000
24.387000 56.910000 13.535000 0.600000
25.522000 55.527000 10.360000 1.387000
23.106000 55.887000 11.103000 1.487000
25.662000 57.863000 11.948000 0.600000
27.230000 54.018000 11.806000 1.824000
28.610000 53.582000 11.957000 1.908000
29.574000 54.765000 11.892000 1.908000
30.534000 54.828000 12.655000 1.661200
28.955000 52.567000 10.869000 1.908000
28.141000 51.296000 10.958000 1.908000
28.274000 50.469000 9.695000 1.908000
27.354000 49.251000 9.721000 1.908000
27.311000 48.586000 8.385000 1.824000
28.716000 53.131000 12.853000 1.387000
27.695000 48.603000 10.400000 1.100000
26.433000 49.546000 9.971000 1.100000
28.462000 50.753000 11.735000 1.487000
27.178000 51.530000 11.092000 1.487000
26.566000 47.920000 8.372000 0.600000
27.158000 49.276000 7.679000 0.600000
28.180000 48.122000 8.220000 0.600000
29.213000 50.150000 9.611000 1.487000
28.028000 51.030000 8.911000 1.487000
26.621000 53.732000 11.015000 0.600000
29.920000 52.334000 10.957000 1.487000
28.786000 52.991000 9.984000 1.487000
29.316000 55.704000 10.988000 1.824000
30.188000 56.869000 10.859000 1.908000
30.138000 57.738000 12.115000 1.908000
31.174000 58.175000 12.611000 1.661200
29.801000 57.699000 9.630000 1.908000
28.469000 58.163000 9.733000 1.721000
28.480000 55.544000 10.409000 0.600000
31.134000 56.541000 10.749000 1.387000
29.885000 57.127000 8.820000 1.387000
30.415000 58.479000 9.566000 1.387000
28.011000 57.700000 10.491000 0.600000
28.938000 57.976000 12.635000 1.824000
28.783000 58.788000 13.835000 1.908000
29.520000 58.136000 14.993000 1.908000
30.198000 58.813000 15.775000 1.661200
27.304000 58.938000 14.199000 1.908000
26.446000 59.532000 13.095000 1.908000
24.999000 59.698000 13.518000 1.908000
24.388000 58.699000 13.961000 1.661200
24.473000 60.827000 13.410000 1.661200
26.796000 60.422000 12.877000 1.487000
29.154000 59.705000 13.674000 1.387000
26.462000 58.922000 12.327000 1.487000
28.146000 57.545000 12.126000 0.600000
27.247000 59.538000 14.978000 1.487000
26.953000 58.039000 14.400000 1.487000
29.382000 56.819000 15.106000 1.824000
30.047000 56.093000 16.175000 1.908000
31.556000 56.219000 15.997000 1.908000
32.277000 56.452000 16.964000 1.661200
29.631000 54.630000 16.162000 1.908000
28.782000 56.376000 14.392000 0.600000
29.794000 56.499000 17.053000 1.387000
28.664000 54.559000 15.917000 1.487000
30.181000 54.132000 15.492000 1.487000
29.774000 54.233000 17.069000 1.487000
32.032000 56.070000 14.761000 1.824000
33.464000 56.181000 14.492000 1.908000
33.984000 57.528000 14.958000 1.908000
35.057000 57.614000 15.553000 1.661200
33.755000 56.021000 13.000000 1.908000
33.581000 54.611000 12.483000 1.908000
33.706000 54.534000 10.976000 1.908000
34.283000 54.028000 12.890000 1.487000
33.933000 55.467000 15.020000 1.387000
32.676000 54.279000 12.745000 1.487000
31.324000 55.876000 14.037000 0.600000
34.703000 56.305000 12.827000 1.487000
33.137000 56.623000 12.487000 1.487000
31.817000 53.822000 10.854000 0.600000
34.747000 54.872000 10.408000 1.661200
32.640000 54.093000 10.318000 1.824000
32.644000 54.026000 9.300000 0.600000
33.216000 58.577000 14.688000 1.824000
33.596000 59.924000 15.081000 1.908000
33.679000 60.055000 16.603000 1.908000
34.347000 60.954000 17.122000 1.661200
32.596000 60.933000 14.520000 1.908000
32.336000 58.353000 14.181000 0.600000
34.503000 60.135000 14.695000 1.387000
32.908000 61.859000 14.726000 1.487000
32.527000 60.816000 13.531000 1.487000
31.702000 60.781000 14.938000 1.487000
33.002000 59.162000 17.320000 1.824000
33.023000 59.210000 18.778000 1.908000
34.143000 58.340000 19.334000 1.908000
34.315000 58.241000 20.544000 1.661200
31.680000 58.746000 19.354000 1.908000
30.415000 59.475000 18.892000 1.908000
29.210000 58.846000 19.563000 1.908000
30.501000 60.957000 19.233000 1.908000
31.294000 61.360000 18.775000 1.487000
29.669000 61.420000 18.926000 1.487000
30.597000 61.067000 20.222000 1.487000
32.481000 58.460000 16.774000 0.600000
29.298000 58.924000 20.558000 1.487000
28.376000 59.315000 19.268000 1.487000
29.151000 57.878000 19.312000 1.487000
33.186000 60.160000 19.065000 1.387000
30.334000 59.386000 17.906000 1.487000
31.728000 58.837000 20.351000 1.487000
31.567000 57.777000 19.119000 1.487000
34.896000 57.701000 18.445000 1.824000
35.991000 56.855000 18.884000 1.908000
35.733000 55.365000 18.781000 1.908000
36.532000 54.560000 19.267000 1.661200
34.641000 57.855000 17.458000 0.600000
36.831000 57.086000 18.341000 1.387000
36.224000 57.087000 19.856000 1.387000
34.623000 54.982000 18.157000 1.824000
34.307000 53.567000 18.013000 1.908000
35.277000 52.862000 17.081000 1.908000
35.598000 53.361000 16.001000 1.661200
32.875000 53.371000 17.485000 1.908000
32.509000 51.919000 17.248000 1.908000
32.621000 50.886000 18.140000 1.908000
31.968000 51.346000 16.044000 1.908000
32.186000 49.711000 17.569000 1.824000
31.780000 49.964000 16.285000 1.908000
31.625000 51.867000 14.789000 1.908000
31.262000 49.095000 15.314000 1.908000
31.107000 51.001000 13.822000 1.908000
30.932000 49.630000 14.093000 1.908000
30.559000 49.044000 13.375000 1.459000
34.393000 53.139000 18.925000 1.387000
32.169000 48.819000 18.018000 0.600000
31.743000 52.832000 14.581000 1.459000
30.861000 51.364000 12.932000 1.459000
31.144000 48.121000 15.521000 1.459000
32.969000 50.970000 19.072000 1.409000
34.031000 55.745000 17.799000 0.600000
32.784000 53.839000 16.617000 1.487000
32.234000 53.726000 18.151000 1.487000
35.744000 51.700000 17.519000 1.824000
36.641000 50.864000 16.733000 1.908000
36.073000 49.455000 16.838000 1.908000
36.239000 48.782000 17.854000 1.661200
38.081000 50.880000 17.286000 1.908000
38.939000 49.889000 16.515000 1.908000
38.663000 52.282000 17.169000 1.908000
36.588000 51.147000 15.790000 1.387000
39.477000 50.377000 15.827000 1.487000
39.198000 52.348000 16.327000 1.487000
38.046000 50.566000 18.226000 1.487000
39.555000 49.418000 17.146000 1.487000
38.351000 49.218000 16.062000 1.487000
35.413000 51.436000 18.476000 0.600000
37.918000 52.948000 17.147000 1.487000
39.252000 52.461000 17.957000 1.487000
35.384000 49.029000 15.785000 1.824000
34.747000 47.716000 15.741000 1.908000
35.589000 46.593000 16.334000 1.908000
35.127000 45.869000 17.218000 1.661200
34.364000 47.375000 14.300000 1.908000
35.337000 49.711000 14.995000 0.600000
33.868000 47.766000 16.258000 1.387000
35.190000 47.325000 13.742000 1.487000
33.894000 46.495000 14.283000 1.487000
33.760000 48.085000 13.942000 1.487000
36.819000 46.442000 15.851000 1.824000
37.695000 45.382000 16.345000 1.908000
37.966000 45.508000 17.845000 1.908000
38.402000 44.549000 18.483000 1.661200
39.019000 45.381000 15.583000 1.908000
39.728000 46.586000 15.796000 1.721000
37.092000 47.118000 15.120000 0.600000
37.233000 44.497000 16.189000 1.387000
38.829000 45.284000 14.610000 1.387000
39.572000 44.617000 15.902000 1.387000
39.255000 47.136000 16.484000 0.600000
37.708000 46.689000 18.399000 1.824000
37.911000 46.928000 19.824000 1.908000
36.670000 46.569000 20.645000 1.908000
36.790000 46.181000 21.803000 1.661200
38.256000 48.400000 20.089000 1.908000
39.679000 48.811000 19.747000 1.908000
39.937000 50.242000 20.214000 1.908000
41.373000 50.680000 19.955000 1.908000
41.621000 52.077000 20.426000 1.824000
38.682000 46.359000 20.145000 1.387000
41.995000 50.058000 20.436000 1.100000
41.556000 50.629000 18.971000 1.100000
40.316000 48.204000 20.209000 1.487000
39.807000 48.767000 18.763000 1.487000
41.658000 52.688000 19.637000 0.600000
40.879000 52.355000 21.034000 0.600000
42.490000 52.108000 20.918000 0.600000
39.760000 50.297000 21.193000 1.487000
39.324000 50.854000 19.721000 1.487000
37.356000 47.412000 17.742000 0.600000
38.100000 48.583000 21.065000 1.487000
37.626000 48.967000 19.550000 1.487000
35.488000 46.708000 20.047000 1.824000
34.254000 46.412000 20.762000 1.908000
34.020000 47.436000 21.860000 1.908000
33.471000 47.122000 22.920000 1.661200
35.525000 47.032000 19.069000 0.600000
33.481000 46.429000 20.120000 1.387000
34.313000 45.495000 21.168000 1.387000
34.412000 48.677000 21.585000 1.824000
34.309000 49.771000 22.547000 1.908000
33.125000 50.717000 22.366000 1.908000
33.142000 51.835000 22.892000 1.661200
35.598000 50.596000 22.494000 1.908000
35.717000 51.397000 21.210000 1.908000
34.205000 49.343000 23.474000 1.387000
34.800000 48.802000 20.622000 0.600000
36.372000 49.974000 22.554000 1.487000
35.600000 51.226000 23.263000 1.487000
35.249000 50.967000 20.155000 1.661200
36.350000 52.558000 21.290000 1.824000
36.456000 53.133000 20.480000 0.600000
36.727000 52.864000 22.168000 0.600000
32.096000 50.292000 21.639000 1.824000
30.954000 51.175000 21.418000 1.908000
30.347000 51.699000 22.717000 1.908000
30.173000 52.906000 22.884000 1.661200
29.867000 50.471000 20.601000 1.908000
28.709000 51.394000 20.198000 1.908000
29.222000 52.508000 19.281000 1.908000
27.625000 50.582000 19.498000 1.908000
27.285000 49.875000 20.118000 1.487000
26.872000 51.186000 19.237000 1.487000
28.006000 50.152000 18.680000 1.487000
32.172000 49.341000 21.268000 0.600000
29.622000 52.102000 18.460000 1.487000
28.461000 53.102000 19.025000 1.487000
29.915000 53.040000 19.764000 1.487000
31.265000 51.970000 20.870000 1.387000
28.315000 51.798000 21.018000 1.487000
29.491000 49.747000 21.150000 1.487000
30.277000 50.133000 19.772000 1.487000
30.035000 50.793000 23.637000 1.824000
29.432000 51.185000 24.909000 1.908000
30.355000 52.076000 25.729000 1.908000
29.900000 52.817000 26.603000 1.661200
29.050000 49.948000 25.714000 1.908000
30.250000 49.814000 23.382000 0.600000
28.578000 51.694000 24.718000 1.387000
28.130000 50.064000 26.086000 1.487000
29.071000 49.145000 25.120000 1.487000
29.699000 49.825000 26.463000 1.487000
31.651000 52.015000 25.446000 1.824000
32.604000 52.834000 26.185000 1.908000
32.655000 54.269000 25.679000 1.908000
32.749000 55.202000 26.473000 1.661200
34.000000 52.209000 26.126000 1.908000
34.028000 50.806000 26.696000 1.908000
33.422000 50.591000 27.765000 1.661200
34.658000 49.918000 26.083000 1.661200
31.911000 51.366000 24.691000 0.600000
32.285000 52.870000 27.146000 1.387000
34.615000 52.782000 26.652000 1.487000
34.280000 52.174000 25.175000 1.487000
32.582000 54.448000 24.364000 1.824000
32.632000 55.785000 23.780000 1.908000
31.251000 56.399000 23.554000 1.908000
31.128000 57.607000 23.324000 1.661200
33.382000 55.773000 22.434000 1.908000
34.785000 55.223000 22.629000 1.908000
32.612000 54.941000 21.412000 1.908000
33.137000 56.389000 24.422000 1.387000
34.772000 54.228000 22.529000 1.487000
32.557000 55.447000 20.552000 1.487000
33.476000 56.714000 22.133000 1.487000
35.398000 55.617000 21.944000 1.487000
35.114000 55.460000 23.544000 1.487000
32.489000 53.581000 23.807000 0.600000
33.091000 54.076000 21.266000 1.487000
31.692000 54.764000 21.760000 1.487000
30.215000 55.567000 23.615000 1.824000
28.849000 56.035000 23.410000 1.908000
27.890000 55.198000 24.247000 1.908000
27.144000 54.373000 23.720000 1.661200
28.483000 55.943000 21.927000 1.908000
30.459000 54.579000 23.816000 0.600000
28.785000 56.990000 23.707000 1.387000
29.293000 55.688000 21.402000 1.487000
27.773000 55.252000 21.805000 1.487000
28.147000 56.829000 21.614000 1.487000
27.899000 55.406000 25.572000 1.824000
27.031000 54.669000 26.492000 1.908000
25.571000 54.648000 26.047000 1.908000
25.027000 55.667000 25.606000 1.661200
27.219000 55.419000 27.811000 1.908000
28.622000 55.913000 27.714000 1.908000
28.684000 56.422000 26.298000 1.908000
28.785000 56.647000 28.363000 1.487000
27.375000 53.723000 26.626000 1.387000
29.620000 56.449000 25.960000 1.387000
28.261000 57.318000 26.213000 1.387000
29.268000 55.172000 27.854000 1.487000
27.107000 54.804000 28.587000 1.487000
26.575000 56.177000 27.881000 1.487000
24.949000 53.477000 26.150000 1.824000
23.549000 53.339000 25.786000 1.908000
23.208000 53.354000 24.306000 1.908000
22.042000 53.182000 23.944000 1.661200
25.534000 52.699000 26.501000 0.600000
23.182000 52.464000 26.201000 1.387000
23.008000 54.085000 26.258000 1.387000
24.201000 53.552000 23.445000 1.824000
23.946000 53.586000 22.005000 1.908000
24.157000 52.238000 21.315000 1.908000
24.911000 51.391000 21.789000 1.661200
24.855000 54.620000 21.327000 1.908000
24.789000 56.017000 21.916000 1.908000
23.413000 56.644000 21.768000 1.908000
23.447000 58.090000 22.243000 1.908000
22.153000 58.798000 22.069000 1.824000
22.983000 53.878000 21.853000 1.387000
23.703000 58.103000 23.220000 1.100000
24.165000 58.582000 21.730000 1.100000
25.020000 55.972000 22.893000 1.487000
25.462000 56.601000 21.452000 1.487000
22.310000 59.669000 21.602000 0.600000
21.535000 58.233000 21.522000 0.600000
21.744000 58.969000 22.965000 0.600000
22.768000 56.144000 22.325000 1.487000
23.153000 56.631000 20.814000 1.487000
25.134000 53.675000 23.866000 0.600000
24.596000 54.671000 20.360000 1.487000
25.800000 54.292000 21.395000 1.487000
23.476000 52.060000 20.186000 1.824000
23.595000 50.860000 19.368000 1.908000
23.791000 51.335000 17.933000 1.908000
23.345000 52.423000 17.567000 1.661200
22.322000 50.005000 19.441000 1.908000
22.164000 49.396000 20.712000 1.721000
22.846000 52.859000 19.936000 0.600000
24.411000 50.373000 19.644000 1.387000
22.377000 49.292000 18.744000 1.387000
21.534000 50.591000 19.261000 1.387000
21.315000 48.871000 20.726000 0.600000
24.483000 50.541000 17.126000 1.824000
24.682000 50.900000 15.730000 1.908000
23.324000 50.737000 15.036000 1.908000
22.627000 49.741000 15.249000 1.661200
25.719000 49.965000 15.056000 1.908000
27.109000 50.212000 15.648000 1.908000
25.721000 50.180000 13.543000 1.908000
27.671000 51.584000 15.351000 1.908000
24.889000 51.867000 15.712000 1.387000
26.369000 49.544000 13.130000 1.487000
24.802000 50.011000 13.194000 1.487000
25.458000 49.030000 15.257000 1.487000
27.056000 50.090000 16.639000 1.487000
27.732000 49.522000 15.277000 1.487000
27.062000 52.281000 15.728000 1.487000
24.852000 49.681000 17.560000 0.600000
28.575000 51.670000 15.768000 1.487000
25.993000 51.120000 13.353000 1.487000
27.746000 51.705000 14.362000 1.487000
22.936000 51.720000 14.231000 1.824000
21.670000 51.627000 13.524000 1.908000
21.367000 52.806000 12.619000 1.908000
21.837000 53.920000 12.851000 1.661200
23.584000 52.515000 14.158000 0.600000
21.660000 50.768000 12.968000 1.387000
20.913000 51.526000 14.205000 1.387000
20.582000 52.559000 11.576000 1.824000
20.213000 53.627000 10.664000 1.908000
20.964000 53.641000 9.348000 1.908000
20.647000 54.431000 8.467000 1.661200
20.272000 51.580000 11.478000 0.600000
19.206000 53.570000 10.473000 1.387000
20.348000 54.530000 11.135000 1.387000
21.961000 52.776000 9.205000 1.824000
22.733000 52.719000 7.968000 1.908000
21.941000 52.039000 6.858000 1.908000
21.034000 51.253000 7.119000 1.661200
24.046000 51.961000 8.190000 1.908000
25.089000 52.798000 8.908000 1.908000
25.553000 53.795000 8.319000 1.661200
25.445000 52.459000 10.056000 1.661200
22.137000 52.166000 10.020000 0.600000
22.897000 53.669000 7.675000 1.387000
24.402000 51.698000 7.302000 1.487000
23.847000 51.158000 8.739000 1.487000
22.299000 52.351000 5.619000 1.824000
21.641000 51.781000 4.456000 1.908000
21.931000 50.284000 4.353000 1.908000
23.055000 49.839000 4.602000 1.661200
22.134000 52.487000 3.162000 1.908000
21.652000 53.942000 3.159000 1.908000
21.631000 51.744000 1.920000 1.908000
22.300000 54.799000 2.097000 1.908000
20.654000 51.868000 4.614000 1.387000
21.983000 52.204000 1.109000 1.487000
21.962000 50.805000 1.955000 1.487000
23.122000 52.488000 3.178000 1.487000
20.662000 53.944000 3.022000 1.487000
21.850000 54.336000 4.057000 1.487000
22.100000 54.419000 1.195000 1.487000
23.086000 53.034000 5.555000 0.600000
21.939000 55.729000 2.155000 1.487000
20.635000 51.759000 1.921000 1.487000
23.289000 54.815000 2.240000 1.487000
20.906000 49.510000 4.014000 1.824000
21.053000 48.064000 3.832000 1.908000
20.866000 47.865000 2.331000 1.908000
19.793000 48.131000 1.797000 1.661200
19.975000 47.303000 4.598000 1.908000
20.041000 45.811000 4.414000 1.908000
21.038000 45.066000 5.027000 1.908000
19.104000 45.154000 3.620000 1.908000
21.104000 43.682000 4.854000 1.908000
19.158000 43.780000 3.440000 1.908000
20.159000 43.038000 4.058000 1.908000
20.204000 42.050000 3.935000 1.459000
21.987000 47.842000 4.035000 1.387000
21.834000 43.160000 5.304000 1.459000
18.469000 43.321000 2.858000 1.459000
20.003000 50.010000 3.890000 0.600000
18.381000 45.684000 3.174000 1.459000
21.717000 45.515000 5.599000 1.459000
19.094000 47.611000 4.272000 1.487000
20.091000 47.496000 5.560000 1.487000
21.916000 47.418000 1.656000 1.824000
21.887000 47.235000 0.208000 1.908000
20.931000 46.181000 -0.326000 1.908000
20.456000 46.300000 -1.453000 1.661200
23.295000 46.934000 -0.306000 1.908000
24.148000 48.049000 -0.120000 1.721000
22.754000 47.211000 2.240000 0.600000
21.622000 48.137000 -0.212000 1.387000
23.243000 46.723000 -1.277000 1.387000
23.661000 46.158000 0.196000 1.387000
23.797000 48.617000 0.624000 0.600000
20.654000 45.148000 0.464000 1.824000
19.751000 44.094000 0.019000 1.908000
20.276000 43.535000 -1.309000 1.908000
19.507000 43.240000 -2.225000 1.661200
18.346000 44.674000 -0.158000 1.908000
17.285000 43.607000 -0.321000 1.908000
19.803000 43.354000 0.684000 1.387000
21.118000 45.159000 1.385000 0.600000
18.346000 45.252000 -0.971000 1.487000
18.128000 45.220000 0.648000 1.487000
17.380000 42.523000 0.267000 1.661200
16.249000 43.915000 -1.102000 1.824000
15.514000 43.255000 -1.244000 0.600000
16.210000 44.811000 -1.546000 0.600000
21.598000 43.394000 -1.390000 1.824000
22.275000 42.890000 -2.587000 1.908000
21.725000 41.552000 -3.074000 1.908000
21.577000 41.342000 -4.273000 1.661200
23.776000 42.720000 -2.317000 1.908000
24.472000 43.937000 -1.737000 1.908000
25.698000 43.508000 -0.933000 1.908000
26.222000 44.577000 -0.084000 1.824000
26.899000 45.621000 -0.544000 1.908000
27.131000 45.728000 -1.843000 1.824000
27.349000 46.551000 0.288000 1.824000
23.857000 44.415000 -1.125000 1.487000
22.165000 43.573000 -3.331000 1.387000
26.059000 44.515000 0.905000 0.600000
24.777000 44.530000 -2.469000 1.487000
27.873000 47.325000 -0.051000 0.600000
27.158000 46.474000 1.273000 0.600000
22.114000 43.675000 -0.524000 0.600000
26.404000 43.224000 -1.580000 1.387000
25.434000 42.732000 -0.362000 1.387000
27.666000 46.520000 -2.187000 0.600000
26.789000 45.048000 -2.480000 0.600000
24.221000 42.490000 -3.183000 1.487000
23.890000 41.961000 -1.675000 1.487000
21.434000 40.645000 -2.148000 1.824000
20.939000 39.328000 -2.525000 1.908000
19.429000 39.238000 -2.716000 1.908000
18.889000 38.154000 -2.914000 1.661200
21.413000 38.279000 -1.513000 1.908000
22.937000 38.202000 -1.414000 1.908000
23.433000 36.873000 -0.873000 1.908000
23.164000 35.837000 -1.517000 1.661200
24.092000 36.853000 0.187000 1.661200
23.307000 38.314000 -2.318000 1.487000
21.403000 39.028000 -3.388000 1.387000
23.240000 38.906000 -0.798000 1.487000
21.585000 40.947000 -1.172000 0.600000
21.092000 37.406000 -1.812000 1.487000
21.073000 38.536000 -0.633000 1.487000
18.759000 40.385000 -2.654000 1.824000
17.322000 40.437000 -2.856000 1.908000
16.447000 39.570000 -1.970000 1.908000
15.399000 39.106000 -2.411000 1.661200
19.343000 41.220000 -2.453000 0.600000
17.010000 41.424000 -2.765000 1.387000
17.118000 40.208000 -3.849000 1.387000
16.855000 39.344000 -0.724000 1.824000
16.050000 38.529000 0.175000 1.908000
14.862000 39.322000 0.715000 1.908000
13.832000 38.749000 1.068000 1.661200
16.908000 37.992000 1.330000 1.908000
17.861000 36.890000 0.898000 1.908000
18.596000 36.273000 2.079000 1.908000
19.479000 35.113000 1.624000 1.908000
20.332000 34.563000 2.723000 1.824000
15.700000 37.731000 -0.331000 1.387000
18.890000 34.378000 1.268000 1.100000
20.074000 35.432000 0.877000 1.100000
17.340000 36.171000 0.431000 1.487000
18.535000 37.271000 0.261000 1.487000
20.121000 33.595000 2.849000 0.600000
21.293000 34.670000 2.476000 0.600000
20.142000 35.062000 3.566000 0.600000
17.932000 35.927000 2.729000 1.487000
19.173000 36.963000 2.496000 1.487000
17.751000 39.778000 -0.466000 0.600000
16.298000 37.628000 2.025000 1.487000
17.441000 38.746000 1.695000 1.487000
14.999000 40.642000 0.771000 1.824000
13.910000 41.479000 1.261000 1.908000
13.164000 42.041000 0.055000 1.908000
13.735000 42.172000 -1.028000 1.661200
14.462000 42.611000 2.141000 1.908000
15.231000 42.191000 3.403000 1.908000
15.749000 43.430000 4.128000 1.908000
14.321000 41.394000 4.325000 1.908000
13.997000 40.575000 3.851000 1.487000
14.827000 41.124000 5.144000 1.487000
13.537000 41.956000 4.590000 1.487000
15.907000 41.007000 0.450000 0.600000
14.977000 44.010000 4.388000 1.487000
16.248000 43.151000 4.948000 1.487000
16.360000 43.939000 3.522000 1.487000
13.281000 40.914000 1.786000 1.387000
15.999000 41.617000 3.137000 1.487000
13.692000 43.171000 2.436000 1.487000
15.085000 43.154000 1.583000 1.487000
11.873000 42.371000 0.222000 1.824000
11.066000 42.913000 -0.878000 1.908000
11.749000 44.069000 -1.599000 1.908000
11.976000 45.127000 -1.014000 1.661200
9.779000 43.348000 -0.182000 1.908000
9.660000 42.340000 0.937000 1.908000
11.083000 42.299000 1.464000 1.908000
9.036000 42.663000 1.629000 1.487000
10.821000 42.177000 -1.533000 1.387000
11.263000 41.450000 1.949000 1.387000
11.272000 43.079000 2.049000 1.387000
9.388000 41.460000 0.583000 1.487000
9.001000 43.285000 -0.794000 1.487000
9.863000 44.268000 0.183000 1.487000
12.072000 43.848000 -2.870000 1.824000
12.727000 44.866000 -3.674000 1.908000
11.741000 45.590000 -4.574000 1.908000
10.851000 44.981000 -5.165000 1.661200
11.820000 42.906000 -3.226000 0.600000
13.178000 45.536000 -3.067000 1.387000
13.444000 44.436000 -4.243000 1.387000
11.903000 46.902000 -4.687000 1.824000
11.005000 47.702000 -5.507000 1.908000
11.685000 49.029000 -5.780000 1.908000
12.240000 49.644000 -4.872000 1.661200
9.695000 47.923000 -4.748000 1.908000
8.645000 48.743000 -5.466000 1.908000
7.415000 48.885000 -4.581000 1.908000
6.299000 49.635000 -5.280000 1.908000
5.101000 49.755000 -4.398000 1.824000
10.849000 47.233000 -6.372000 1.387000
6.620000 50.551000 -5.521000 1.100000
6.043000 49.143000 -6.113000 1.100000
9.008000 49.647000 -5.659000 1.487000
8.385000 48.284000 -6.307000 1.487000
4.640000 48.870000 -4.346000 0.600000
5.391000 50.037000 -3.485000 0.600000
4.478000 50.437000 -4.779000 0.600000
7.669000 49.385000 -3.757000 1.487000
7.087000 47.975000 -4.340000 1.487000
12.700000 47.294000 -4.156000 0.600000
9.915000 48.381000 -3.878000 1.487000
9.303000 47.020000 -4.539000 1.487000
11.648000 49.469000 -7.031000 1.824000
12.270000 50.731000 -7.391000 1.908000
11.744000 51.814000 -6.466000 1.908000
10.537000 51.912000 -6.236000 1.661200
11.953000 51.079000 -8.845000 1.908000
12.338000 50.016000 -9.699000 1.721000
11.155000 48.856000 -7.700000 0.600000
13.255000 50.649000 -7.243000 1.387000
12.458000 51.896000 -9.097000 1.387000
10.976000 51.229000 -8.934000 1.387000
12.401000 49.170000 -9.171000 0.600000
12.658000 52.607000 -5.917000 1.824000
12.267000 53.676000 -5.023000 1.908000
12.321000 53.289000 -3.561000 1.908000
12.457000 54.150000 -2.695000 1.661200
13.635000 52.396000 -6.179000 0.600000
12.871000 54.483000 -5.177000 1.387000
11.321000 53.979000 -5.253000 1.387000
12.208000 51.995000 -3.273000 1.824000
12.252000 51.542000 -1.890000 1.908000
13.682000 51.356000 -1.434000 1.908000
14.478000 50.684000 -2.088000 1.661200
11.505000 50.222000 -1.714000 1.908000
11.648000 49.647000 -0.309000 1.908000
10.975000 48.297000 -0.198000 1.908000
9.527000 48.409000 -0.326000 1.824000
8.769000 47.520000 -0.959000 1.908000
9.326000 46.461000 -1.525000 1.824000
7.455000 47.687000 -1.017000 1.824000
11.221000 50.266000 0.344000 1.487000
11.812000 52.237000 -1.308000 1.387000
9.076000 49.205000 0.088000 0.600000
12.614000 49.537000 -0.096000 1.487000
6.883000 47.034000 -1.506000 0.600000
7.031000 48.477000 -0.564000 0.600000
12.092000 51.370000 -4.083000 0.600000
11.198000 47.910000 0.692000 1.387000
11.325000 47.713000 -0.924000 1.387000
8.742000 45.799000 -2.021000 0.600000
10.307000 46.310000 -1.467000 0.600000
11.876000 49.564000 -2.353000 1.487000
10.543000 50.381000 -1.884000 1.487000
14.008000 51.957000 -0.302000 1.824000
15.342000 51.844000 0.245000 1.908000
15.239000 51.165000 1.596000 1.908000
14.283000 51.376000 2.341000 1.661200
15.998000 53.229000 0.401000 1.908000
15.131000 54.086000 1.150000 1.721000
16.234000 53.851000 -0.951000 1.908000
15.891000 51.268000 -0.357000 1.387000
15.372000 54.210000 -1.324000 1.487000
16.893000 54.607000 -0.876000 1.487000
13.244000 52.499000 0.143000 0.600000
16.869000 53.123000 0.921000 1.387000
16.601000 53.166000 -1.589000 1.487000
14.170000 53.912000 0.907000 0.600000
16.219000 50.328000 1.897000 1.824000
16.236000 49.612000 3.156000 1.908000
17.333000 50.152000 4.050000 1.908000
18.331000 50.703000 3.573000 1.661200
16.473000 48.115000 2.922000 1.908000
15.317000 47.407000 2.278000 1.908000
15.086000 47.244000 0.938000 1.908000
14.204000 46.816000 2.953000 1.908000
13.890000 46.587000 0.741000 1.824000
13.329000 46.316000 1.962000 1.908000
13.858000 46.662000 4.303000 1.908000
12.127000 45.672000 2.280000 1.908000
12.658000 46.016000 4.619000 1.908000
11.811000 45.532000 3.607000 1.908000
10.961000 45.076000 3.872000 1.459000
15.358000 49.776000 3.617000 1.387000
13.498000 46.348000 -0.144000 0.600000
14.447000 47.000000 5.028000 1.459000
12.409000 45.903000 5.572000 1.459000
11.529000 45.332000 1.548000 1.459000
15.691000 47.554000 0.210000 1.409000
16.954000 50.234000 1.170000 0.600000
16.638000 47.675000 3.798000 1.487000
17.258000 48.004000 2.323000 1.487000
17.125000 49.999000 5.353000 1.824000
18.090000 50.418000 6.355000 1.908000
18.034000 49.364000 7.440000 1.908000
17.043000 48.642000 7.561000 1.661200
17.722000 51.781000 6.932000 1.908000
17.998000 52.940000 5.986000 1.908000
17.575000 54.250000 6.615000 1.908000
17.827000 55.372000 5.721000 1.824000
19.030000 55.863000 5.451000 1.908000
20.117000 55.342000 6.013000 1.824000
19.150000 56.874000 4.602000 1.824000
17.480000 52.813000 5.148000 1.487000
18.994000 50.422000 5.955000 1.387000
17.032000 55.807000 5.276000 0.600000
18.971000 52.984000 5.792000 1.487000
20.050000 57.264000 4.406000 0.600000
18.337000 57.251000 4.152000 0.600000
16.210000 49.552000 5.592000 0.600000
18.095000 54.374000 7.454000 1.387000
16.602000 54.200000 6.815000 1.387000
21.019000 55.739000 5.812000 0.600000
20.040000 54.563000 6.629000 0.600000
18.255000 51.926000 7.759000 1.487000
16.750000 51.781000 7.143000 1.487000
19.091000 49.264000 8.231000 1.824000
19.117000 48.268000 9.287000 1.908000
19.529000 48.886000 10.611000 1.908000
19.994000 50.023000 10.654000 1.661200
20.083000 47.147000 8.916000 1.908000
21.515000 47.617000 8.713000 1.908000
22.501000 46.467000 8.697000 1.908000
22.550000 45.712000 9.691000 1.661200
23.228000 46.317000 7.697000 1.661200
21.570000 48.069000 7.844000 1.487000
18.204000 47.848000 9.382000 1.387000
21.756000 48.205000 9.460000 1.487000
19.856000 49.925000 8.039000 0.600000
19.777000 46.752000 8.070000 1.487000
20.086000 46.496000 9.652000 1.487000
19.344000 48.126000 11.686000 1.824000
19.706000 48.568000 13.028000 1.908000
19.932000 47.360000 13.925000 1.908000
19.265000 46.324000 13.776000 1.661200
18.606000 49.459000 13.608000 1.908000
18.921000 47.193000 11.488000 0.600000
20.558000 49.095000 12.977000 1.387000
18.876000 49.767000 14.518000 1.487000
18.472000 50.249000 13.012000 1.487000
17.757000 48.938000 13.669000 1.487000
20.877000 47.495000 14.853000 1.824000
21.206000 46.426000 15.783000 1.908000
20.140000 46.266000 16.855000 1.908000
19.650000 47.251000 17.419000 1.661200
22.543000 46.705000 16.464000 1.908000
23.724000 46.482000 15.546000 1.908000
23.539000 46.483000 14.309000 1.661200
24.845000 46.310000 16.069000 1.661200
21.353000 48.422000 14.853000 0.600000
21.226000 45.565000 15.255000 1.387000
22.624000 46.096000 17.245000 1.487000
22.544000 47.653000 16.763000 1.487000
19.793000 45.016000 17.137000 1.824000
18.796000 44.707000 18.156000 1.908000
19.440000 43.880000 19.273000 1.908000
20.336000 43.082000 19.021000 1.661200
17.620000 43.910000 17.546000 1.908000
16.849000 44.796000 16.563000 1.908000
16.689000 43.415000 18.651000 1.908000
16.110000 45.952000 17.225000 1.908000
18.530000 45.579000 18.567000 1.387000
15.951000 42.888000 18.237000 1.487000
17.211000 42.841000 19.278000 1.487000
17.999000 43.147000 17.042000 1.487000
17.493000 45.166000 15.897000 1.487000
16.183000 44.227000 16.084000 1.487000
16.769000 46.532000 17.697000 1.487000
20.284000 44.290000 16.579000 0.600000
15.635000 46.479000 16.524000 1.487000
16.318000 44.204000 19.135000 1.487000
15.451000 45.586000 17.878000 1.487000
18.978000 44.087000 20.503000 1.824000
19.480000 43.369000 21.669000 1.908000
20.942000 43.650000 22.007000 1.908000
21.590000 42.840000 22.675000 1.661200
19.291000 41.854000 21.498000 1.908000
17.832000 41.460000 21.373000 1.908000
18.928000 43.677000 22.470000 1.387000
18.223000 44.810000 20.562000 0.600000
19.678000 41.400000 22.295000 1.487000
19.770000 41.571000 20.673000 1.487000
16.978000 41.961000 22.105000 1.661200
17.540000 40.553000 20.449000 1.824000
16.596000 40.256000 20.315000 0.600000
18.269000 40.163000 19.883000 0.600000
21.462000 44.788000 21.559000 1.824000
22.852000 45.125000 21.850000 1.908000
22.942000 45.952000 23.122000 1.908000
22.164000 46.878000 23.317000 1.661200
23.484000 45.921000 20.705000 1.908000
24.901000 46.361000 21.012000 1.908000
25.961000 45.457000 20.956000 1.908000
25.171000 47.667000 21.426000 1.908000
27.262000 45.843000 21.312000 1.908000
26.459000 48.062000 21.783000 1.908000
27.498000 47.149000 21.725000 1.908000
28.771000 47.543000 22.080000 1.721000
23.360000 44.270000 21.994000 1.387000
28.008000 45.183000 21.266000 1.459000
26.629000 49.001000 22.080000 1.459000
20.826000 45.383000 21.013000 0.600000
24.427000 48.331000 21.466000 1.459000
25.799000 44.517000 20.659000 1.459000
22.935000 46.731000 20.547000 1.487000
23.504000 45.346000 19.898000 1.487000
29.412000 46.809000 21.865000 0.600000
23.886000 45.603000 23.989000 1.824000
24.095000 46.339000 25.232000 1.908000
25.534000 46.846000 25.271000 1.908000
25.770000 48.044000 25.390000 1.661200
23.823000 45.461000 26.478000 1.908000
25.062000 45.072000 27.077000 1.721000
23.051000 44.219000 26.091000 1.908000
23.483000 47.128000 25.244000 1.387000
23.611000 43.637000 25.494000 1.487000
22.802000 43.698000 26.912000 1.487000
24.451000 44.777000 23.711000 0.600000
23.298000 46.014000 27.156000 1.387000
22.212000 44.474000 25.601000 1.487000
25.836000 45.368000 26.507000 0.600000
26.496000 45.940000 25.137000 1.824000
27.898000 46.339000 25.160000 1.908000
28.820000 45.279000 24.581000 1.908000
28.421000 44.134000 24.380000 1.661200
28.324000 46.637000 26.594000 1.908000
28.201000 45.472000 27.386000 1.721000
26.175000 44.967000 25.020000 0.600000
27.993000 47.176000 24.595000 1.387000
27.735000 47.345000 26.964000 1.387000
29.271000 46.932000 26.594000 1.387000
27.241000 45.197000 27.430000 0.600000
30.063000 45.669000 24.324000 1.824000
31.027000 44.734000 23.781000 1.908000
30.919000 44.611000 22.278000 1.908000
30.516000 45.553000 21.598000 1.661200
30.268000 46.657000 24.538000 0.600000
31.964000 45.035000 24.026000 1.387000
30.887000 43.822000 24.203000 1.387000
31.283000 43.444000 21.759000 1.824000
31.226000 43.204000 20.323000 1.908000
29.772000 43.072000 19.893000 1.908000
28.915000 42.694000 20.691000 1.661200
32.016000 41.944000 19.973000 1.908000
33.480000 42.053000 20.288000 1.908000
34.302000 42.898000 19.547000 1.908000
34.027000 41.362000 21.362000 1.908000
35.648000 43.057000 19.875000 1.908000
35.373000 41.516000 21.698000 1.908000
36.183000 42.366000 20.952000 1.908000
37.146000 42.480000 21.190000 1.459000
31.588000 44.021000 19.874000 1.387000
36.222000 43.673000 19.325000 1.459000
35.752000 41.005000 22.484000 1.459000
31.602000 42.738000 22.447000 0.600000
33.453000 40.748000 21.902000 1.459000
33.929000 43.399000 18.772000 1.459000
31.922000 41.787000 19.003000 1.487000
31.644000 41.197000 20.500000 1.487000
29.500000 43.392000 18.632000 1.824000
28.141000 43.335000 18.109000 1.908000
27.618000 41.917000 17.973000 1.908000
28.389000 40.976000 17.773000 1.661200
28.078000 44.071000 16.767000 1.908000
28.338000 45.563000 16.909000 1.908000
28.499000 46.238000 15.563000 1.908000
27.268000 46.220000 14.777000 1.824000
27.217000 45.885000 13.493000 1.908000
28.327000 45.535000 12.859000 1.824000
26.064000 45.916000 12.839000 1.824000
29.177000 45.704000 17.432000 1.487000
27.530000 43.847000 18.740000 1.387000
26.412000 46.476000 15.234000 0.600000
27.570000 45.989000 17.384000 1.487000
26.024000 45.684000 11.872000 0.600000
25.222000 46.175000 13.323000 0.600000
30.321000 43.679000 18.067000 0.600000
29.217000 45.759000 15.059000 1.387000
28.774000 47.186000 15.720000 1.387000
28.281000 45.299000 11.875000 0.600000
29.197000 45.501000 13.338000 0.600000
27.173000 43.950000 16.388000 1.487000
28.770000 43.691000 16.172000 1.487000
26.300000 41.767000 18.086000 1.824000
25.673000 40.453000 17.994000 1.908000
25.192000 40.140000 16.579000 1.908000
25.598000 40.793000 15.621000 1.661200
24.505000 40.337000 18.997000 1.908000
23.416000 41.377000 18.766000 1.908000
26.380000 39.768000 18.222000 1.387000
25.772000 42.645000 18.241000 0.600000
24.872000 40.458000 19.915000 1.487000
24.105000 39.430000 18.903000 1.487000
23.193000 41.816000 17.641000 1.661200
22.716000 41.758000 19.836000 1.824000
21.990000 42.430000 19.744000 0.600000
22.927000 41.364000 20.732000 0.600000
24.330000 39.138000 16.445000 1.824000
23.821000 38.752000 15.127000 1.908000
22.368000 39.156000 14.892000 1.908000
21.742000 38.686000 13.934000 1.661200
23.933000 37.240000 14.954000 1.908000
23.119000 36.595000 15.910000 1.721000
24.057000 38.668000 17.323000 0.600000
24.390000 39.219000 14.426000 1.387000
24.876000 36.971000 15.093000 1.387000
23.625000 36.997000 14.045000 1.387000
22.330000 36.182000 15.455000 0.600000
21.833000 40.017000 15.756000 1.824000
20.439000 40.449000 15.646000 1.908000
20.275000 41.815000 14.981000 1.908000
20.918000 42.787000 15.371000 1.661200
19.793000 40.464000 17.033000 1.908000
19.816000 39.096000 17.694000 1.908000
20.130000 38.116000 16.992000 1.661200
19.514000 39.000000 18.902000 1.661200
22.477000 40.348000 16.498000 0.600000
19.964000 39.774000 15.054000 1.387000
18.851000 40.753000 16.931000 1.487000
20.298000 41.100000 17.601000 1.487000
19.403000 41.878000 13.978000 1.824000
19.178000 43.116000 13.243000 1.908000
17.722000 43.292000 12.852000 1.908000
17.004000 42.319000 12.608000 1.661200
20.006000 43.129000 11.953000 1.908000
21.484000 42.788000 12.118000 1.908000
22.321000 44.007000 12.467000 1.908000
23.743000 43.668000 12.492000 1.824000
24.361000 43.092000 13.518000 1.908000
23.693000 42.790000 14.626000 1.824000
25.649000 42.805000 13.431000 1.824000
21.832000 42.406000 11.263000 1.487000
19.453000 43.895000 13.829000 1.387000
24.292000 43.887000 11.675000 0.600000
21.588000 42.117000 12.851000 1.487000
26.128000 42.388000 14.204000 0.600000
26.153000 43.003000 12.586000 0.600000
18.910000 40.989000 13.771000 0.600000
22.043000 44.327000 13.364000 1.387000
22.161000 44.701000 11.778000 1.387000
24.180000 42.371000 15.401000 0.600000
22.716000 42.975000 14.691000 0.600000
19.945000 44.044000 11.553000 1.487000
19.606000 42.465000 11.320000 1.487000
17.288000 44.544000 12.801000 1.824000
15.943000 44.846000 12.366000 1.908000
16.176000 45.547000 11.036000 1.908000
17.124000 46.329000 10.891000 1.661200
15.188000 45.756000 13.381000 1.908000
13.742000 45.953000 12.916000 1.908000
15.896000 47.086000 13.546000 1.908000
12.798000 46.360000 14.021000 1.908000
15.515000 43.992000 12.157000 1.387000
15.410000 47.633000 14.227000 1.487000
16.834000 46.922000 13.849000 1.487000
15.174000 45.286000 14.251000 1.487000
13.734000 46.653000 12.204000 1.487000
13.423000 45.092000 12.520000 1.487000
13.103000 47.225000 14.418000 1.487000
17.978000 45.259000 13.092000 0.600000
11.877000 46.470000 13.649000 1.487000
15.902000 47.564000 12.669000 1.487000
12.789000 45.654000 14.728000 1.487000
15.346000 45.227000 10.052000 1.824000
15.467000 45.805000 8.723000 1.908000
14.172000 46.511000 8.399000 1.908000
13.092000 45.910000 8.475000 1.661200
15.713000 44.717000 7.672000 1.908000
16.976000 43.857000 7.713000 1.908000
18.188000 44.747000 7.646000 1.908000
16.991000 42.999000 8.966000 1.908000
16.190000 42.400000 8.973000 1.487000
17.822000 42.441000 8.982000 1.487000
16.972000 43.586000 9.776000 1.487000
14.611000 44.536000 10.311000 0.600000
18.193000 45.379000 8.425000 1.487000
19.023000 44.192000 7.672000 1.487000
18.177000 45.278000 6.795000 1.487000
16.206000 46.475000 8.731000 1.387000
16.967000 43.236000 6.934000 1.487000
15.690000 45.167000 6.761000 1.487000
14.920000 44.080000 7.706000 1.487000
14.272000 47.781000 8.026000 1.824000
13.078000 48.544000 7.712000 1.908000
13.250000 49.311000 6.414000 1.908000
14.327000 49.841000 6.122000 1.661200
12.738000 49.502000 8.857000 1.908000
13.842000 50.474000 9.208000 1.908000
14.948000 50.068000 9.957000 1.908000
13.775000 51.803000 8.804000 1.908000
15.958000 50.973000 10.296000 1.908000
14.783000 52.716000 9.136000 1.908000
15.866000 52.294000 9.881000 1.908000
16.853000 53.196000 10.214000 1.721000
12.310000 47.901000 7.597000 1.387000
16.743000 50.666000 10.834000 1.459000
14.713000 53.664000 8.833000 1.459000
15.229000 48.156000 7.982000 0.600000
12.995000 52.117000 8.266000 1.459000
15.022000 49.119000 10.257000 1.459000
12.533000 48.957000 9.669000 1.487000
11.930000 50.028000 8.594000 1.487000
17.504000 52.756000 10.829000 0.600000
12.173000 49.355000 5.638000 1.824000
12.174000 50.020000 4.346000 1.908000
11.622000 51.431000 4.444000 1.908000
11.092000 51.832000 5.479000 1.661200
11.323000 49.225000 3.360000 1.908000
9.954000 49.307000 3.717000 1.721000
11.335000 48.875000 6.034000 0.600000
13.130000 50.082000 4.026000 1.387000
11.607000 48.274000 3.384000 1.387000
11.444000 49.604000 2.451000 1.387000
9.422000 49.617000 2.930000 0.600000
11.738000 52.169000 3.344000 1.824000
11.252000 53.540000 3.279000 1.908000
9.728000 53.589000 3.338000 1.908000
9.159000 54.620000 3.700000 1.661200
11.772000 54.230000 2.008000 1.908000
11.542000 53.437000 0.861000 1.721000
12.200000 51.687000 2.545000 0.600000
11.607000 54.038000 4.080000 1.387000
12.752000 54.383000 2.109000 1.387000
11.300000 55.101000 1.905000 1.387000
10.856000 52.740000 1.068000 0.600000
9.061000 52.488000 2.979000 1.824000
7.603000 52.458000 3.075000 1.908000
7.159000 51.662000 4.302000 1.908000
6.031000 51.185000 4.394000 1.661200
6.947000 51.944000 1.781000 1.908000
7.474000 50.603000 1.329000 1.908000
8.572000 50.187000 1.754000 1.661200
6.778000 49.968000 0.513000 1.661200
9.636000 51.709000 2.648000 0.600000
7.294000 53.404000 3.212000 1.387000
7.118000 52.618000 1.068000 1.487000
5.967000 51.868000 1.950000 1.487000
8.087000 51.533000 5.245000 1.824000
7.871000 50.891000 6.539000 1.908000
7.537000 49.412000 6.671000 1.908000
6.752000 49.012000 7.534000 1.661200
6.874000 51.740000 7.331000 1.908000
7.288000 53.177000 7.250000 1.908000
6.699000 54.158000 6.505000 1.908000
8.488000 53.750000 7.787000 1.908000
7.463000 55.301000 6.533000 1.824000
8.567000 55.078000 7.313000 1.908000
9.509000 53.266000 8.618000 1.908000
9.627000 55.929000 7.640000 1.908000
10.564000 54.110000 8.944000 1.908000
10.614000 55.430000 8.454000 1.908000
11.389000 56.006000 8.711000 1.459000
8.746000 51.054000 7.103000 1.387000
7.249000 56.155000 6.062000 0.600000
9.483000 52.335000 8.972000 1.459000
11.292000 53.775000 9.530000 1.459000
9.651000 56.867000 7.284000 1.459000
5.837000 54.062000 6.009000 1.409000
9.023000 51.946000 4.973000 0.600000
6.902000 51.475000 8.268000 1.487000
5.993000 51.662000 6.924000 1.487000
8.143000 48.601000 5.815000 1.824000
7.984000 47.158000 5.909000 1.908000
9.052000 46.858000 6.950000 1.908000
10.114000 47.485000 6.938000 1.661200
8.351000 46.489000 4.591000 1.908000
7.504000 46.890000 3.385000 1.908000
8.068000 46.215000 2.141000 1.908000
6.054000 46.498000 3.611000 1.908000
5.703000 46.962000 4.425000 1.487000
5.506000 46.764000 2.817000 1.487000
5.990000 45.508000 3.741000 1.487000
8.721000 49.071000 5.097000 0.600000
8.041000 45.222000 2.258000 1.487000
7.520000 46.471000 1.345000 1.487000
9.014000 46.508000 2.002000 1.487000
7.119000 46.957000 6.286000 1.387000
7.542000 47.875000 3.273000 1.487000
8.256000 45.506000 4.707000 1.487000
9.296000 46.722000 4.380000 1.487000
8.792000 45.934000 7.859000 1.824000
9.790000 45.652000 8.874000 1.908000
10.058000 44.163000 8.992000 1.908000
9.136000 43.362000 9.158000 1.661200
9.353000 46.246000 10.241000 1.908000
9.131000 47.758000 10.081000 1.908000
10.415000 45.967000 11.313000 1.908000
8.777000 48.489000 11.356000 1.908000
10.648000 46.075000 8.555000 1.387000
10.101000 46.348000 12.178000 1.487000
10.535000 44.981000 11.392000 1.487000
8.492000 45.833000 10.488000 1.487000
9.967000 48.157000 9.697000 1.487000
8.391000 47.892000 9.416000 1.487000
9.515000 48.376000 12.019000 1.487000
7.886000 45.469000 7.786000 0.600000
8.652000 49.460000 11.158000 1.487000
11.268000 46.399000 11.034000 1.487000
7.931000 48.112000 11.730000 1.487000
11.331000 43.805000 8.885000 1.824000
11.764000 42.419000 8.988000 1.908000
12.837000 42.330000 10.057000 1.908000
13.393000 43.347000 10.484000 1.661200
12.370000 41.924000 7.665000 1.908000
11.380000 41.627000 6.572000 1.908000
10.641000 42.644000 5.979000 1.908000
11.188000 40.316000 6.118000 1.908000
9.733000 42.377000 4.956000 1.908000
10.281000 40.034000 5.095000 1.908000
9.557000 41.069000 4.520000 1.908000
8.663000 40.808000 3.512000 1.721000
10.985000 41.865000 9.277000 1.387000
9.213000 43.121000 4.538000 1.459000
10.155000 39.096000 4.782000 1.459000
11.991000 44.598000 8.722000 0.600000
11.708000 39.574000 6.531000 1.459000
10.759000 43.590000 6.290000 1.459000
12.887000 41.086000 7.859000 1.487000
13.005000 42.628000 7.336000 1.487000
8.360000 41.670000 3.109000 0.600000
13.136000 41.108000 10.483000 1.824000
14.174000 40.912000 11.478000 1.908000
14.997000 39.692000 11.104000 1.908000
14.570000 38.871000 10.297000 1.661200
13.562000 40.713000 12.871000 1.908000
12.814000 39.391000 13.062000 1.908000
12.415000 39.200000 14.522000 1.908000
11.689000 37.873000 14.745000 1.908000
11.376000 37.644000 16.201000 1.824000
14.773000 41.714000 11.491000 1.387000
10.833000 37.879000 14.227000 1.100000
12.268000 37.125000 14.418000 1.100000
11.991000 39.401000 12.501000 1.487000
13.408000 38.641000 12.788000 1.487000
11.088000 36.698000 16.324000 0.600000
12.195000 37.825000 16.739000 0.600000
10.644000 38.262000 16.474000 0.600000
11.807000 39.940000 14.790000 1.487000
13.236000 39.208000 15.084000 1.487000
12.586000 40.346000 10.060000 0.600000
12.919000 41.461000 13.039000 1.487000
14.300000 40.752000 13.545000 1.487000
16.199000 39.611000 11.666000 1.824000
17.078000 38.477000 11.471000 1.908000
17.814000 38.282000 12.787000 1.908000
18.216000 39.255000 13.435000 1.661200
18.123000 38.694000 10.350000 1.908000
18.912000 37.507000 10.214000 1.721000
19.048000 39.874000 10.670000 1.908000
16.532000 37.670000 11.295000 1.387000
19.977000 39.663000 10.364000 1.487000
18.720000 40.694000 10.198000 1.487000
16.450000 40.437000 12.259000 0.600000
17.631000 38.855000 9.474000 1.387000
19.052000 40.037000 11.658000 1.487000
18.388000 36.790000 9.742000 0.600000
17.958000 37.028000 13.193000 1.824000
18.670000 36.707000 14.416000 1.908000
19.825000 35.768000 14.076000 1.908000
20.532000 35.294000 14.965000 1.661200
17.734000 36.057000 15.464000 1.908000
17.059000 34.932000 14.886000 1.721000
16.703000 37.063000 15.945000 1.908000
19.052000 37.546000 14.799000 1.387000
16.732000 37.130000 16.946000 1.487000
16.896000 37.965000 15.551000 1.487000
17.527000 36.315000 12.573000 0.600000
18.301000 35.723000 16.244000 1.387000
15.785000 36.772000 15.663000 1.487000
17.061000 35.001000 13.883000 0.600000
20.014000 35.503000 12.783000 1.824000
21.102000 34.636000 12.345000 1.908000
22.043000 35.326000 11.357000 1.908000
22.489000 34.739000 10.372000 1.661200
20.570000 33.328000 11.745000 1.908000
19.617000 33.545000 10.581000 1.908000
19.596000 34.650000 9.991000 1.661200
18.896000 32.584000 10.247000 1.661200
19.342000 35.953000 12.141000 0.600000
21.652000 34.408000 13.164000 1.387000
20.090000 32.835000 12.463000 1.487000
21.350000 32.799000 11.425000 1.487000
22.346000 36.583000 11.648000 1.824000
23.252000 37.390000 10.834000 1.908000
22.913000 37.390000 9.344000 1.908000
23.741000 37.045000 8.497000 1.661200
24.699000 36.925000 11.036000 1.908000
25.713000 38.013000 10.852000 1.908000
21.881000 36.951000 12.511000 0.600000
23.207000 38.351000 11.167000 1.387000
24.900000 36.191000 10.378000 1.487000
24.796000 36.556000 11.966000 1.487000
25.688000 39.325000 11.193000 1.908000
27.264000 36.916000 9.914000 0.600000
28.551000 39.040000 9.895000 1.359000
27.632000 38.923000 10.258000 1.908000
26.943000 37.794000 10.271000 1.824000
26.893000 39.868000 10.811000 1.824000
24.939000 39.807000 11.638000 1.409000
21.681000 37.782000 9.041000 1.824000
21.189000 37.892000 7.672000 1.908000
21.010000 36.611000 6.854000 1.908000
20.838000 36.691000 5.645000 1.661200
22.072000 38.859000 6.866000 1.908000
22.519000 40.108000 7.611000 1.908000
23.795000 40.183000 8.175000 1.908000
21.687000 41.224000 7.719000 1.908000
24.234000 41.343000 8.824000 1.908000
22.114000 42.387000 8.368000 1.908000
23.392000 42.438000 8.916000 1.908000
23.839000 43.580000 9.542000 1.721000
20.267000 38.368000 7.707000 1.387000
25.153000 41.375000 9.216000 1.459000
21.506000 43.173000 8.437000 1.459000
21.086000 38.008000 9.876000 0.600000
20.771000 41.194000 7.326000 1.459000
24.409000 39.396000 8.117000 1.459000
21.557000 39.150000 6.057000 1.487000
22.891000 38.362000 6.574000 1.487000
23.153000 44.298000 9.441000 0.600000
21.052000 35.436000 7.475000 1.824000
20.853000 34.206000 6.702000 1.908000
19.366000 34.059000 6.367000 1.908000
18.996000 33.747000 5.232000 1.661200
21.339000 32.979000 7.486000 1.908000
22.826000 33.014000 7.824000 1.908000
23.286000 31.797000 8.602000 1.908000
23.346000 33.063000 6.970000 1.487000
21.352000 34.297000 5.842000 1.387000
23.009000 33.832000 8.371000 1.487000
21.225000 35.463000 8.481000 0.600000
21.164000 32.160000 6.939000 1.487000
20.827000 32.923000 8.343000 1.487000
23.554000 32.945000 10.246000 0.600000
23.342000 30.689000 8.067000 1.661200
23.616000 31.998000 9.879000 1.824000
23.921000 31.225000 10.466000 0.600000
18.516000 34.294000 7.362000 1.824000
17.074000 34.202000 7.173000 1.908000
16.409000 35.419000 7.800000 1.908000
16.914000 35.987000 8.770000 1.661200
16.495000 32.913000 7.811000 1.908000
16.735000 32.916000 9.220000 1.721000
17.153000 31.675000 7.200000 1.908000
16.879000 34.205000 6.192000 1.387000
16.464000 30.961000 7.063000 1.487000
17.564000 31.913000 6.318000 1.487000
18.961000 34.544000 8.266000 0.600000
15.486000 32.900000 7.656000 1.387000
17.865000 31.334000 7.816000 1.487000
17.716000 32.797000 9.410000 0.600000
15.276000 35.821000 7.235000 1.824000
14.546000 36.986000 7.722000 1.908000
13.104000 36.623000 8.050000 1.908000
12.542000 35.704000 7.462000 1.661200
14.542000 38.078000 6.653000 1.908000
15.905000 38.618000 6.324000 1.908000
16.427000 39.704000 7.025000 1.908000
16.675000 38.033000 5.323000 1.908000
17.701000 40.195000 6.732000 1.908000
17.954000 38.516000 5.020000 1.908000
18.466000 39.597000 5.726000 1.908000
19.376000 39.951000 5.522000 1.459000
14.980000 37.264000 8.586000 1.387000
18.062000 40.978000 7.246000 1.459000
18.492000 38.075000 4.290000 1.459000
14.961000 35.244000 6.430000 0.600000
16.313000 37.255000 4.810000 1.459000
15.892000 40.136000 7.742000 1.459000
13.989000 38.828000 6.987000 1.487000
14.158000 37.692000 5.826000 1.487000
12.516000 37.347000 8.996000 1.824000
11.129000 37.138000 9.377000 1.908000
10.426000 38.490000 9.282000 1.908000
10.882000 39.476000 9.856000 1.661200
10.996000 36.624000 10.831000 1.908000
11.665000 35.363000 10.966000 1.721000
9.533000 36.467000 11.206000 1.908000
10.705000 36.519000 8.727000 1.387000
9.106000 37.370000 11.303000 1.487000
9.051000 35.952000 10.492000 1.487000
13.129000 38.067000 9.434000 0.600000
11.447000 37.293000 11.456000 1.387000
9.454000 35.973000 12.076000 1.487000
12.657000 35.501000 11.050000 0.600000
9.329000 38.546000 8.539000 1.824000
8.573000 39.786000 8.425000 1.908000
7.821000 39.976000 9.746000 1.908000
7.144000 39.056000 10.202000 1.661200
7.576000 39.681000 7.265000 1.908000
6.619000 40.864000 7.130000 1.908000
5.677000 40.647000 5.947000 1.908000
4.636000 41.753000 5.823000 1.908000
5.246000 43.071000 5.444000 1.824000
9.200000 40.544000 8.305000 1.387000
3.965000 41.493000 5.123000 1.100000
4.162000 41.856000 6.702000 1.100000
6.080000 40.942000 7.961000 1.487000
7.144000 41.692000 6.976000 1.487000
4.634000 43.543000 4.814000 0.600000
5.374000 43.619000 6.268000 0.600000
6.126000 42.908000 5.004000 0.600000
5.203000 39.778000 6.070000 1.487000
6.217000 40.624000 5.109000 1.487000
9.068000 37.667000 8.067000 0.600000
7.031000 38.852000 7.397000 1.487000
8.096000 39.602000 6.413000 1.487000
7.953000 41.138000 10.388000 1.824000
7.216000 41.348000 11.632000 1.908000
6.196000 42.483000 11.533000 1.908000
5.348000 42.637000 12.407000 1.661200
8.150000 41.552000 12.865000 1.908000
9.094000 42.737000 12.647000 1.908000
8.903000 40.248000 13.149000 1.908000
10.084000 42.965000 13.817000 1.908000
6.688000 40.502000 11.794000 1.387000
9.451000 40.369000 13.972000 1.487000
8.238000 39.518000 13.281000 1.487000
7.571000 41.753000 13.647000 1.487000
9.623000 42.582000 11.820000 1.487000
8.552000 43.564000 12.542000 1.487000
10.638000 42.147000 13.922000 1.487000
8.575000 41.821000 9.958000 0.600000
10.655000 43.747000 13.596000 1.487000
9.490000 40.043000 12.370000 1.487000
9.559000 43.139000 14.642000 1.487000
6.264000 43.262000 10.459000 1.824000
5.278000 44.317000 10.233000 1.908000
5.060000 44.444000 8.726000 1.908000
6.040000 44.240000 7.973000 1.661200
5.747000 45.659000 10.802000 1.908000
5.969000 45.686000 12.314000 1.908000
4.674000 45.650000 13.127000 1.908000
4.961000 45.835000 14.549000 1.824000
5.526000 44.914000 15.325000 1.908000
5.854000 43.728000 14.821000 1.824000
5.792000 45.184000 16.598000 1.824000
3.922000 44.756000 8.315000 1.661200
4.418000 44.055000 10.659000 1.387000
4.715000 46.717000 14.967000 0.600000
6.523000 44.893000 12.582000 1.487000
6.464000 46.524000 12.561000 1.487000
6.197000 44.492000 17.186000 0.600000
5.583000 46.094000 16.969000 0.600000
7.049000 43.064000 9.818000 0.600000
4.250000 44.767000 12.987000 1.387000
4.093000 46.383000 12.809000 1.387000
6.265000 43.032000 15.425000 0.600000
5.699000 43.527000 13.860000 0.600000
5.058000 46.350000 10.582000 1.487000
6.612000 45.900000 10.362000 1.487000
