0 2.339820958117e+01
1 1.099287258330e+00
2 0.000000000000e+00
3 1.775462210155e+01
4 0.000000000000e+00
5 1.385539783832e+00
6 1.333682323366e+01
7 8.034826332607e+00
8 3.569705676382e+00
9 9.451912993915e+00
10 1.021840107951e+01
11 0.000000000000e+00
12 0.000000000000e+00
13 9.157088250874e+00
14 0.000000000000e+00
15 0.000000000000e+00
16 2.291035477984e+00
17 5.400315168551e+00
18 0.000000000000e+00
19 0.000000000000e+00
20 0.000000000000e+00
21 0.000000000000e+00
22 0.000000000000e+00
23 0.000000000000e+00
24 0.000000000000e+00
25 1.343944953937e+00
26 2.279525555825e+00
27 2.138786324815e+01
28 2.848762892603e+00
29 0.000000000000e+00
30 0.000000000000e+00
31 0.000000000000e+00
32 0.000000000000e+00
33 0.000000000000e+00
34 0.000000000000e+00
35 0.000000000000e+00
36 9.814456545649e+00
37 8.129003751596e+00
38 0.000000000000e+00
39 0.000000000000e+00
40 0.000000000000e+00
41 4.521756371967e+00
42 0.000000000000e+00
43 0.000000000000e+00
44 1.279503450586e+01
45 1.600324437096e+00
46 0.000000000000e+00
47 4.852599679115e-01
48 8.537977670665e+00
49 2.743515119646e+01
50 0.000000000000e+00
51 3.516163011884e+00
52 0.000000000000e+00
53 7.862124570478e+00
54 0.000000000000e+00
55 0.000000000000e+00
56 0.000000000000e+00
57 0.000000000000e+00
58 1.148579542768e+01
59 1.021151143500e+01
60 0.000000000000e+00
61 9.428910443483e+00
62 9.311833977396e+00
63 0.000000000000e+00
64 0.000000000000e+00
65 0.000000000000e+00
66 4.814866002269e+00
67 0.000000000000e+00
68 0.000000000000e+00
69 0.000000000000e+00
70 0.000000000000e+00
71 0.000000000000e+00
72 0.000000000000e+00
73 0.000000000000e+00
74 0.000000000000e+00
75 0.000000000000e+00
76 8.012629410701e+00
77 0.000000000000e+00
78 1.842308632786e+00
79 4.724090183557e+00
80 0.000000000000e+00
81 3.087722323748e+00
82 3.121741222676e+00
83 8.118244113593e+00
84 4.853866949847e+00
85 0.000000000000e+00
86 0.000000000000e+00
87 7.782029925827e+00
88 1.428559988046e+01
89 0.000000000000e+00
90 0.000000000000e+00
91 0.000000000000e+00
92 0.000000000000e+00
93 0.000000000000e+00
94 0.000000000000e+00
95 0.000000000000e+00
96 0.000000000000e+00
97 0.000000000000e+00
98 0.000000000000e+00
99 0.000000000000e+00
100 0.000000000000e+00
101 0.000000000000e+00
102 0.000000000000e+00
103 0.000000000000e+00
104 0.000000000000e+00
105 0.000000000000e+00
106 0.000000000000e+00
107 0.000000000000e+00
108 8.020146229980e+00
109 0.000000000000e+00
110 0.000000000000e+00
111 0.000000000000e+00
112 0.000000000000e+00
113 3.999832188800e+00
114 0.000000000000e+00
115 0.000000000000e+00
116 0.000000000000e+00
117 3.917683405237e+00
118 1.899443526410e+01
119 1.089983856813e+01
120 0.000000000000e+00
121 0.000000000000e+00
122 0.000000000000e+00
123 0.000000000000e+00
124 0.000000000000e+00
125 3.915593852912e+00
126 0.000000000000e+00
127 0.000000000000e+00
128 0.000000000000e+00
129 0.000000000000e+00
130 0.000000000000e+00
131 0.000000000000e+00
132 1.676180584529e+01
133 0.000000000000e+00
134 1.456099597305e+00
135 3.009121118302e+00
136 3.833751935521e+00
137 1.581506221377e+01
138 6.910973179452e+00
139 3.477655283819e+00
140 1.194263970916e+01
141 0.000000000000e+00
142 1.216560770653e+00
143 9.975619788093e+00
144 0.000000000000e+00
145 0.000000000000e+00
146 0.000000000000e+00
147 1.226570199141e+01
148 0.000000000000e+00
149 0.000000000000e+00
150 3.838720220839e+00
151 1.038813156744e+01
152 7.041254098891e+00
153 0.000000000000e+00
154 0.000000000000e+00
155 9.918826985040e+00
156 7.580648823908e+00
157 0.000000000000e+00
158 1.787927710984e+01
159 2.200758525486e+01
160 0.000000000000e+00
161 0.000000000000e+00
162 0.000000000000e+00
163 0.000000000000e+00
164 6.704469797628e+00
165 0.000000000000e+00
166 0.000000000000e+00
167 0.000000000000e+00
168 0.000000000000e+00
169 0.000000000000e+00
170 0.000000000000e+00
171 0.000000000000e+00
172 0.000000000000e+00
173 0.000000000000e+00
174 0.000000000000e+00
175 6.430710330372e+00
176 0.000000000000e+00
177 4.360765222516e+00
178 0.000000000000e+00
179 0.000000000000e+00
180 0.000000000000e+00
181 0.000000000000e+00
182 0.000000000000e+00
183 9.658559180007e+00
184 9.056669553868e-01
185 8.821952015153e-01
186 3.648130364392e-01
187 1.102672189916e+01
188 3.352211131954e+00
189 2.229059032574e+01
190 2.655479559060e+01
191 1.176896373623e+01
192 0.000000000000e+00
193 0.000000000000e+00
194 0.000000000000e+00
195 0.000000000000e+00
196 0.000000000000e+00
197 0.000000000000e+00
198 9.471645614864e+00
199 2.542298673716e+00
200 0.000000000000e+00
201 0.000000000000e+00
202 4.542366174334e+00
203 8.373892883551e+00
204 0.000000000000e+00
205 0.000000000000e+00
206 0.000000000000e+00
207 0.000000000000e+00
208 5.507379194910e+00
209 7.783213752278e+00
210 0.000000000000e+00
211 3.366538966115e+00
212 7.027624798444e+00
213 8.354583671230e+00
214 0.000000000000e+00
215 1.855924722064e+00
216 0.000000000000e+00
217 0.000000000000e+00
218 0.000000000000e+00
219 0.000000000000e+00
220 0.000000000000e+00
221 4.315863875698e+00
222 4.256991336184e-01
223 0.000000000000e+00
224 1.059597053674e+01
225 1.046446573226e+01
226 2.862770864171e+00
227 1.167167468516e+01
228 1.004219177966e+00
229 0.000000000000e+00
230 0.000000000000e+00
231 3.317302045172e+00
232 9.931016642291e+00
233 0.000000000000e+00
234 0.000000000000e+00
235 7.371115233746e-01
236 0.000000000000e+00
237 0.000000000000e+00
238 5.051256511155e+00
239 9.836277843213e+00
240 0.000000000000e+00
241 5.034754571345e+00
242 7.472071150951e+00
243 9.877710705710e+00
244 0.000000000000e+00
245 0.000000000000e+00
246 0.000000000000e+00
247 0.000000000000e+00
248 2.035814809078e+00
249 3.586063972607e-01
250 4.869342713176e+00
251 1.811862793024e+01
252 7.505835413285e+00
253 0.000000000000e+00
254 3.504150238634e+00
255 6.028111300793e+00
256 0.000000000000e+00
257 0.000000000000e+00
258 0.000000000000e+00
259 0.000000000000e+00
260 0.000000000000e+00
261 0.000000000000e+00
262 0.000000000000e+00
263 0.000000000000e+00
264 0.000000000000e+00
265 0.000000000000e+00
266 0.000000000000e+00
267 0.000000000000e+00
268 0.000000000000e+00
269 0.000000000000e+00
270 0.000000000000e+00
271 0.000000000000e+00
272 0.000000000000e+00
273 0.000000000000e+00
274 0.000000000000e+00
275 0.000000000000e+00
276 0.000000000000e+00
277 0.000000000000e+00
278 0.000000000000e+00
279 0.000000000000e+00
280 0.000000000000e+00
281 0.000000000000e+00
282 0.000000000000e+00
283 0.000000000000e+00
284 0.000000000000e+00
285 0.000000000000e+00
286 1.487122481972e+00
287 0.000000000000e+00
288 0.000000000000e+00
289 0.000000000000e+00
290 0.000000000000e+00
291 7.284750212941e+00
292 4.888985251787e+00
293 0.000000000000e+00
294 0.000000000000e+00
295 1.888962856357e+00
296 7.870315092808e+00
297 4.338283081837e-01
298 0.000000000000e+00
299 2.916821188384e+00
300 5.976555385313e+00
301 0.000000000000e+00
302 0.000000000000e+00
303 0.000000000000e+00
304 1.051983829872e+01
305 6.009862961958e+00
306 0.000000000000e+00
307 1.854938884772e+01
308 2.321372730790e+01
309 0.000000000000e+00
310 1.388530305477e+00
311 0.000000000000e+00
312 0.000000000000e+00
313 0.000000000000e+00
314 0.000000000000e+00
315 1.107034546360e+01
316 1.243319357516e+00
317 6.669949759296e+00
318 1.109660753060e+01
319 0.000000000000e+00
320 0.000000000000e+00
321 0.000000000000e+00
322 5.128813439442e+00
323 0.000000000000e+00
324 0.000000000000e+00
325 0.000000000000e+00
326 0.000000000000e+00
327 0.000000000000e+00
328 0.000000000000e+00
329 0.000000000000e+00
330 0.000000000000e+00
331 0.000000000000e+00
332 0.000000000000e+00
333 0.000000000000e+00
334 0.000000000000e+00
335 0.000000000000e+00
336 0.000000000000e+00
337 0.000000000000e+00
338 0.000000000000e+00
339 0.000000000000e+00
340 0.000000000000e+00
341 0.000000000000e+00
342 0.000000000000e+00
343 0.000000000000e+00
344 0.000000000000e+00
345 0.000000000000e+00
346 3.802080000175e+00
347 0.000000000000e+00
348 0.000000000000e+00
349 8.351810263618e-01
350 6.961601625444e+00
351 1.562860740270e+01
352 0.000000000000e+00
353 2.585713145373e+00
354 0.000000000000e+00
355 8.205522438261e+00
356 0.000000000000e+00
357 0.000000000000e+00
358 0.000000000000e+00
359 0.000000000000e+00
360 1.207139377133e+01
361 0.000000000000e+00
362 0.000000000000e+00
363 0.000000000000e+00
364 0.000000000000e+00
365 0.000000000000e+00
366 0.000000000000e+00
367 0.000000000000e+00
368 8.324715740480e+00
369 1.631207240306e+00
370 0.000000000000e+00
371 1.141234347448e+00
372 1.180260160095e+01
373 2.737560718699e+01
374 6.079693549055e+00
375 3.753697352361e+00
376 3.364252593626e+00
377 1.283053542595e+01
378 0.000000000000e+00
379 0.000000000000e+00
380 0.000000000000e+00
381 0.000000000000e+00
382 1.120901899932e+01
383 4.828342012724e+00
384 0.000000000000e+00
385 4.686385240134e+00
386 1.109620422716e+01
387 0.000000000000e+00
388 0.000000000000e+00
389 0.000000000000e+00
390 0.000000000000e+00
391 0.000000000000e+00
392 0.000000000000e+00
393 6.144004672515e-01
394 1.167333000422e+01
395 2.310846095513e+01
396 0.000000000000e+00
397 7.271954034331e+00
398 0.000000000000e+00
399 0.000000000000e+00
400 0.000000000000e+00
401 0.000000000000e+00
402 0.000000000000e+00
403 0.000000000000e+00
404 0.000000000000e+00
405 6.574926907466e+00
406 0.000000000000e+00
407 0.000000000000e+00
408 0.000000000000e+00
409 0.000000000000e+00
410 0.000000000000e+00
411 0.000000000000e+00
412 0.000000000000e+00
413 0.000000000000e+00
414 0.000000000000e+00
415 0.000000000000e+00
416 0.000000000000e+00
417 0.000000000000e+00
418 0.000000000000e+00
419 0.000000000000e+00
420 0.000000000000e+00
421 0.000000000000e+00
422 5.734703041645e-01
423 2.065437624761e+00
424 6.864608414822e+00
425 3.620117325469e+00
426 0.000000000000e+00
427 8.115871034758e+00
428 1.039846776725e+01
429 1.349377847158e+01
430 6.124339964462e+00
431 0.000000000000e+00
432 0.000000000000e+00
433 0.000000000000e+00
434 1.472424085493e+01
435 0.000000000000e+00
436 0.000000000000e+00
437 0.000000000000e+00
438 0.000000000000e+00
439 0.000000000000e+00
440 0.000000000000e+00
441 0.000000000000e+00
442 0.000000000000e+00
443 0.000000000000e+00
444 0.000000000000e+00
445 0.000000000000e+00
446 0.000000000000e+00
447 0.000000000000e+00
448 0.000000000000e+00
449 0.000000000000e+00
450 0.000000000000e+00
451 0.000000000000e+00
452 0.000000000000e+00
453 0.000000000000e+00
454 3.276021802889e+00
455 0.000000000000e+00
456 0.000000000000e+00
457 0.000000000000e+00
458 6.910978510899e+00
459 0.000000000000e+00
460 0.000000000000e+00
461 0.000000000000e+00
462 9.818803966376e-01
463 0.000000000000e+00
464 1.084792059413e+01
465 0.000000000000e+00
466 0.000000000000e+00
467 8.862091246081e+00
468 9.573853699027e-01
469 1.128376168465e+00
470 3.389774495866e+00
471 1.684368919831e+01
472 1.772251387317e+01
473 1.225006778675e+01
474 0.000000000000e+00
475 9.151463943502e+00
476 0.000000000000e+00
477 1.190927579391e+01
478 1.026327891114e+01
479 1.774023755630e+00
480 0.000000000000e+00
481 2.148106294589e+00
482 1.108582854203e+01
483 2.104755261919e+00
484 2.233356647316e+00
485 4.661636949724e+00
486 5.594159739775e+00
487 4.200021795095e+00
488 5.575284259545e+00
489 3.390013727162e+00
490 1.467064718170e+01
491 8.341506503581e+00
492 1.123064619560e+01
493 1.110417068532e+01
494 0.000000000000e+00
495 1.141917903848e+01
496 7.090521554346e+00
497 1.078085363218e+01
498 1.001011888753e+01
499 0.000000000000e+00
500 0.000000000000e+00
501 0.000000000000e+00
502 0.000000000000e+00
503 1.047131923782e+01
504 0.000000000000e+00
505 0.000000000000e+00
506 0.000000000000e+00
507 0.000000000000e+00
508 0.000000000000e+00
509 0.000000000000e+00
510 0.000000000000e+00
511 0.000000000000e+00
512 0.000000000000e+00
513 0.000000000000e+00
514 0.000000000000e+00
515 0.000000000000e+00
516 0.000000000000e+00
517 0.000000000000e+00
518 0.000000000000e+00
519 0.000000000000e+00
520 0.000000000000e+00
521 4.101503603792e+00
522 3.103771021676e+00
523 1.545336845289e+00
524 1.110515931999e+01
525 0.000000000000e+00
526 7.889863947446e+00
527 6.265645124926e+00
528 0.000000000000e+00
529 0.000000000000e+00
530 0.000000000000e+00
531 1.252005514217e+01
532 1.036362130038e+00
533 0.000000000000e+00
534 3.592797591408e+00
535 1.510933767249e+01
536 1.457375177644e+01
537 0.000000000000e+00
538 0.000000000000e+00
539 0.000000000000e+00
540 0.000000000000e+00
541 3.803682520333e+00
542 7.056561651734e+00
543 0.000000000000e+00
544 0.000000000000e+00
545 0.000000000000e+00
546 0.000000000000e+00
547 3.286656946788e+00
548 3.693746898054e+00
549 5.950991911468e+00
550 0.000000000000e+00
551 8.364457899257e+00
552 1.037027825900e+01
553 2.409931121234e+00
554 1.670446036872e+01
555 0.000000000000e+00
556 0.000000000000e+00
557 2.313609361018e+00
558 0.000000000000e+00
559 2.645571367516e+00
560 8.039622694317e-01
561 0.000000000000e+00
562 0.000000000000e+00
563 4.395119565525e+00
564 1.371968337338e+00
565 0.000000000000e+00
566 5.741007845661e+00
567 0.000000000000e+00
568 0.000000000000e+00
569 7.991188956148e+00
570 6.486481884173e+00
571 1.152378591692e+01
572 0.000000000000e+00
573 1.030224356015e+01
574 4.359912259240e+00
575 9.921622579017e+00
576 4.770444522582e+00
577 3.055119704885e-01
578 3.443743569691e+00
579 5.052232390508e+00
580 4.218905664336e+00
581 0.000000000000e+00
582 9.218517428622e+00
583 6.756965999149e+00
584 1.232300974399e+01
585 1.296290008679e+01
586 2.032813817692e+00
587 9.774800536288e-01
588 0.000000000000e+00
589 0.000000000000e+00
590 1.027105321280e+00
591 0.000000000000e+00
592 6.495369077702e+00
593 0.000000000000e+00
594 0.000000000000e+00
595 1.112472143690e+01
596 0.000000000000e+00
597 0.000000000000e+00
598 0.000000000000e+00
599 0.000000000000e+00
600 0.000000000000e+00
601 0.000000000000e+00
602 0.000000000000e+00
603 0.000000000000e+00
604 0.000000000000e+00
605 0.000000000000e+00
606 0.000000000000e+00
607 0.000000000000e+00
608 0.000000000000e+00
609 0.000000000000e+00
610 0.000000000000e+00
611 0.000000000000e+00
612 0.000000000000e+00
613 0.000000000000e+00
614 0.000000000000e+00
615 0.000000000000e+00
616 0.000000000000e+00
617 0.000000000000e+00
618 0.000000000000e+00
619 1.145730305839e+00
620 2.442464437495e+00
621 7.087110918620e+00
622 3.027114054635e+00
623 1.549357838417e+01
624 2.265338400760e+00
625 4.771719224548e+00
626 5.161302497882e+00
627 2.225371785494e+00
628 3.214245887862e+00
629 0.000000000000e+00
630 0.000000000000e+00
631 0.000000000000e+00
632 0.000000000000e+00
633 0.000000000000e+00
634 8.706200189322e+00
635 1.048732577667e+01
636 0.000000000000e+00
637 8.309381512840e-01
638 6.577675881922e+00
639 0.000000000000e+00
640 0.000000000000e+00
641 0.000000000000e+00
642 0.000000000000e+00
643 1.551170443577e+00
644 4.931418161054e+00
645 2.028403867706e+01
646 1.998428789605e+01
647 0.000000000000e+00
648 4.384249678970e+00
649 3.579655024109e+00
650 1.095855944341e+01
651 0.000000000000e+00
652 0.000000000000e+00
653 0.000000000000e+00
654 0.000000000000e+00
655 0.000000000000e+00
656 7.696129108917e+00
657 0.000000000000e+00
658 0.000000000000e+00
659 0.000000000000e+00
660 0.000000000000e+00
661 0.000000000000e+00
662 0.000000000000e+00
663 0.000000000000e+00
664 0.000000000000e+00
665 0.000000000000e+00
666 0.000000000000e+00
667 0.000000000000e+00
668 0.000000000000e+00
669 0.000000000000e+00
670 0.000000000000e+00
671 0.000000000000e+00
672 0.000000000000e+00
673 0.000000000000e+00
674 0.000000000000e+00
675 0.000000000000e+00
676 0.000000000000e+00
677 0.000000000000e+00
678 0.000000000000e+00
679 0.000000000000e+00
680 0.000000000000e+00
681 0.000000000000e+00
682 0.000000000000e+00
683 5.432527533378e+00
684 1.763881217432e+01
685 3.549984360866e-01
686 1.287757896855e+01
687 1.585869419366e+00
688 5.125054028697e+00
689 0.000000000000e+00
690 0.000000000000e+00
691 0.000000000000e+00
692 9.095293423639e+00
693 1.061185506293e+01
694 0.000000000000e+00
695 0.000000000000e+00
696 2.913027225508e+00
697 3.227301738164e+00
698 1.770678918489e+01
699 0.000000000000e+00
700 8.256944651666e+00
701 1.069177363215e+01
702 8.107065331014e+00
703 1.075951533249e+00
704 2.334142377875e+00
705 1.766865384495e+01
706 0.000000000000e+00
707 0.000000000000e+00
708 7.503369566061e-01
709 2.050816544461e+00
710 8.410355824267e+00
711 3.095653207878e+00
712 4.516010242004e+00
713 4.728879253154e+00
714 4.273165092877e+00
715 4.429781128897e+00
716 1.114431686970e+01
717 5.600218605778e+00
718 0.000000000000e+00
719 9.995239408198e+00
720 1.002497002014e+01
721 9.737947623706e+00
722 0.000000000000e+00
723 0.000000000000e+00
724 0.000000000000e+00
725 0.000000000000e+00
726 0.000000000000e+00
727 0.000000000000e+00
728 0.000000000000e+00
729 1.078058973013e+01
730 0.000000000000e+00
731 0.000000000000e+00
732 0.000000000000e+00
733 5.253988602033e+00
734 0.000000000000e+00
735 0.000000000000e+00
736 0.000000000000e+00
737 0.000000000000e+00
738 0.000000000000e+00
739 0.000000000000e+00
740 0.000000000000e+00
741 0.000000000000e+00
742 6.256812019228e+00
743 0.000000000000e+00
744 0.000000000000e+00
745 0.000000000000e+00
746 0.000000000000e+00
747 1.334854494492e+00
748 4.252935289640e+00
749 1.587912541489e+01
750 1.718820278431e+01
751 0.000000000000e+00
752 9.131621851202e+00
753 1.189355432073e+01
754 0.000000000000e+00
755 2.728115446960e+00
756 1.140593336309e+01
757 4.565631753721e+00
758 0.000000000000e+00
759 1.755172763785e+00
760 1.670448610478e+01
761 2.550047227782e+00
762 1.844091135998e+00
763 0.000000000000e+00
764 4.045511857154e+00
765 0.000000000000e+00
766 1.792054584674e+00
767 0.000000000000e+00
768 0.000000000000e+00
769 0.000000000000e+00
770 0.000000000000e+00
771 8.894696225782e+00
772 0.000000000000e+00
773 1.112303953970e+01
774 0.000000000000e+00
775 5.816981017185e+00
776 7.774850657326e+00
777 0.000000000000e+00
778 1.029463718335e+00
779 0.000000000000e+00
780 0.000000000000e+00
781 0.000000000000e+00
782 2.016270171086e+00
783 2.029909955346e+00
784 3.779045466692e+00
785 9.580723497123e+00
786 0.000000000000e+00
787 8.406683946123e+00
788 3.747301020340e+00
789 8.690414521973e+00
790 6.710743219775e+00
791 2.861570011445e+00
792 0.000000000000e+00
793 0.000000000000e+00
794 0.000000000000e+00
795 4.804665097889e+00
796 0.000000000000e+00
797 0.000000000000e+00
798 0.000000000000e+00
799 0.000000000000e+00
800 0.000000000000e+00
801 0.000000000000e+00
802 0.000000000000e+00
803 0.000000000000e+00
804 0.000000000000e+00
805 0.000000000000e+00
806 0.000000000000e+00
807 0.000000000000e+00
808 0.000000000000e+00
809 0.000000000000e+00
810 0.000000000000e+00
811 0.000000000000e+00
812 0.000000000000e+00
813 0.000000000000e+00
814 0.000000000000e+00
815 0.000000000000e+00
816 0.000000000000e+00
817 2.350650769185e+00
818 0.000000000000e+00
819 0.000000000000e+00
820 1.073081853405e+01
821 0.000000000000e+00
822 1.235374654149e+01
823 4.892779674166e+00
824 0.000000000000e+00
825 5.601765558074e+00
826 2.041530276928e+00
827 0.000000000000e+00
828 0.000000000000e+00
829 0.000000000000e+00
830 0.000000000000e+00
831 0.000000000000e+00
832 0.000000000000e+00
833 0.000000000000e+00
834 0.000000000000e+00
835 0.000000000000e+00
836 0.000000000000e+00
837 0.000000000000e+00
838 0.000000000000e+00
839 0.000000000000e+00
840 0.000000000000e+00
841 0.000000000000e+00
842 0.000000000000e+00
843 0.000000000000e+00
844 0.000000000000e+00
845 0.000000000000e+00
846 0.000000000000e+00
847 0.000000000000e+00
848 0.000000000000e+00
849 0.000000000000e+00
850 1.363165368409e+00
851 0.000000000000e+00
852 3.642814789978e+00
853 1.663651710243e+01
854 1.178177211478e+01
855 0.000000000000e+00
856 0.000000000000e+00
857 0.000000000000e+00
858 0.000000000000e+00
859 1.591699596475e+00
860 3.382571474391e+00
861 0.000000000000e+00
862 0.000000000000e+00
863 0.000000000000e+00
864 0.000000000000e+00
865 0.000000000000e+00
866 0.000000000000e+00
867 0.000000000000e+00
868 0.000000000000e+00
869 0.000000000000e+00
870 0.000000000000e+00
871 0.000000000000e+00
872 0.000000000000e+00
873 0.000000000000e+00
874 0.000000000000e+00
875 0.000000000000e+00
876 0.000000000000e+00
877 0.000000000000e+00
878 0.000000000000e+00
879 0.000000000000e+00
880 0.000000000000e+00
881 0.000000000000e+00
882 0.000000000000e+00
883 0.000000000000e+00
884 0.000000000000e+00
885 0.000000000000e+00
886 0.000000000000e+00
887 0.000000000000e+00
888 0.000000000000e+00
889 0.000000000000e+00
890 0.000000000000e+00
891 3.344316217569e-01
892 4.036208816224e+00
893 3.863978256301e+00
894 1.777713683555e+01
895 2.246925586219e+01
896 0.000000000000e+00
897 0.000000000000e+00
898 0.000000000000e+00
899 5.878784630560e+00
900 0.000000000000e+00
901 0.000000000000e+00
902 0.000000000000e+00
903 9.016804716798e+00
904 0.000000000000e+00
905 0.000000000000e+00
906 0.000000000000e+00
907 4.874491345665e+00
908 0.000000000000e+00
909 0.000000000000e+00
910 0.000000000000e+00
911 0.000000000000e+00
912 0.000000000000e+00
913 0.000000000000e+00
914 0.000000000000e+00
915 4.962008582342e+00
916 1.151115356500e+00
917 9.237563140119e+00
918 4.065031877081e+00
919 0.000000000000e+00
920 0.000000000000e+00
921 0.000000000000e+00
922 0.000000000000e+00
923 1.426928098988e+01
924 2.461541772417e+01
925 0.000000000000e+00
926 0.000000000000e+00
927 0.000000000000e+00
928 0.000000000000e+00
929 0.000000000000e+00
930 0.000000000000e+00
931 0.000000000000e+00
932 0.000000000000e+00
933 4.684823094297e+00
934 0.000000000000e+00
935 5.132859787649e+00
936 0.000000000000e+00
937 0.000000000000e+00
938 0.000000000000e+00
939 0.000000000000e+00
940 6.255635612775e+00
941 0.000000000000e+00
942 1.530323521121e+00
943 0.000000000000e+00
944 6.410436300274e+00
945 0.000000000000e+00
946 0.000000000000e+00
947 0.000000000000e+00
948 3.141432144979e+00
949 5.100389526861e+00
950 2.156841526169e+00
951 1.505351838125e+00
952 4.692071321161e+00
953 1.282417235224e+01
954 1.907657869622e+01
955 8.231327947899e+00
956 0.000000000000e+00
957 1.219860225957e+01
958 0.000000000000e+00
959 9.155858150227e+00
960 1.132913535098e+01
961 1.939282220334e+00
962 0.000000000000e+00
963 0.000000000000e+00
964 7.573724080107e+00
965 0.000000000000e+00
966 1.174175386765e+00
967 6.114755399062e+00
968 3.186303949606e+00
969 2.477956558752e+00
970 1.271668150284e+01
971 0.000000000000e+00
972 5.019904750260e+00
973 2.136005778552e+00
974 0.000000000000e+00
975 6.739998450851e+00
976 2.749771070143e+01
977 0.000000000000e+00
978 0.000000000000e+00
979 0.000000000000e+00
980 0.000000000000e+00
981 0.000000000000e+00
982 0.000000000000e+00
983 0.000000000000e+00
984 0.000000000000e+00
985 0.000000000000e+00
986 0.000000000000e+00
987 0.000000000000e+00
988 0.000000000000e+00
989 0.000000000000e+00
990 0.000000000000e+00
991 0.000000000000e+00
992 5.954015772578e+00
993 0.000000000000e+00
994 0.000000000000e+00
995 0.000000000000e+00
996 9.603004388868e+00
997 2.775063558994e+01
998 0.000000000000e+00
999 1.951369685934e+00
1000 2.197907775857e+00
1001 0.000000000000e+00
1002 0.000000000000e+00
1003 0.000000000000e+00
1004 0.000000000000e+00
1005 0.000000000000e+00
1006 4.849792418678e+00
1007 4.963241355639e+00
1008 0.000000000000e+00
1009 7.088644922250e+00
1010 3.613634047757e+00
1011 0.000000000000e+00
1012 0.000000000000e+00
1013 0.000000000000e+00
1014 1.713876006585e+01
1015 0.000000000000e+00
1016 1.768073044604e+00
1017 4.854762946987e+00
1018 1.162090002546e+01
1019 8.718699660020e+00
1020 0.000000000000e+00
1021 0.000000000000e+00
1022 1.068847902579e+01
1023 4.766753254628e+00
1024 0.000000000000e+00
1025 1.922796912969e+01
1026 1.984816860393e+01
1027 0.000000000000e+00
1028 0.000000000000e+00
1029 0.000000000000e+00
1030 1.750150949343e+00
1031 9.477050587771e+00
1032 0.000000000000e+00
1033 0.000000000000e+00
1034 1.022866278122e+00
1035 4.335981681433e+00
1036 1.044598522558e+01
1037 1.184264667814e+01
1038 1.012867653217e+01
1039 0.000000000000e+00
1040 0.000000000000e+00
1041 7.348953322240e+00
1042 9.879027372815e+00
1043 3.463028925359e+00
1044 6.385980987350e+00
1045 0.000000000000e+00
1046 0.000000000000e+00
1047 0.000000000000e+00
1048 0.000000000000e+00
1049 0.000000000000e+00
1050 6.059567423600e+00
1051 0.000000000000e+00
1052 0.000000000000e+00
1053 0.000000000000e+00
1054 3.005519352630e+00
1055 0.000000000000e+00
1056 0.000000000000e+00
1057 0.000000000000e+00
1058 0.000000000000e+00
1059 0.000000000000e+00
1060 0.000000000000e+00
1061 0.000000000000e+00
1062 2.424916187951e-01
1063 4.703800203846e+00
1064 7.563876330532e+00
1065 1.539486279412e-01
1066 1.078646748025e+00
1067 8.128907016955e+00
1068 1.843664071692e+01
1069 2.066501535485e+01
1070 9.666686428796e+00
1071 8.857737277772e+00
1072 9.088268656553e+00
1073 0.000000000000e+00
1074 1.012213936243e+01
1075 7.702289577932e+00
1076 1.753630788334e+00
1077 5.260729474092e-01
1078 0.000000000000e+00
1079 0.000000000000e+00
1080 7.975159017621e-01
1081 4.014478328213e+00
1082 8.247453845453e+00
1083 0.000000000000e+00
1084 1.300682666274e+01
1085 1.094752685675e+01
1086 1.313621431153e+01
1087 2.321713851972e+01
1088 0.000000000000e+00
1089 0.000000000000e+00
1090 3.724406989955e+00
1091 2.259454840076e+00
1092 0.000000000000e+00
1093 0.000000000000e+00
1094 0.000000000000e+00
1095 9.194378017296e+00
1096 0.000000000000e+00
1097 0.000000000000e+00
1098 0.000000000000e+00
1099 0.000000000000e+00
1100 0.000000000000e+00
1101 0.000000000000e+00
1102 0.000000000000e+00
1103 0.000000000000e+00
1104 0.000000000000e+00
1105 0.000000000000e+00
1106 0.000000000000e+00
1107 0.000000000000e+00
1108 0.000000000000e+00
1109 0.000000000000e+00
1110 0.000000000000e+00
1111 2.021503499986e+00
1112 1.731889845410e+00
1113 3.458730338326e+00
1114 1.102236486071e+01
1115 1.729191423450e+01
1116 1.337897962896e+01
1117 0.000000000000e+00
1118 9.493347615627e+00
1119 0.000000000000e+00
1120 9.807686610237e-01
1121 5.090584244166e+00
1122 0.000000000000e+00
1123 0.000000000000e+00
1124 0.000000000000e+00
1125 2.648370345617e+00
1126 4.473290939883e+00
1127 1.697573380730e+01
1128 0.000000000000e+00
1129 9.112282288162e+00
1130 0.000000000000e+00
1131 0.000000000000e+00
1132 0.000000000000e+00
1133 0.000000000000e+00
1134 0.000000000000e+00
1135 0.000000000000e+00
1136 0.000000000000e+00
1137 0.000000000000e+00
1138 0.000000000000e+00
1139 0.000000000000e+00
1140 0.000000000000e+00
1141 0.000000000000e+00
1142 0.000000000000e+00
1143 0.000000000000e+00
1144 0.000000000000e+00
1145 0.000000000000e+00
1146 0.000000000000e+00
1147 0.000000000000e+00
1148 0.000000000000e+00
1149 0.000000000000e+00
1150 0.000000000000e+00
1151 0.000000000000e+00
1152 0.000000000000e+00
1153 0.000000000000e+00
1154 0.000000000000e+00
1155 0.000000000000e+00
1156 6.875896617565e+00
1157 1.657030450259e+00
1158 7.452240433103e+00
1159 0.000000000000e+00
1160 0.000000000000e+00
1161 0.000000000000e+00
1162 0.000000000000e+00
1163 0.000000000000e+00
1164 0.000000000000e+00
1165 0.000000000000e+00
1166 0.000000000000e+00
1167 0.000000000000e+00
1168 0.000000000000e+00
1169 0.000000000000e+00
1170 0.000000000000e+00
1171 0.000000000000e+00
1172 0.000000000000e+00
1173 3.101396603943e-01
1174 3.275984034948e+00
1175 1.265845313938e+01
1176 0.000000000000e+00
1177 2.857351497454e+00
1178 0.000000000000e+00
1179 3.074540505010e+00
1180 5.716232524043e+00
1181 0.000000000000e+00
1182 1.128190524159e+01
1183 2.264749522553e+01
1184 0.000000000000e+00
1185 0.000000000000e+00
1186 0.000000000000e+00
1187 0.000000000000e+00
1188 0.000000000000e+00
1189 0.000000000000e+00
1190 0.000000000000e+00
1191 7.377262017643e-01
1192 0.000000000000e+00
1193 0.000000000000e+00
1194 6.002444712435e+00
1195 0.000000000000e+00
1196 0.000000000000e+00
1197 0.000000000000e+00
1198 0.000000000000e+00
1199 0.000000000000e+00
1200 9.697387991819e+00
1201 0.000000000000e+00
1202 0.000000000000e+00
1203 0.000000000000e+00
1204 0.000000000000e+00
1205 0.000000000000e+00
1206 0.000000000000e+00
1207 0.000000000000e+00
1208 0.000000000000e+00
1209 0.000000000000e+00
1210 0.000000000000e+00
1211 0.000000000000e+00
1212 0.000000000000e+00
1213 0.000000000000e+00
1214 0.000000000000e+00
1215 0.000000000000e+00
1216 0.000000000000e+00
1217 0.000000000000e+00
1218 0.000000000000e+00
1219 0.000000000000e+00
1220 0.000000000000e+00
1221 0.000000000000e+00
1222 0.000000000000e+00
1223 2.192936303500e+00
1224 7.217499288492e+00
1225 1.020042559470e+00
1226 0.000000000000e+00
1227 3.487722719905e+00
1228 3.535268810523e+00
1229 6.335313762673e+00
1230 2.621930989869e+01
1231 2.684057525399e+01
1232 0.000000000000e+00
1233 0.000000000000e+00
1234 0.000000000000e+00
1235 0.000000000000e+00
1236 0.000000000000e+00
1237 0.000000000000e+00
1238 0.000000000000e+00
1239 8.993106726507e+00
1240 8.246859061565e+00
1241 0.000000000000e+00
1242 0.000000000000e+00
1243 9.381246649621e+00
1244 2.737070150294e+00
1245 0.000000000000e+00
1246 0.000000000000e+00
1247 0.000000000000e+00
1248 0.000000000000e+00
1249 0.000000000000e+00
1250 1.365713227396e+00
1251 4.439788272543e+00
1252 1.449831014511e+01
1253 1.279619149078e+01
1254 1.202953989285e+01
1255 5.300025347001e+00
1256 4.356623406946e+00
1257 0.000000000000e+00
1258 7.727813491839e+00
1259 0.000000000000e+00
1260 0.000000000000e+00
1261 0.000000000000e+00
1262 0.000000000000e+00
1263 0.000000000000e+00
1264 0.000000000000e+00
1265 0.000000000000e+00
1266 0.000000000000e+00
1267 0.000000000000e+00
1268 0.000000000000e+00
1269 0.000000000000e+00
1270 0.000000000000e+00
1271 0.000000000000e+00
1272 0.000000000000e+00
1273 9.377380758438e+00
1274 0.000000000000e+00
1275 4.435958385841e-01
1276 0.000000000000e+00
1277 1.115577132073e+01
1278 2.830447548515e+01
1279 0.000000000000e+00
1280 3.376789191234e+00
1281 2.644185153675e+00
1282 8.450239635400e+00
1283 5.989978883184e+00
1284 0.000000000000e+00
1285 0.000000000000e+00
1286 0.000000000000e+00
1287 1.040566987817e+01
1288 0.000000000000e+00
1289 0.000000000000e+00
1290 0.000000000000e+00
1291 0.000000000000e+00
1292 2.125374633727e+00
1293 7.415497350338e-01
1294 0.000000000000e+00
1295 1.738388388517e+01
1296 4.133930641309e+00
1297 0.000000000000e+00
1298 8.663143129436e+00
1299 3.025255687667e+00
1300 9.798788735731e+00
1301 1.274521139985e+01
1302 0.000000000000e+00
1303 0.000000000000e+00
1304 3.677714658740e+00
1305 1.629258116404e+01
1306 1.050517673732e+00
1307 1.532262524620e+00
1308 4.840913833209e+00
1309 1.313685473685e+01
1310 1.833346879217e+01
1311 1.096261011300e+01
1312 6.147688207849e+00
1313 4.571312439487e+00
1314 0.000000000000e+00
1315 7.679427159907e+00
1316 4.569758197800e+00
1317 3.709441529710e+00
1318 2.927145279211e+00
1319 5.617953527876e+00
1320 1.613282815314e+01
1321 0.000000000000e+00
1322 8.995352894129e+00
1323 6.687334166935e+00
1324 2.520483274037e+00
1325 0.000000000000e+00
1326 0.000000000000e+00
1327 4.592943929903e+00
1328 0.000000000000e+00
1329 1.728681290197e+01
1330 0.000000000000e+00
1331 7.709951547576e+00
1332 0.000000000000e+00
1333 0.000000000000e+00
1334 0.000000000000e+00
1335 4.165254939792e+00
1336 0.000000000000e+00
1337 0.000000000000e+00
1338 0.000000000000e+00
1339 2.148440956700e+00
1340 4.162710505722e+00
1341 1.705781054774e+01
1342 1.410633324686e+01
1343 0.000000000000e+00
1344 7.563514801062e+00
1345 1.769761474221e+00
1346 1.188495670020e+01
1347 2.634429754287e+00
1348 0.000000000000e+00
1349 0.000000000000e+00
1350 7.096463532069e+00
1351 0.000000000000e+00
1352 0.000000000000e+00
1353 0.000000000000e+00
1354 0.000000000000e+00
1355 0.000000000000e+00
1356 0.000000000000e+00
1357 0.000000000000e+00
1358 0.000000000000e+00
1359 0.000000000000e+00
1360 0.000000000000e+00
1361 0.000000000000e+00
1362 0.000000000000e+00
1363 0.000000000000e+00
1364 0.000000000000e+00
1365 0.000000000000e+00
1366 0.000000000000e+00
1367 0.000000000000e+00
1368 0.000000000000e+00
1369 0.000000000000e+00
1370 0.000000000000e+00
1371 2.190335868630e+01
1372 3.486761727105e+00
1373 5.130543614501e+00
1374 1.065145046451e+01
1375 1.556051710712e+00
1376 0.000000000000e+00
1377 0.000000000000e+00
1378 1.211223294043e+01
1379 0.000000000000e+00
1380 5.262141184217e+00
1381 0.000000000000e+00
1382 0.000000000000e+00
1383 1.577159275629e+01
1384 0.000000000000e+00
1385 0.000000000000e+00
1386 0.000000000000e+00
1387 0.000000000000e+00
1388 0.000000000000e+00
1389 0.000000000000e+00
1390 0.000000000000e+00
1391 1.016757094370e+01
1392 0.000000000000e+00
1393 0.000000000000e+00
1394 0.000000000000e+00
1395 0.000000000000e+00
1396 0.000000000000e+00
1397 0.000000000000e+00
1398 6.992011253230e+00
1399 0.000000000000e+00
1400 0.000000000000e+00
1401 0.000000000000e+00
1402 0.000000000000e+00
1403 0.000000000000e+00
1404 0.000000000000e+00
1405 1.433694146509e+00
1406 4.703109813318e+00
1407 4.928345169568e+00
1408 9.385817627047e+00
1409 0.000000000000e+00
1410 0.000000000000e+00
1411 1.067669586678e+01
1412 0.000000000000e+00
1413 8.469550945014e+00
1414 0.000000000000e+00
1415 9.585516231344e+00
1416 1.214785045320e+01
1417 3.148219261641e+00
1418 5.516116853297e+00
1419 0.000000000000e+00
1420 1.727531149426e+00
1421 1.749275996010e+01
1422 6.548292637284e-01
1423 0.000000000000e+00
1424 4.998660535748e+00
1425 0.000000000000e+00
1426 0.000000000000e+00
1427 0.000000000000e+00
1428 0.000000000000e+00
1429 0.000000000000e+00
1430 1.024281247777e+01
1431 8.198443505239e+00
1432 1.112001455790e+01
1433 0.000000000000e+00
1434 1.933611997879e+00
1435 7.269854731614e+00
1436 8.251360847588e+00
1437 0.000000000000e+00
1438 0.000000000000e+00
1439 5.051390411754e+00
1440 1.336989677642e+01
1441 4.207406946280e+00
1442 8.155914913933e+00
1443 1.116806825977e+01
1444 0.000000000000e+00
1445 7.779936297710e+00
1446 8.407405466373e+00
1447 8.646161909546e+00
1448 0.000000000000e+00
