49.353 42.434 11.329
48.207 42.354 10.362
47.719 40.923 10.202
48.295 40.013 10.813
48.662 43.008 9.067
49.616 42.279 8.164
49.931 43.136 6.596
50.62 44.695 7.104
50.031 45.12 7.796
51.534 44.554 7.494
50.693 45.31 6.315
49.905 43.231 11.102
48.985 42.519 12.251
50.502 42.125 8.668
49.25 41.332 7.983
49.895 41.603 11.248
47.462 42.908 10.743
49.081 43.928 9.3
47.819 43.25 8.514
46.595 40.714 9.515
46.106 39.361 9.308
46.439 38.851 7.893
46.095 39.458 6.881
44.599 39.286 9.548
44.001 37.898 9.521
44.246 37.078 10.776
43.721 35.674 10.567
44.736 34.604 10.474
46.543 38.744 9.975
43.076 35.452 11.332
43.152 35.664 9.715
42.999 37.974 9.378
44.379 37.391 8.727
45.321 34.763 9.677
45.299 34.6 11.302
44.282 33.717 10.379
43.762 37.491 11.53
45.217 37.034 10.946
46.13 41.561 9.163
44.145 39.841 8.842
44.407 39.696 10.446
46.968 37.647 7.813
47.257 36.995 6.546
46.391 35.783 6.309
46.158 34.923 7.152
48.764 36.694 6.502
49.485 37.859 5.845
50.981 37.823 6.146
51.653 39.194 6.043
53.078 39.159 6.406
47.101 37.662 5.795
51.552 39.525 5.096
51.164 39.833 6.651
49.356 37.809 4.856
49.109 38.716 6.191
53.641 39.186 5.577
53.302 39.949 6.981
53.28 38.318 6.912
51.426 37.206 5.496
51.114 37.477 7.076
47.164 37.197 8.74
48.901 35.891 5.961
49.086 36.601 7.42
45.83 35.667 5.113
45.026 34.493 4.771
45.533 33.903 3.438
45.856 34.683 2.54
43.569 34.844 4.695
46.003 36.451 4.464
45.138 33.802 5.482
43.096 34.532 5.523
43.457 35.838 4.613
43.149 34.404 3.897
45.671 32.582 3.376
46.14 31.924 2.145
45.116 30.9 1.673
44.706 30.049 2.484
47.482 31.211 2.289
47.899 30.478 0.973
48.577 32.167 2.725
46.23 32.627 1.436
48.878 30.593 0.847
49.112 32.445 1.927
47.391 30.495 2.979
47.67 29.516 1.064
47.4 30.885 0.216
45.429 32.069 4.238
48.164 32.974 3.149
49.173 31.71 3.386
44.719 30.988 0.4
43.845 29.994 -0.201
44.635 29.218 -1.295
45.152 29.876 -2.242
42.623 30.595 -0.897
41.804 31.466 0.092
41.809 29.525 -1.598
40.517 32.078 -0.383
43.635 29.325 0.506
41.077 29.961 -2.12
42.406 29.011 -2.213
42.936 31.192 -1.628
41.617 30.893 0.914
42.422 32.21 0.416
39.885 31.356 -0.666
45.086 31.816 -0.109
40.103 32.608 0.358
41.418 28.911 -0.913
40.698 32.682 -1.16
44.737 27.901 -1.129
45.453 27.115 -2.171
44.398 26.515 -3.075
43.764 25.456 -2.85
46.364 26.048 -1.627
47.43 26.581 -0.694
45.975 27.766 -2.704
44.321 27.504 -0.301
46.82 25.588 -2.393
45.815 25.377 -1.123
47.41 26.202 0.489
48.326 27.443 -1.162
49.036 27.81 -0.594
48.268 27.728 -2.134
44.079 27.292 -4.113
43.013 27.032 -5.057
42.888 25.608 -5.548
41.776 25.14 -5.813
44.703 28.153 -4.186
42.116 27.319 -4.635
43.128 27.656 -5.871
44.005 24.911 -5.739
44.029 23.572 -6.267
43.459 22.58 -5.26
42.93 21.565 -5.732
45.399 23.153 -6.784
46.494 22.824 -5.815
46.974 23.956 -4.941
46.493 25.121 -5.082
47.864 23.694 -4.094
46.17 22.099 -5.207
43.49 23.524 -7.119
47.286 22.494 -6.331
44.878 25.437 -5.465
45.733 23.902 -7.377
45.257 22.34 -7.37
43.486 22.898 -3.976
42.901 21.996 -2.989
41.416 22.208 -2.782
40.829 21.386 -2.102
43.642 22.124 -1.67
45.143 21.963 -1.769
45.847 22.117 -0.435
45.348 21.051 -2.132
43.037 21.044 -3.323
45.502 22.655 -2.399
43.934 23.793 -3.744
43.295 21.424 -1.033
43.451 23.031 -1.277
47.645 22.057 -1.336
45.206 22.202 0.641
47.176 22.152 -0.429
47.699 22.266 0.427
40.803 23.236 -3.375
39.42 23.572 -3.218
38.533 22.733 -4.117
38.527 22.942 -5.333
39.208 25.076 -3.508
40.078 25.954 -2.612
37.744 25.465 -3.413
39.828 25.869 -1.109
39.167 23.336 -2.268
37.64 26.416 -3.699
37.209 24.87 -4.011
39.471 25.242 -4.458
41.048 25.725 -2.785
39.953 26.918 -2.896
39.983 24.932 -0.806
41.464 23.799 -3.995
40.455 26.485 -0.64
37.439 25.359 -2.468
38.886 26.135 -0.921
37.729 21.838 -3.581
36.964 20.9 -4.394
35.476 21.08 -4.2
34.707 20.284 -4.741
37.295 19.439 -4.141
38.732 19.049 -3.906
39.385 18.371 -5.074
38.692 17.337 -5.853
39.362 16.813 -6.92
40.576 17.272 -7.168
38.851 15.907 -7.711
38.782 18.425 -3.111
37.189 21.059 -5.367
37.819 17.042 -5.631
39.269 19.876 -3.68
39.339 15.558 -8.48
37.915 15.551 -7.521
37.684 21.854 -2.539
40.282 17.963 -4.739
39.69 19.112 -5.738
41.071 16.894 -7.977
40.998 17.954 -6.597
36.954 18.9 -4.936
36.755 19.133 -3.333
35.103 22.169 -3.527
33.698 22.519 -3.377
33.597 23.915 -2.747
34.539 24.382 -2.137
32.94 21.493 -2.515
33.43 21.596 -1.176
35.882 22.726 -3.133
33.285 22.566 -4.284
33.125 20.592 -2.857
31.984 21.712 -2.526
34.409 21.408 -1.171
32.428 24.536 -2.839
32.15 25.814 -2.17
32.241 25.662 -0.645
32.892 26.479 0.001
30.811 26.406 -2.617
30.561 27.774 -1.97
29.643 25.488 -2.267
31.485 28.851 -2.485
32.888 26.437 -2.438
28.801 25.89 -2.62
29.799 24.596 -2.685
30.843 26.538 -3.606
29.618 28.038 -2.15
30.691 27.68 -0.986
31.358 28.955 -3.471
31.719 24.042 -3.427
31.276 29.715 -2.029
29.591 25.398 -1.275
32.433 28.595 -2.296
31.937 24.497 -0.074
32.161 24.164 1.311
33.632 24.133 1.689
33.973 24.617 2.797
31.604 22.757 1.723
32.572 22.001 2.3
31.497 23.809 -0.76
31.711 24.873 1.886
31.26 22.328 0.889
30.847 22.92 2.354
33.459 22.484 2.3
34.496 23.63 0.775
35.924 23.667 1.129
36.387 25.132 1.214
37.274 25.51 1.972
36.822 22.987 0.105
36.778 21.486 0.021
36.291 20.833 0.975
37.246 20.924 -1.01
34.107 23.272 -0.069
36.012 23.281 2.045
37.779 23.271 0.301
36.586 23.367 -0.809
35.829 25.916 0.279
36.278 27.321 0.235
35.842 28.01 1.537
36.649 28.684 2.122
35.701 28.016 -0.971
36.007 29.525 -1.107
37.483 29.767 -1.126
35.365 29.997 -2.418
34.381 29.837 -2.378
35.543 30.972 -2.539
35.758 29.486 -3.18
35.149 25.502 -0.324
37.904 29.286 -1.901
37.673 30.75 -1.215
37.901 29.434 -0.275
37.27 27.335 0.188
35.587 29.999 -0.331
34.708 27.928 -0.946
36.059 27.579 -1.794
34.611 27.835 1.969
34.167 28.455 3.238
34.915 27.894 4.447
35.375 28.709 5.258
32.656 28.2 3.392
31.956 29.003 2.324
33.999 27.256 1.382
34.352 29.445 3.18
32.363 28.52 4.268
32.471 27.252 3.244
31.219 28.594 1.264
32.55 30.957 2.888
31.155 31.744 0.982
31.305 30.794 1.25
32.03 30.383 2.263
30.8 29.737 0.638
31.023 27.662 0.998
35.271 26.583 4.428
36.036 26.056 5.565
37.425 26.626 5.596
38.022 26.85 6.651
36.078 24.513 5.615
34.706 23.842 5.643
34.776 22.326 5.713
34.205 24.175 6.444
35.556 26.337 6.407
34.208 24.101 4.813
34.979 26.056 3.62
36.577 24.236 6.439
36.57 24.184 4.807
32.798 22.187 5.377
35.817 21.703 5.959
33.655 21.646 5.537
33.638 20.634 5.559
38.013 26.856 4.384
39.381 27.448 4.378
39.33 28.868 4.906
40.176 29.367 5.629
39.944 27.412 2.922
39.845 26.049 2.434
41.369 27.859 2.885
39.954 26.894 4.983
41.949 27.158 2.452
41.458 28.714 2.359
37.482 26.61 3.574
39.365 27.999 2.338
41.713 28.023 3.818
38.883 25.811 2.281
38.347 29.648 4.512
38.168 31.04 4.983
37.968 31.058 6.498
38.576 31.877 7.192
36.918 31.655 4.322
37.039 31.896 2.795
35.746 32.426 2.214
38.23 32.78 2.483
39.07 32.342 2.806
38.293 32.925 1.494
38.123 33.665 2.94
37.684 29.208 3.827
35.509 33.295 2.652
35.852 32.572 1.229
35.008 31.766 2.371
38.998 31.553 4.763
37.278 31.026 2.359
36.749 32.531 4.743
36.163 31.033 4.459
37.113 30.107 6.968
36.875 30.004 8.42
38.157 29.947 9.201
38.453 30.644 10.162
35.979 28.77 8.703
35.591 28.622 10.174
34.768 27.357 10.427
34.288 27.363 11.905
33.015 26.596 11.967
36.341 30.815 8.708
34.974 26.923 12.454
34.134 28.295 12.176
36.424 28.579 10.727
35.051 29.417 10.45
32.245 27.233 11.99
32.941 26.01 11.161
33.007 26.032 12.792
35.333 26.569 10.295
33.977 27.364 9.851
36.685 29.516 6.264
36.482 27.959 8.425
35.15 28.867 8.166
39.097 29.099 8.799
40.38 28.914 9.423
41.333 30.085 9.19
41.858 30.685 10.121
40.996 27.613 8.868
42.432 27.419 9.304
42.547 27.432 10.838
43.988 27.775 11.196
44.073 28.321 12.569
40.252 28.805 10.427
44.542 26.945 11.131
44.329 28.453 10.545
42.766 26.54 8.972
42.995 28.157 8.941
44.118 29.32 12.531
43.264 28.045 13.091
44.895 27.969 13.02
42.338 26.539 11.177
41.956 28.127 11.191
38.802 28.543 7.934
40.964 27.66 7.878
40.454 26.853 9.202
41.558 30.423 7.929
42.5 31.49 7.565
42.146 32.857 8.149
43.045 33.638 8.414
42.558 31.523 6.016
43.146 30.247 5.377
44.568 30.032 5.849
45.367 31.017 5.812
44.939 28.921 6.288
42.61 29.494 5.673
43.436 31.227 7.87
43.162 30.376 4.415
41.021 29.879 7.225
43.133 32.273 5.757
41.639 31.619 5.687
40.898 33.27 8.218
40.413 34.531 8.736
40.019 34.525 10.233
39.444 35.486 10.798
39.185 34.862 7.899
39.32 35.659 6.596
40.566 35.336 5.822
38.076 35.448 5.728
37.269 35.761 6.226
38.171 35.97 4.882
37.983 34.477 5.515
40.207 32.533 7.825
40.576 34.363 5.575
40.602 35.885 4.982
41.378 35.538 6.376
41.142 35.24 8.616
39.307 36.647 6.825
38.539 35.377 8.49
38.732 33.985 7.658
40.232 33.392 10.885
39.946 33.13 12.287
38.475 33.444 12.588
38.21 34.215 13.518
40.885 33.951 13.179
40.66 32.633 10.255
40.107 32.159 12.48
40.382 34.722 13.563
41.228 33.372 13.916
41.649 34.286 12.631
37.571 32.889 11.788
36.171 33.182 11.852
35.502 32.496 13.058
36.037 31.542 13.593
35.474 32.834 10.553
35.927 33.558 9.258
34.975 33.24 8.101
36.021 35.072 9.459
36.684 35.27 10.179
36.314 35.501 8.606
35.125 35.427 9.722
37.988 32.207 11.097
34.054 33.545 8.339
35.285 33.715 7.279
34.971 32.255 7.938
36.039 34.178 11.958
36.846 33.25 9.027
34.494 33.027 10.657
35.593 31.85 10.383
34.34 32.994 13.433
33.633 32.449 14.583
33.318 30.998 14.314
32.903 30.697 13.177
32.344 33.265 14.665
32.191 33.81 13.254
33.624 34.158 12.855
31.817 33.115 12.655
34.172 32.554 15.418
33.918 34.996 13.279
33.725 34.181 11.878
31.62 34.62 13.258
32.43 34.011 15.316
31.567 32.689 14.899
33.198 30.193 15.349
32.738 28.807 15.216
31.365 28.739 14.648
31.037 27.729 14.015
32.776 28.081 16.591
32.57 26.572 16.507
33.492 25.857 15.519
34.664 26.273 15.388
33.047 24.892 14.867
32.743 26.186 17.401
33.39 28.302 14.627
31.64 26.401 16.216
33.454 30.615 16.268
32.051 28.456 17.137
33.663 28.244 16.98
30.507 29.776 14.829
29.193 29.725 14.219
29.161 30.106 12.734
28.078 30.065 12.131
28.216 30.635 14.998
28.63 32.091 15.086
28.501 32.943 13.98
29.04 32.647 16.303
28.863 34.278 14.053
29.446 33.983 16.367
29.335 34.783 15.233
29.743 36.109 15.319
28.838 28.77 14.298
28.776 34.864 13.243
29.81 34.357 17.213
30.867 30.539 15.401
29.042 32.092 17.123
28.14 32.575 13.121
28.137 30.275 15.927
27.326 30.588 14.545
29.406 36.601 14.521
30.273 30.551 12.174
30.351 30.981 10.754
29.381 30.287 9.851
29.488 29.043 9.659
31.823 30.818 10.242
31.989 31.267 8.788
31.512 32.507 8.377
32.636 30.483 7.837
31.653 32.944 7.078
32.751 30.874 6.505
32.262 32.126 6.13
32.387 32.624 4.849
30.162 31.983 10.737
31.32 33.852 6.807
33.171 30.277 5.835
31.104 30.58 12.807
33.036 29.604 8.12
31.05 33.1 9.049
32.058 29.863 10.302
32.402 31.376 10.81
31.48 32.833 4.491
28.448 31.03 9.23
27.445 30.414 8.407
27.869 29.826 7.058
27.077 29.193 6.33
28.528 32.047 9.402
26.972 29.662 8.95
26.679 31.098 8.232
29.098 30.015 6.638
29.578 29.478 5.358
28.663 29.824 4.211
28.219 28.936 3.461
29.789 27.971 5.535
30.881 27.659 6.543
31.045 26.125 6.67
30.504 25.374 5.837
31.645 25.661 7.654
31.722 28.006 6.215
30.508 29.838 5.178
30.613 27.986 7.413
29.706 30.572 7.276
30.064 27.605 4.673
28.954 27.591 5.871
28.404 31.128 4.058
27.625 31.678 2.963
28.043 33.133 2.7
28.914 33.579 3.437
26.122 31.594 3.22
25.792 32.346 4.527
27.855 31.16 2.136
28.824 31.728 4.817
25.868 30.656 3.336
25.645 32.034 2.487
25.817 33.582 4.52
25.471 31.605 5.603
25.25 32.04 6.451
25.464 30.606 5.519
27.563 33.808 1.666
28.12 35.131 1.347
27.735 36.193 2.38
28.511 37.045 2.782
27.652 35.534 -0.054
27.962 34.546 -1.218
27.526 35.236 -2.517
29.429 34.134 -1.263
29.676 33.684 -0.405
29.575 33.503 -2.024
30 34.945 -1.389
26.815 33.358 1.137
28.039 36.086 -2.626
27.71 34.63 -3.289
26.549 35.436 -2.471
29.128 35.055 1.33
27.438 33.729 -1.084
28.086 36.399 -0.291
26.661 35.645 -0.032
26.483 36.182 2.806
25.934 37.01 3.868
26.801 36.909 5.11
27.296 37.92 5.615
24.535 36.491 4.211
25.873 35.477 2.278
25.921 37.967 3.561
24.612 35.592 4.637
24.094 37.125 4.843
23.995 36.421 3.374
27.15 35.662 5.507
28.009 35.421 6.641
29.404 35.98 6.481
30.094 36.426 7.386
28.232 33.932 6.918
26.738 34.908 4.914
27.585 35.845 7.469
27.646 33.393 6.316
29.189 33.704 6.746
28.006 33.736 7.87
29.941 35.724 5.239
31.329 36.242 5.027
31.322 37.767 5.136
32.252 38.364 5.665
31.732 35.82 3.592
33.088 36.339 3.121
34.187 35.819 4.046
33.346 35.876 1.682
32.628 36.233 1.088
34.234 36.219 1.38
33.342 34.878 1.652
29.392 35.233 4.596
34.19 34.82 4.029
35.073 36.161 3.734
34.015 36.137 4.978
31.907 35.869 5.746
33.084 37.334 3.143
31.042 36.169 2.975
31.762 34.83 3.572
30.376 38.439 4.502
30.344 39.913 4.537
30.245 40.406 6.01
30.952 41.3 6.445
29.096 40.438 3.831
28.836 41.917 3.931
27.879 42.555 4.672
29.558 42.956 3.233
27.965 43.91 4.459
28.99 44.192 3.603
30.633 42.937 2.332
29.443 45.417 3.092
31.094 44.143 1.83
30.506 45.378 2.203
30.866 46.217 1.819
31.211 40.248 4.175
27.356 44.598 4.877
31.057 42.08 2.059
31.858 44.145 1.19
29.01 46.274 3.364
27.223 42.11 5.271
29.682 37.87 3.996
28.288 39.974 4.211
29.161 40.22 2.852
29.382 39.711 6.781
29.177 39.986 8.209
30.485 39.866 8.927
30.873 40.767 9.721
28.123 39.038 8.874
27.99 39.41 10.381
27.57 40.568 10.642
28.315 38.566 11.248
28.872 38.957 6.267
28.874 40.939 8.278
28.453 38.129 8.808
27.268 39.191 8.442
31.226 38.776 8.629
32.54 38.676 9.303
33.556 39.707 8.844
34.441 40.144 9.605
33.145 37.269 9.162
32.119 36.056 10.081
30.846 38.122 7.986
32.381 38.805 10.3
34.035 37.269 9.56
33.136 37.016 8.221
32.722 35.452 10.594
33.566 39.983 7.521
34.531 40.982 7.038
34.238 42.346 7.66
35.181 43.074 7.96
34.401 41.161 5.498
34.864 39.881 4.742
34.725 40.061 3.239
36.286 39.544 5.156
36.319 39.38 6.143
36.591 38.722 4.674
36.893 40.306 4.927
32.907 39.482 6.952
35.288 40.832 2.94
35.027 39.229 2.772
33.768 40.241 3.01
35.45 40.695 7.317
34.298 39.117 5.046
34.986 41.886 5.23
33.463 41.298 5.29
32.957 42.661 7.816
32.614 43.974 8.338
32.391 44.09 9.844
32.349 45.267 10.268
31.376 44.577 7.661
30.212 43.783 7.879
31.676 44.702 6.163
33.372 44.628 8.082
32.664 44.789 6.026
31.344 43.886 5.686
32.282 41.943 7.553
31.204 45.512 8.059
31.216 45.512 5.796
30.324 42.871 7.467
32.311 42.98 10.567
32.108 43.045 12.015
32.772 41.888 12.756
32.195 41.357 13.719
32.401 42.099 10.04
32.479 43.921 12.365
31.114 43.04 12.213
33.986 41.49 12.361
34.648 40.397 13.032
36.154 40.365 12.811
36.938 40.391 13.767
34.095 39.036 12.561
34.79 37.906 13.277
35.946 37.273 12.929
34.353 37.309 14.505
36.253 36.312 13.861
35.281 36.299 14.83
33.262 37.524 15.351
35.158 35.522 15.978
33.133 36.741 16.492
34.083 35.745 16.792
33.956 35.199 17.619
34.493 40.504 14.033
37.055 35.716 13.84
32.583 38.226 15.147
32.363 36.887 17.099
35.85 34.819 16.188
36.491 37.475 12.118
34.38 42.017 11.568
34.274 38.934 11.605
33.144 38.986 12.783
36.495 40.192 11.525
37.867 40.028 11.076
38.772 41.186 11.418
38.332 42.314 11.298
37.769 39.895 9.509
39.051 40.243 8.821
37.249 38.496 9.18
38.244 39.19 11.524
39.066 41.22 8.588
37.305 37.926 9.998
37.069 40.549 9.214
39.832 40.043 9.42
39.148 39.708 7.976
35.673 40.186 10.871
36.299 38.563 8.878
37.809 38.102 8.453
40.036 40.92 11.686
41.079 41.877 11.988
41.682 42.476 10.721
41.75 41.825 9.681
42.169 41.16 12.805
43.44 41.907 13.145
44.578 40.986 13.566
44.347 39.794 13.873
45.761 41.42 13.58
43.74 42.396 12.345
40.706 42.622 12.562
43.258 42.51 13.901
40.244 39.862 11.66
42.429 40.339 12.288
41.745 40.874 13.67
42.042 43.735 10.723
42.629 44.496 9.631
43.916 45.162 10.058
44.088 45.433 11.248
41.604 45.592 9.237
40.437 44.945 8.496
40.701 44.255 7.316
39.146 44.975 8.991
39.675 43.608 6.657
38.117 44.348 8.303
38.402 43.684 7.111
37.403 43.056 6.416
42.837 43.857 8.877
39.889 43.069 5.822
37.185 44.37 8.652
41.855 44.211 11.68
38.951 45.447 9.845
41.624 44.23 6.951
42.044 46.219 8.635
41.265 46.001 10.053
36.56 43.083 6.952
44.844 45.422 9.159
44.756 45.069 7.756
44.883 43.56 7.501
45.46 42.837 8.288
46.016 45.682 7.127
46.539 46.628 8.146
46.159 46.042 9.487
47.539 46.718 8.071
43.893 45.42 7.345
46.047 46.744 10.174
46.801 45.351 9.779
46.129 47.54 8.031
45.784 46.158 6.272
46.688 44.963 6.919
44.31 43.168 6.387
44.207 41.794 5.93
44.824 41.65 4.526
44.538 42.396 3.577
42.704 41.464 5.815
42.356 40.069 5.265
42.91 38.989 6.183
40.877 39.845 5.029
40.535 40.513 4.366
40.727 38.921 4.673
40.377 39.951 5.89
43.906 43.976 5.816
42.512 39.089 7.096
42.678 38.087 5.817
43.905 39.078 6.242
44.721 41.201 6.555
42.756 39.974 4.357
42.293 42.133 5.208
42.31 41.53 6.725
45.681 40.658 4.375
46.243 40.281 3.073
45.631 38.922 2.716
45.816 37.935 3.432
47.762 40.202 3.049
48.34 39.763 1.703
48.336 41.592 3.39
45.94 40.939 2.401
48.094 40.432 1.004
48.911 41.895 2.635
48.051 39.507 3.722
49.334 39.702 1.774
47.966 38.87 1.458
45.931 40.158 5.26
47.579 42.227 3.522
48.875 41.52 4.225
44.834 38.87 1.67
44.33 37.611 1.132
45.142 37.198 -0.107
45.119 37.865 -1.147
42.866 37.641 0.793
42.16 36.39 0.28
42.028 35.282 1.343
40.784 36.796 -0.261
40.903 37.452 -1.004
40.311 35.985 -0.6
40.252 37.213 0.473
44.591 39.799 1.257
41.502 35.633 2.114
41.56 34.499 0.94
42.939 35.013 1.647
44.436 36.896 1.826
42.672 36.02 -0.508
42.721 38.364 0.09
42.357 37.939 1.625
45.816 36.062 0.032
46.574 35.49 -1.099
45.819 34.283 -1.636
45.664 33.29 -0.929
47.98 35.146 -0.665
48.754 34.463 -1.786
50.134 34.088 -1.303
50.522 34.466 -0.173
50.803 33.401 -2.084
48.286 33.646 -2.024
46.67 36.178 -1.814
48.853 35.095 -2.518
45.77 35.625 0.962
47.929 34.519 0.079
48.447 35.974 -0.45
45.243 34.416 -2.811
44.414 33.405 -3.432
45.192 32.739 -4.607
45.128 33.258 -5.709
43.112 34.017 -3.878
41.969 33.086 -4.152
42.041 31.804 -4.642
40.581 33.361 -3.99
40.784 31.31 -4.824
39.862 32.218 -4.392
39.862 34.477 -3.504
38.478 32.146 -4.389
38.491 34.381 -3.504
37.787 33.243 -3.944
36.8 33.248 -3.926
44.235 32.684 -2.764
40.563 30.409 -5.219
40.327 35.281 -3.181
37.953 35.173 -3.169
38.009 31.314 -4.705
42.889 31.316 -4.833
45.441 35.348 -3.278
43.266 34.542 -4.729
42.791 34.666 -3.172
45.91 31.668 -4.313
46.649 30.919 -5.321
45.768 30.016 -6.152
44.679 29.643 -5.692
47.746 30.078 -4.695
48.617 30.969 -3.796
49.39 30.049 -2.864
50.429 30.763 -2.12
51.144 30.159 -1.183
50.916 28.882 -0.884
52.074 30.828 -0.515
48.041 31.547 -3.258
47.113 31.581 -5.938
50.596 31.714 -2.325
49.253 31.463 -4.349
52.602 30.384 0.203
52.25 31.793 -0.735
45.903 31.405 -3.301
49.814 29.335 -3.416
48.745 29.646 -2.221
51.455 28.44 -0.155
50.221 28.366 -1.375
48.316 29.719 -5.4
47.341 29.391 -4.132
46.143 29.762 -7.413
45.355 28.87 -8.259
43.895 29.239 -8.333
42.986 28.375 -8.283
45.373 27.451 -7.656
46.367 26.501 -8.28
47.752 27.097 -8.265
46.377 25.655 -7.759
45.741 28.921 -9.2
46.102 26.328 -9.222
47.005 30.236 -7.717
44.451 27.057 -7.754
45.581 27.531 -6.674
47.765 27.003 -10.299
48.239 27.383 -7.17
48.274 27.272 -9.471
49.218 27.69 -9.566
43.624 30.531 -8.469
42.237 30.973 -8.493
41.4 30.277 -9.513
40.23 29.941 -9.303
42.267 32.519 -8.741
40.875 33.057 -8.742
40.226 33.271 -7.513
40.173 33.294 -9.898
38.934 33.734 -7.497
38.874 33.752 -9.89
38.251 33.975 -8.66
37.309 34.31 -8.637
41.849 30.75 -7.576
38.48 33.898 -6.597
38.382 33.921 -10.748
44.433 31.153 -8.551
40.626 33.127 -10.792
40.708 33.087 -6.67
42.663 32.657 -9.615
42.761 32.913 -8.006
41.936 30.159 -10.763
41.176 29.529 -11.834
40.808 28.096 -11.494
39.672 27.676 -11.736
41.984 29.571 -13.154
42.543 30.962 -13.481
41.451 31.987 -13.713
40.293 31.609 -13.99
41.792 33.198 -13.642
43.078 31.26 -12.715
40.334 30.061 -12.009
43.069 30.891 -14.305
42.881 30.542 -10.858
41.379 29.316 -13.879
42.743 28.962 -13.054
41.738 27.333 -10.938
41.427 25.952 -10.537
40.341 25.934 -9.469
39.417 25.127 -9.594
42.714 25.289 -10.063
43.376 24.419 -11.112
44.657 23.757 -10.71
42.713 23.699 -11.392
41.075 25.471 -11.346
43.55 24.992 -11.935
42.661 27.768 -10.814
42.507 24.715 -9.267
43.364 26.002 -9.793
44.405 22.31 -12.082
45.413 24.159 -9.837
45.041 22.648 -11.349
45.897 22.177 -11.124
40.369 26.89 -8.496
39.284 26.936 -7.498
37.933 27.285 -8.071
36.897 26.991 -7.456
39.628 27.827 -6.306
39.659 29.202 -6.583
41.16 27.523 -8.528
39.224 26.01 -7.076
40.534 27.545 -5.949
38.949 27.655 -5.574
39.845 29.349 -7.556
37.845 27.841 -9.262
36.574 28.129 -9.914
35.885 26.879 -10.458
34.649 26.821 -10.529
36.802 29.019 -11.132
36.977 30.492 -10.921
36.876 31.245 -12.246
35.543 31.063 -12.938
35.387 31.957 -14.137
35.954 28.57 -9.241
35.452 30.107 -13.237
34.801 31.265 -12.289
36.264 30.833 -10.31
37.875 30.673 -10.523
35.296 32.901 -13.828
36.193 31.865 -14.717
34.572 31.683 -14.641
37.602 30.917 -12.854
37.015 32.222 -12.067
38.771 28.062 -9.707
36.014 28.877 -11.766
37.626 28.665 -11.62
36.656 25.875 -10.849
36.114 24.692 -11.498
35.152 23.875 -10.643
34.1 23.448 -11.12
37.204 23.749 -11.994
38.48 24.298 -12.597
39.359 23.122 -13.037
38.262 24.835 -13.39
35.601 24.999 -12.328
38.968 24.813 -11.917
37.672 26.005 -10.653
36.783 23.113 -12.691
37.473 23.133 -11.211
40.892 23.788 -11.932
38.919 22.25 -13.806
40.592 23.033 -12.568
41.207 22.276 -12.814
35.536 23.602 -9.4
34.688 22.816 -8.522
33.872 23.643 -7.532
33.375 23.051 -6.559
35.59 21.81 -7.795
35.962 20.558 -8.596
37.148 19.846 -7.951
34.76 19.633 -8.766
34.033 20.118 -9.252
35.032 18.827 -9.291
34.429 19.349 -7.867
36.455 23.985 -9.129
36.907 19.577 -7.019
37.378 19.033 -8.485
37.934 20.463 -7.928
34.037 22.28 -9.096
36.204 20.828 -9.526
35.115 21.51 -6.978
36.436 22.274 -7.56
33.716 24.955 -7.753
32.928 25.777 -6.857
31.756 26.38 -7.633
30.961 27.138 -7.068
33.635 26.979 -6.213
34.241 27.753 -7.263
34.68 26.562 -5.194
32.556 25.201 -6.129
34.277 25.925 -4.532
35.448 26.111 -5.657
34.197 25.31 -8.597
32.945 27.56 -5.751
35.022 27.369 -4.705
35.203 27.488 -7.378
31.647 26.015 -8.9
30.611 26.58 -9.779
30.849 28.083 -9.872
31.969 28.533 -10.184
29.229 26.217 -9.23
28.976 24.721 -9.087
27.93 23.881 -9.026
26.838 24.549 -9.04
27.905 22.584 -8.984
29.685 24.306 -9.851
30.679 26.171 -10.681
29.651 24.466 -8.227
32.337 25.311 -9.22
28.555 26.574 -9.854
29.148 26.619 -8.333
29.868 28.904 -9.517
30.045 30.371 -9.508
30.689 30.796 -8.183
30.889 31.991 -7.95
28.743 31.119 -9.721
28.638 32.618 -9.684
30.694 30.59 -10.233
28.979 28.443 -9.25
28.052 30.739 -9.032
28.349 30.8 -10.637
29.548 33.455 -9.778
27.393 33.117 -9.535
27.257 34.105 -9.508
26.621 32.494 -9.452
30.894 29.862 -7.264
31.321 30.126 -5.914
32.556 30.984 -5.727
32.52 31.995 -5.001
30.711 28.879 -7.622
30.536 30.56 -5.391
31.471 29.223 -5.425
33.66 30.63 -6.39
34.894 31.398 -6.242
34.744 32.864 -6.603
35.183 33.762 -5.874
36.072 30.763 -6.986
33.565 29.8 -6.991
35.199 31.332 -5.272
36.562 31.47 -7.492
36.687 30.336 -6.326
35.728 30.073 -7.62
34.148 33.186 -7.729
33.946 34.565 -8.138
32.996 35.305 -7.193
33.198 36.48 -6.948
33.332 34.567 -9.552
33.351 35.903 -10.269
34.717 36.551 -10.355
35.763 35.908 -10.589
34.727 37.799 -10.143
33.03 35.762 -11.196
34.833 35.049 -8.161
32.757 36.527 -9.78
33.832 32.371 -8.305
32.389 34.284 -9.463
33.849 33.923 -10.097
31.974 34.665 -6.676
30.992 35.305 -5.77
31.692 35.72 -4.479
31.52 36.861 -4.03
29.876 34.307 -5.429
28.916 34.31 -6.479
31.897 33.657 -6.95
30.655 36.128 -6.222
29.44 34.591 -4.591
30.267 33.406 -5.35
29.362 34.056 -7.335
32.586 34.846 -4.022
33.396 35.082 -2.861
34.385 36.214 -3.071
34.565 37.148 -2.24
34.078 33.813 -2.327
35.184 34.091 -1.33
32.98 32.943 -1.644
32.788 35.343 -2.091
35.358 35.076 -1.285
32.278 32.741 -2.318
34.501 33.342 -3.112
34.913 33.762 -0.424
36.021 33.621 -1.614
32.641 33.964 -4.596
33.404 32.105 -1.318
32.599 33.461 -0.886
35.107 36.127 -4.203
36.044 37.234 -4.481
35.266 38.54 -4.484
35.762 39.558 -4.023
36.707 36.956 -5.816
37.547 38.09 -6.423
38.636 38.531 -5.462
38.146 37.56 -7.76
37.398 37.309 -8.365
38.694 38.281 -8.169
38.711 36.766 -7.561
34.964 35.324 -4.779
39.24 37.758 -5.26
39.171 39.269 -5.875
38.222 38.859 -4.612
36.719 37.262 -3.75
36.944 38.863 -6.625
35.994 36.735 -6.48
37.317 36.171 -5.705
34.127 38.618 -5.128
33.297 39.794 -5.238
32.962 40.378 -3.858
33.118 41.604 -3.704
32.076 39.53 -6.086
31.096 40.678 -6.317
31.709 41.848 -7.059
30.321 40.332 -6.849
33.808 40.501 -5.745
30.767 40.999 -5.427
33.846 37.691 -5.59
31.546 38.76 -5.671
32.377 39.202 -7.005
30.08 42.982 -6.807
32.873 41.735 -7.524
31.031 43.001 -7.22
31.41 43.781 -7.688
32.582 39.535 -2.887
32.332 40.011 -1.532
33.568 40.68 -0.954
33.401 41.728 -0.339
31.91 38.882 -0.549
31.782 39.363 0.896
30.594 38.3 -1.025
31.596 40.697 -1.572
32.411 38.845 1.474
30.485 38.479 -2.004
32.634 38.188 -0.563
32.007 40.335 0.942
30.844 39.221 1.21
32.487 38.549 -3.181
30.589 37.312 -0.863
29.84 38.725 -0.522
34.776 40.116 -1.1
35.94 40.777 -0.567
36.255 42.104 -1.293
36.707 43.049 -0.618
37.21 39.949 -0.565
37.416 38.801 0.351
36.963 37.524 -0.027
38.088 38.919 1.55
37.187 36.427 0.783
38.301 37.822 2.382
37.864 36.58 1.979
38.036 35.773 2.555
35.739 41.027 0.393
36.854 35.519 0.497
38.769 37.95 3.266
34.781 39.22 -1.6
38.437 39.82 1.837
36.478 37.416 -0.888
37.993 40.603 -0.416
37.341 39.6 -1.526
35.992 42.168 -2.606
36.22 43.399 -3.349
35.262 44.496 -2.859
35.613 45.677 -2.786
36.026 43.262 -4.874
37.008 42.253 -5.514
37.796 42.936 -6.626
37.128 43.072 -7.832
36.827 43.746 -8.902
37.211 45.007 -9.082
36.02 43.127 -9.756
36.493 41.508 -5.905
37.161 43.709 -3.192
36.492 42.04 -7.981
37.64 41.94 -4.826
35.734 43.626 -10.615
35.693 42.212 -9.589
35.628 41.298 -3.02
38.652 42.395 -6.744
38.077 43.846 -6.262
36.95 45.51 -9.907
37.771 45.461 -8.382
36.186 44.142 -5.289
35.11 42.939 -5.044
34.035 44.102 -2.613
32.988 44.991 -2.105
33.337 45.469 -0.691
33.303 46.679 -0.477
31.655 44.307 -2.179
30.994 44.299 -3.562
29.974 43.182 -3.605
29.686 42.598 -2.512
29.47 42.832 -4.696
30.528 45.137 -3.677
32.895 45.785 -2.711
31.675 44.11 -4.22
33.855 43.084 -2.811
31.027 44.769 -1.566
31.772 43.358 -1.914
33.986 44.624 0.124
34.424 45.006 1.458
35.537 46.057 1.348
35.527 47.067 2.056
34.972 43.883 2.331
34.145 43.678 -0.285
33.655 45.412 1.953
34.439 43.826 3.174
34.908 43.016 1.838
35.928 44.07 2.553
36.452 45.754 0.403
37.543 46.745 0.215
36.956 48.026 -0.36
37.323 49.121 0.05
38.624 46.104 -0.65
39.685 47.118 -1.098
40.577 46.433 -2.191
41.657 47.41 -2.575
42.39 46.902 -3.75
37.948 46.939 1.105
41.241 48.289 -2.797
42.289 47.519 -1.811
39.249 47.895 -1.505
40.259 47.354 -0.341
43.012 46.168 -3.47
41.741 46.545 -4.425
42.921 47.644 -4.164
40.009 46.243 -2.961
40.974 45.636 -1.792
36.341 44.907 -0.096
38.199 45.726 -1.46
39.076 45.4 -0.122
35.947 47.971 -1.225
35.333 49.188 -1.77
34.701 50.074 -0.69
34.634 51.286 -0.869
34.273 48.913 -2.829
35.636 47.015 -1.477
36.05 49.725 -2.245
34.093 47.931 -2.873
33.431 49.396 -2.591
34.599 49.232 -3.718
34.214 49.524 0.413
33.648 50.335 1.485
34.653 50.702 2.557
34.221 51.116 3.646
32.445 49.61 2.098
31.352 49.473 1.055
30.087 48.856 1.603
29.963 48.804 2.843
29.28 48.446 0.735
31.127 50.373 0.724
33.25 51.185 1.088
31.682 48.888 0.335
34.269 48.488 0.448
32.105 50.156 2.818
32.731 48.723 2.35
35.95 50.573 2.342
36.946 51.037 3.286
37.747 49.995 4.021
38.804 50.326 4.567
36.194 50.109 1.435
37.599 51.675 2.791
36.482 51.654 3.98
37.299 48.74 4.029
38.098 47.704 4.673
39.461 47.634 4
39.528 47.64 2.766
37.409 46.339 4.669
35.743 46.388 5.387
36.401 48.582 3.571
38.234 47.96 5.63
37.958 45.711 5.205
37.332 46.03 3.731
35.619 45.598 5.986
40.494 47.565 4.804
41.873 47.482 4.396
42.314 46.065 4.008
42.959 45.32 4.745
42.789 48.039 5.485
44.223 48.123 5.004
44.53 47.713 3.862
45.057 48.599 5.806
40.216 47.576 5.84
41.984 48.055 3.562
42.747 47.433 6.262
42.475 48.946 5.716
41.974 45.729 2.755
42.196 44.385 2.257
43.039 44.411 0.976
42.74 45.119 0.031
40.831 43.73 1.945
39.915 43.601 3.171
41.028 42.345 1.321
38.486 43.263 2.751
42.749 43.909 2.947
40.138 41.989 1.048
41.623 42.435 0.526
40.361 44.309 1.269
40.258 42.881 3.748
39.908 44.463 3.649
38.49 42.398 2.256
41.554 46.494 2.201
37.918 43.186 3.566
41.446 41.746 1.999
38.141 43.99 2.163
44.048 43.59 0.933
44.915 43.412 -0.203
44.621 42.01 -0.738
44.615 41.061 0.065
46.401 43.594 0.12
46.605 44.949 0.54
47.228 43.305 -1.126
44.676 44.066 -0.906
48.182 43.133 -0.868
46.864 42.497 -1.595
44.188 43.04 1.837
46.65 42.982 0.892
47.192 44.091 -1.748
45.917 45.21 1.226
44.198 41.959 -2.001
43.873 40.637 -2.581
44.916 40.279 -3.639
45.06 41.024 -4.636
42.528 40.684 -3.307
41.45 41.205 -2.36
42.146 39.339 -3.928
40.158 41.56 -3.056
43.977 39.98 -1.839
41.3 39.453 -4.442
42.881 39.047 -4.534
42.606 41.321 -4.064
41.268 40.505 -1.672
41.803 42.02 -1.902
39.791 40.749 -3.51
44.123 42.837 -2.496
39.498 41.893 -2.383
42.018 38.674 -3.197
40.331 42.273 -3.735
45.592 39.17 -3.457
46.597 38.654 -4.362
46.047 37.421 -5.074
45.728 36.441 -4.392
47.908 38.3 -3.668
48.471 39.543 -2.962
48.933 37.707 -4.642
49.6 39.246 -2.014
46.734 39.349 -5.067
49.747 37.45 -4.129
48.531 36.906 -5.078
47.722 37.617 -2.973
48.787 40.182 -3.663
47.723 39.973 -2.455
50.356 38.823 -2.514
45.333 38.66 -2.557
49.916 40.096 -1.592
49.158 38.396 -5.325
49.284 38.62 -1.301
45.736 37.562 -6.366
45.253 36.531 -7.245
46.385 35.965 -8.119
46.892 36.614 -9.047
44.152 37.026 -8.194
43.009 37.778 -7.514
42.162 38.551 -8.52
42.177 36.797 -6.69
42.757 36.371 -5.996
41.429 37.288 -6.245
41.803 36.092 -7.291
45.888 38.57 -6.705
41.769 37.914 -9.183
41.427 39.028 -8.039
42.736 39.216 -8.997
44.881 35.771 -6.695
43.394 38.42 -6.844
43.764 36.236 -8.646
44.57 37.643 -8.847
46.84 34.786 -7.763
47.924 34.115 -8.468
47.461 32.716 -8.853
46.347 32.573 -9.387
49.193 34.042 -7.636
48.948 33.479 -6.347
48.208 31.809 -8.429
46.362 34.365 -6.931
48.111 34.62 -9.308
49.559 34.963 -7.515
49.863 33.473 -8.108
47.964 33.438 -6.189
