49.353000 42.434000 11.329000 1.824000
48.207000 42.354000 10.362000 1.908000
47.719000 40.923000 10.202000 1.908000
48.295000 40.013000 10.813000 1.661200
48.662000 43.008000 9.067000 1.908000
49.616000 42.279000 8.164000 1.908000
49.931000 43.136000 6.596000 2.000000
50.620000 44.695000 7.104000 1.908000
50.031000 45.120000 7.796000 1.387000
51.534000 44.554000 7.494000 1.387000
50.693000 45.310000 6.315000 1.387000
49.905000 43.231000 11.102000 0.600000
48.985000 42.519000 12.251000 0.600000
50.502000 42.125000 8.668000 1.387000
49.250000 41.332000 7.983000 1.387000
49.895000 41.603000 11.248000 0.600000
47.462000 42.908000 10.743000 1.100000
49.081000 43.928000 9.300000 1.487000
47.819000 43.250000 8.514000 1.487000
46.595000 40.714000 9.515000 1.824000
46.106000 39.361000 9.308000 1.908000
46.439000 38.851000 7.893000 1.908000
46.095000 39.458000 6.881000 1.661200
44.599000 39.286000 9.548000 1.908000
44.001000 37.898000 9.521000 1.908000
44.246000 37.078000 10.776000 1.908000
43.721000 35.674000 10.567000 1.908000
44.736000 34.604000 10.474000 1.824000
46.543000 38.744000 9.975000 1.387000
43.076000 35.452000 11.332000 1.100000
43.152000 35.664000 9.715000 1.100000
42.999000 37.974000 9.378000 1.487000
44.379000 37.391000 8.727000 1.487000
45.321000 34.763000 9.677000 0.600000
45.299000 34.600000 11.302000 0.600000
44.282000 33.717000 10.379000 0.600000
43.762000 37.491000 11.530000 1.487000
45.217000 37.034000 10.946000 1.487000
46.130000 41.561000 9.163000 0.600000
44.145000 39.841000 8.842000 1.487000
44.407000 39.696000 10.446000 1.487000
46.968000 37.647000 7.813000 1.824000
47.257000 36.995000 6.546000 1.908000
46.391000 35.783000 6.309000 1.908000
46.158000 34.923000 7.152000 1.661200
48.764000 36.694000 6.502000 1.908000
49.485000 37.859000 5.845000 1.908000
50.981000 37.823000 6.146000 1.908000
51.653000 39.194000 6.043000 1.908000
53.078000 39.159000 6.406000 1.824000
47.101000 37.662000 5.795000 1.387000
51.552000 39.525000 5.096000 1.100000
51.164000 39.833000 6.651000 1.100000
49.356000 37.809000 4.856000 1.487000
49.109000 38.716000 6.191000 1.487000
53.641000 39.186000 5.577000 0.600000
53.302000 39.949000 6.981000 0.600000
53.280000 38.318000 6.912000 0.600000
51.426000 37.206000 5.496000 1.487000
51.114000 37.477000 7.076000 1.487000
47.164000 37.197000 8.740000 0.600000
48.901000 35.891000 5.961000 1.487000
49.086000 36.601000 7.420000 1.487000
45.830000 35.667000 5.113000 1.824000
45.026000 34.493000 4.771000 1.908000
45.533000 33.903000 3.438000 1.908000
45.856000 34.683000 2.540000 1.661200
43.569000 34.844000 4.695000 1.908000
46.003000 36.451000 4.464000 0.600000
45.138000 33.802000 5.482000 1.387000
43.096000 34.532000 5.523000 1.487000
43.457000 35.838000 4.613000 1.487000
43.149000 34.404000 3.897000 1.487000
45.671000 32.582000 3.376000 1.824000
46.140000 31.924000 2.145000 1.908000
45.116000 30.900000 1.673000 1.908000
44.706000 30.049000 2.484000 1.661200
47.482000 31.211000 2.289000 1.908000
47.899000 30.478000 0.973000 1.908000
48.577000 32.167000 2.725000 1.908000
46.230000 32.627000 1.436000 1.387000
48.878000 30.593000 0.847000 1.487000
49.112000 32.445000 1.927000 1.487000
47.391000 30.495000 2.979000 1.487000
47.670000 29.516000 1.064000 1.487000
47.400000 30.885000 0.216000 1.487000
45.429000 32.069000 4.238000 0.600000
48.164000 32.974000 3.149000 1.487000
49.173000 31.710000 3.386000 1.487000
44.719000 30.988000 0.400000 1.824000
43.845000 29.994000 -0.201000 1.908000
44.635000 29.218000 -1.295000 1.908000
45.152000 29.876000 -2.242000 1.661200
42.623000 30.595000 -0.897000 1.908000
41.804000 31.466000 0.092000 1.908000
41.809000 29.525000 -1.598000 1.908000
40.517000 32.078000 -0.383000 1.908000
43.635000 29.325000 0.506000 1.387000
41.077000 29.961000 -2.120000 1.487000
42.406000 29.011000 -2.213000 1.487000
42.936000 31.192000 -1.628000 1.487000
41.617000 30.893000 0.914000 1.487000
42.422000 32.210000 0.416000 1.487000
39.885000 31.356000 -0.666000 1.487000
45.086000 31.816000 -0.109000 0.600000
40.103000 32.608000 0.358000 1.487000
41.418000 28.911000 -0.913000 1.487000
40.698000 32.682000 -1.160000 1.487000
44.737000 27.901000 -1.129000 1.824000
45.453000 27.115000 -2.171000 1.908000
44.398000 26.515000 -3.075000 1.908000
43.764000 25.456000 -2.850000 1.661200
46.364000 26.048000 -1.627000 1.908000
47.430000 26.581000 -0.694000 1.908000
45.975000 27.766000 -2.704000 1.387000
44.321000 27.504000 -0.301000 0.600000
46.820000 25.588000 -2.393000 1.487000
45.815000 25.377000 -1.123000 1.487000
47.410000 26.202000 0.489000 1.661200
48.326000 27.443000 -1.162000 1.824000
49.036000 27.810000 -0.594000 0.600000
48.268000 27.728000 -2.134000 0.600000
44.079000 27.292000 -4.113000 1.824000
43.013000 27.032000 -5.057000 1.908000
42.888000 25.608000 -5.548000 1.908000
41.776000 25.140000 -5.813000 1.661200
44.703000 28.153000 -4.186000 0.600000
42.116000 27.319000 -4.635000 1.387000
43.128000 27.656000 -5.871000 1.387000
44.005000 24.911000 -5.739000 1.824000
44.029000 23.572000 -6.267000 1.908000
43.459000 22.580000 -5.260000 1.908000
42.930000 21.565000 -5.732000 1.661200
45.399000 23.153000 -6.784000 1.908000
46.494000 22.824000 -5.815000 1.908000
46.974000 23.956000 -4.941000 1.908000
46.493000 25.121000 -5.082000 1.661200
47.864000 23.694000 -4.094000 1.661200
46.170000 22.099000 -5.207000 1.487000
43.490000 23.524000 -7.119000 1.387000
47.286000 22.494000 -6.331000 1.487000
44.878000 25.437000 -5.465000 0.600000
45.733000 23.902000 -7.377000 1.487000
45.257000 22.340000 -7.370000 1.487000
43.486000 22.898000 -3.976000 1.824000
42.901000 21.996000 -2.989000 1.908000
41.416000 22.208000 -2.782000 1.908000
40.829000 21.386000 -2.102000 1.661200
43.642000 22.124000 -1.670000 1.908000
45.143000 21.963000 -1.769000 1.908000
45.847000 22.117000 -0.435000 1.908000
45.348000 21.051000 -2.132000 1.487000
43.037000 21.044000 -3.323000 1.387000
45.502000 22.655000 -2.399000 1.487000
43.934000 23.793000 -3.744000 0.600000
43.295000 21.424000 -1.033000 1.487000
43.451000 23.031000 -1.277000 1.487000
47.645000 22.057000 -1.336000 0.600000
45.206000 22.202000 0.641000 1.661200
47.176000 22.152000 -0.429000 1.824000
47.699000 22.266000 0.427000 0.600000
40.803000 23.236000 -3.375000 1.824000
39.420000 23.572000 -3.218000 1.908000
38.533000 22.733000 -4.117000 1.908000
38.527000 22.942000 -5.333000 1.661200
39.208000 25.076000 -3.508000 1.908000
40.078000 25.954000 -2.612000 1.908000
37.744000 25.465000 -3.413000 1.908000
39.828000 25.869000 -1.109000 1.908000
39.167000 23.336000 -2.268000 1.387000
37.640000 26.416000 -3.699000 1.487000
37.209000 24.870000 -4.011000 1.487000
39.471000 25.242000 -4.458000 1.487000
41.048000 25.725000 -2.785000 1.487000
39.953000 26.918000 -2.896000 1.487000
39.983000 24.932000 -0.806000 1.487000
41.464000 23.799000 -3.995000 0.600000
40.455000 26.485000 -0.640000 1.487000
37.439000 25.359000 -2.468000 1.487000
38.886000 26.135000 -0.921000 1.487000
37.729000 21.838000 -3.581000 1.824000
36.964000 20.900000 -4.394000 1.908000
35.476000 21.080000 -4.200000 1.908000
34.707000 20.284000 -4.741000 1.661200
37.295000 19.439000 -4.141000 1.908000
38.732000 19.049000 -3.906000 1.908000
39.385000 18.371000 -5.074000 1.908000
38.692000 17.337000 -5.853000 1.824000
39.362000 16.813000 -6.920000 1.908000
40.576000 17.272000 -7.168000 1.824000
38.851000 15.907000 -7.711000 1.824000
38.782000 18.425000 -3.111000 1.487000
37.189000 21.059000 -5.367000 1.387000
37.819000 17.042000 -5.631000 0.600000
39.269000 19.876000 -3.680000 1.487000
39.339000 15.558000 -8.480000 0.600000
37.915000 15.551000 -7.521000 0.600000
37.684000 21.854000 -2.539000 0.600000
40.282000 17.963000 -4.739000 1.387000
39.690000 19.112000 -5.738000 1.387000
41.071000 16.894000 -7.977000 0.600000
40.998000 17.954000 -6.597000 0.600000
36.954000 18.900000 -4.936000 1.487000
36.755000 19.133000 -3.333000 1.487000
35.103000 22.169000 -3.527000 1.824000
33.698000 22.519000 -3.377000 1.908000
33.597000 23.915000 -2.747000 1.908000
34.539000 24.382000 -2.137000 1.661200
32.940000 21.493000 -2.515000 1.908000
33.430000 21.596000 -1.176000 1.721000
35.882000 22.726000 -3.133000 0.600000
33.285000 22.566000 -4.284000 1.387000
33.125000 20.592000 -2.857000 1.387000
31.984000 21.712000 -2.526000 1.387000
34.409000 21.408000 -1.171000 0.600000
32.428000 24.536000 -2.839000 1.824000
32.150000 25.814000 -2.170000 1.908000
32.241000 25.662000 -0.645000 1.908000
32.892000 26.479000 0.001000 1.661200
30.811000 26.406000 -2.617000 1.908000
30.561000 27.774000 -1.970000 1.908000
29.643000 25.488000 -2.267000 1.908000
31.485000 28.851000 -2.485000 1.908000
32.888000 26.437000 -2.438000 1.387000
28.801000 25.890000 -2.620000 1.487000
29.799000 24.596000 -2.685000 1.487000
30.843000 26.538000 -3.606000 1.487000
29.618000 28.038000 -2.150000 1.487000
30.691000 27.680000 -0.986000 1.487000
31.358000 28.955000 -3.471000 1.487000
31.719000 24.042000 -3.427000 0.600000
31.276000 29.715000 -2.029000 1.487000
29.591000 25.398000 -1.275000 1.487000
32.433000 28.595000 -2.296000 1.487000
31.937000 24.497000 -0.074000 1.824000
32.161000 24.164000 1.311000 1.908000
33.632000 24.133000 1.689000 1.908000
33.973000 24.617000 2.797000 1.661200
31.604000 22.757000 1.723000 1.908000
32.572000 22.001000 2.300000 1.721000
31.497000 23.809000 -0.760000 0.600000
31.711000 24.873000 1.886000 1.387000
31.260000 22.328000 0.889000 1.387000
30.847000 22.920000 2.354000 1.387000
33.459000 22.484000 2.300000 0.600000
34.496000 23.630000 0.775000 1.824000
35.924000 23.667000 1.129000 1.908000
36.387000 25.132000 1.214000 1.908000
37.274000 25.510000 1.972000 1.661200
36.822000 22.987000 0.105000 1.908000
36.778000 21.486000 0.021000 1.908000
36.291000 20.833000 0.975000 1.661200
37.246000 20.924000 -1.010000 1.661200
34.107000 23.272000 -0.069000 0.600000
36.012000 23.281000 2.045000 1.387000
37.779000 23.271000 0.301000 1.487000
36.586000 23.367000 -0.809000 1.487000
35.829000 25.916000 0.279000 1.824000
36.278000 27.321000 0.235000 1.908000
35.842000 28.010000 1.537000 1.908000
36.649000 28.684000 2.122000 1.661200
35.701000 28.016000 -0.971000 1.908000
36.007000 29.525000 -1.107000 1.908000
37.483000 29.767000 -1.126000 1.908000
35.365000 29.997000 -2.418000 1.908000
34.381000 29.837000 -2.378000 1.487000
35.543000 30.972000 -2.539000 1.487000
35.758000 29.486000 -3.180000 1.487000
35.149000 25.502000 -0.324000 0.600000
37.904000 29.286000 -1.901000 1.487000
37.673000 30.750000 -1.215000 1.487000
37.901000 29.434000 -0.275000 1.487000
37.270000 27.335000 0.188000 1.387000
35.587000 29.999000 -0.331000 1.487000
34.708000 27.928000 -0.946000 1.487000
36.059000 27.579000 -1.794000 1.487000
34.611000 27.835000 1.969000 1.824000
34.167000 28.455000 3.238000 1.908000
34.915000 27.894000 4.447000 1.908000
35.375000 28.709000 5.258000 1.661200
32.656000 28.200000 3.392000 1.908000
31.956000 29.003000 2.324000 1.908000
33.999000 27.256000 1.382000 0.600000
34.352000 29.445000 3.180000 1.387000
32.363000 28.520000 4.268000 1.487000
32.471000 27.252000 3.244000 1.487000
31.219000 28.594000 1.264000 1.908000
32.550000 30.957000 2.888000 0.600000
31.155000 31.744000 0.982000 1.359000
31.305000 30.794000 1.250000 1.908000
32.030000 30.383000 2.263000 1.824000
30.800000 29.737000 0.638000 1.824000
31.023000 27.662000 0.998000 1.409000
35.271000 26.583000 4.428000 1.824000
36.036000 26.056000 5.565000 1.908000
37.425000 26.626000 5.596000 1.908000
38.022000 26.850000 6.651000 1.661200
36.078000 24.513000 5.615000 1.908000
34.706000 23.842000 5.643000 1.908000
34.776000 22.326000 5.713000 1.908000
34.205000 24.175000 6.444000 1.487000
35.556000 26.337000 6.407000 1.387000
34.208000 24.101000 4.813000 1.487000
34.979000 26.056000 3.620000 0.600000
36.577000 24.236000 6.439000 1.487000
36.570000 24.184000 4.807000 1.487000
32.798000 22.187000 5.377000 0.600000
35.817000 21.703000 5.959000 1.661200
33.655000 21.646000 5.537000 1.824000
33.638000 20.634000 5.559000 0.600000
38.013000 26.856000 4.384000 1.824000
39.381000 27.448000 4.378000 1.908000
39.330000 28.868000 4.906000 1.908000
40.176000 29.367000 5.629000 1.661200
39.944000 27.412000 2.922000 1.908000
39.845000 26.049000 2.434000 1.721000
41.369000 27.859000 2.885000 1.908000
39.954000 26.894000 4.983000 1.387000
41.949000 27.158000 2.452000 1.487000
41.458000 28.714000 2.359000 1.487000
37.482000 26.610000 3.574000 0.600000
39.365000 27.999000 2.338000 1.387000
41.713000 28.023000 3.818000 1.487000
38.883000 25.811000 2.281000 0.600000
38.347000 29.648000 4.512000 1.824000
38.168000 31.040000 4.983000 1.908000
37.968000 31.058000 6.498000 1.908000
38.576000 31.877000 7.192000 1.661200
36.918000 31.655000 4.322000 1.908000
37.039000 31.896000 2.795000 1.908000
35.746000 32.426000 2.214000 1.908000
38.230000 32.780000 2.483000 1.908000
39.070000 32.342000 2.806000 1.487000
38.293000 32.925000 1.494000 1.487000
38.123000 33.665000 2.940000 1.487000
37.684000 29.208000 3.827000 0.600000
35.509000 33.295000 2.652000 1.487000
35.852000 32.572000 1.229000 1.487000
35.008000 31.766000 2.371000 1.487000
38.998000 31.553000 4.763000 1.387000
37.278000 31.026000 2.359000 1.487000
36.749000 32.531000 4.743000 1.487000
36.163000 31.033000 4.459000 1.487000
37.113000 30.107000 6.968000 1.824000
36.875000 30.004000 8.420000 1.908000
38.157000 29.947000 9.201000 1.908000
38.453000 30.644000 10.162000 1.661200
35.979000 28.770000 8.703000 1.908000
35.591000 28.622000 10.174000 1.908000
34.768000 27.357000 10.427000 1.908000
34.288000 27.363000 11.905000 1.908000
33.015000 26.596000 11.967000 1.824000
36.341000 30.815000 8.708000 1.387000
34.974000 26.923000 12.454000 1.100000
34.134000 28.295000 12.176000 1.100000
36.424000 28.579000 10.727000 1.487000
35.051000 29.417000 10.450000 1.487000
32.245000 27.233000 11.990000 0.600000
32.941000 26.010000 11.161000 0.600000
33.007000 26.032000 12.792000 0.600000
35.333000 26.569000 10.295000 1.487000
33.977000 27.364000 9.851000 1.487000
36.685000 29.516000 6.264000 0.600000
36.482000 27.959000 8.425000 1.487000
35.150000 28.867000 8.166000 1.487000
39.097000 29.099000 8.799000 1.824000
40.380000 28.914000 9.423000 1.908000
41.333000 30.085000 9.190000 1.908000
41.858000 30.685000 10.121000 1.661200
40.996000 27.613000 8.868000 1.908000
42.432000 27.419000 9.304000 1.908000
42.547000 27.432000 10.838000 1.908000
43.988000 27.775000 11.196000 1.908000
44.073000 28.321000 12.569000 1.824000
40.252000 28.805000 10.427000 1.387000
44.542000 26.945000 11.131000 1.100000
44.329000 28.453000 10.545000 1.100000
42.766000 26.540000 8.972000 1.487000
42.995000 28.157000 8.941000 1.487000
44.118000 29.320000 12.531000 0.600000
43.264000 28.045000 13.091000 0.600000
44.895000 27.969000 13.020000 0.600000
42.338000 26.539000 11.177000 1.487000
41.956000 28.127000 11.191000 1.487000
38.802000 28.543000 7.934000 0.600000
40.964000 27.660000 7.878000 1.487000
40.454000 26.853000 9.202000 1.487000
41.558000 30.423000 7.929000 1.824000
42.500000 31.490000 7.565000 1.908000
42.146000 32.857000 8.149000 1.908000
43.045000 33.638000 8.414000 1.661200
42.558000 31.523000 6.016000 1.908000
43.146000 30.247000 5.377000 1.908000
44.568000 30.032000 5.849000 1.908000
45.367000 31.017000 5.812000 1.661200
44.939000 28.921000 6.288000 1.661200
42.610000 29.494000 5.673000 1.487000
43.436000 31.227000 7.870000 1.387000
43.162000 30.376000 4.415000 1.487000
41.021000 29.879000 7.225000 0.600000
43.133000 32.273000 5.757000 1.487000
41.639000 31.619000 5.687000 1.487000
40.898000 33.270000 8.218000 1.824000
40.413000 34.531000 8.736000 1.908000
40.019000 34.525000 10.233000 1.908000
39.444000 35.486000 10.798000 1.661200
39.185000 34.862000 7.899000 1.908000
39.320000 35.659000 6.596000 1.908000
40.566000 35.336000 5.822000 1.908000
38.076000 35.448000 5.728000 1.908000
37.269000 35.761000 6.226000 1.487000
38.171000 35.970000 4.882000 1.487000
37.983000 34.477000 5.515000 1.487000
40.207000 32.533000 7.825000 0.600000
40.576000 34.363000 5.575000 1.487000
40.602000 35.885000 4.982000 1.487000
41.378000 35.538000 6.376000 1.487000
41.142000 35.240000 8.616000 1.387000
39.307000 36.647000 6.825000 1.487000
38.539000 35.377000 8.490000 1.487000
38.732000 33.985000 7.658000 1.487000
40.232000 33.392000 10.885000 1.824000
39.946000 33.130000 12.287000 1.908000
38.475000 33.444000 12.588000 1.908000
38.210000 34.215000 13.518000 1.661200
40.885000 33.951000 13.179000 1.908000
40.660000 32.633000 10.255000 0.600000
40.107000 32.159000 12.480000 1.387000
40.382000 34.722000 13.563000 1.487000
41.228000 33.372000 13.916000 1.487000
41.649000 34.286000 12.631000 1.487000
37.571000 32.889000 11.788000 1.824000
36.171000 33.182000 11.852000 1.908000
35.502000 32.496000 13.058000 1.908000
36.037000 31.542000 13.593000 1.661200
35.474000 32.834000 10.553000 1.908000
35.927000 33.558000 9.258000 1.908000
34.975000 33.240000 8.101000 1.908000
36.021000 35.072000 9.459000 1.908000
36.684000 35.270000 10.179000 1.487000
36.314000 35.501000 8.606000 1.487000
35.125000 35.427000 9.722000 1.487000
37.988000 32.207000 11.097000 0.600000
34.054000 33.545000 8.339000 1.487000
35.285000 33.715000 7.279000 1.487000
34.971000 32.255000 7.938000 1.487000
36.039000 34.178000 11.958000 1.387000
36.846000 33.250000 9.027000 1.487000
34.494000 33.027000 10.657000 1.487000
35.593000 31.850000 10.383000 1.487000
34.340000 32.994000 13.433000 1.824000
33.633000 32.449000 14.583000 1.908000
33.318000 30.998000 14.314000 1.908000
32.903000 30.697000 13.177000 1.661200
32.344000 33.265000 14.665000 1.908000
32.191000 33.810000 13.254000 1.908000
33.624000 34.158000 12.855000 1.908000
31.817000 33.115000 12.655000 1.487000
34.172000 32.554000 15.418000 1.387000
33.918000 34.996000 13.279000 1.387000
33.725000 34.181000 11.878000 1.387000
31.620000 34.620000 13.258000 1.487000
32.430000 34.011000 15.316000 1.487000
31.567000 32.689000 14.899000 1.487000
33.198000 30.193000 15.349000 1.824000
32.738000 28.807000 15.216000 1.908000
31.365000 28.739000 14.648000 1.908000
31.037000 27.729000 14.015000 1.661200
32.776000 28.081000 16.591000 1.908000
32.570000 26.572000 16.507000 1.908000
33.492000 25.857000 15.519000 1.908000
34.664000 26.273000 15.388000 1.661200
33.047000 24.892000 14.867000 1.661200
32.743000 26.186000 17.401000 1.487000
33.390000 28.302000 14.627000 1.387000
31.640000 26.401000 16.216000 1.487000
33.454000 30.615000 16.268000 0.600000
32.051000 28.456000 17.137000 1.487000
33.663000 28.244000 16.980000 1.487000
30.507000 29.776000 14.829000 1.824000
29.193000 29.725000 14.219000 1.908000
29.161000 30.106000 12.734000 1.908000
28.078000 30.065000 12.131000 1.661200
28.216000 30.635000 14.998000 1.908000
28.630000 32.091000 15.086000 1.908000
28.501000 32.943000 13.980000 1.908000
29.040000 32.647000 16.303000 1.908000
28.863000 34.278000 14.053000 1.908000
29.446000 33.983000 16.367000 1.908000
29.335000 34.783000 15.233000 1.908000
29.743000 36.109000 15.319000 1.721000
28.838000 28.770000 14.298000 1.387000
28.776000 34.864000 13.243000 1.459000
29.810000 34.357000 17.213000 1.459000
30.867000 30.539000 15.401000 0.600000
29.042000 32.092000 17.123000 1.459000
28.140000 32.575000 13.121000 1.459000
28.137000 30.275000 15.927000 1.487000
27.326000 30.588000 14.545000 1.487000
29.406000 36.601000 14.521000 0.600000
30.273000 30.551000 12.174000 1.824000
30.351000 30.981000 10.754000 1.908000
29.381000 30.287000 9.851000 1.908000
29.488000 29.043000 9.659000 1.661200
31.823000 30.818000 10.242000 1.908000
31.989000 31.267000 8.788000 1.908000
31.512000 32.507000 8.377000 1.908000
32.636000 30.483000 7.837000 1.908000
31.653000 32.944000 7.078000 1.908000
32.751000 30.874000 6.505000 1.908000
32.262000 32.126000 6.130000 1.908000
32.387000 32.624000 4.849000 1.721000
30.162000 31.983000 10.737000 1.387000
31.320000 33.852000 6.807000 1.459000
33.171000 30.277000 5.835000 1.459000
31.104000 30.580000 12.807000 0.600000
33.036000 29.604000 8.120000 1.459000
31.050000 33.100000 9.049000 1.459000
32.058000 29.863000 10.302000 1.487000
32.402000 31.376000 10.810000 1.487000
31.480000 32.833000 4.491000 0.600000
28.448000 31.030000 9.230000 1.824000
27.445000 30.414000 8.407000 1.908000
27.869000 29.826000 7.058000 1.908000
27.077000 29.193000 6.330000 1.661200
28.528000 32.047000 9.402000 0.600000
26.972000 29.662000 8.950000 1.387000
26.679000 31.098000 8.232000 1.387000
29.098000 30.015000 6.638000 1.824000
29.578000 29.478000 5.358000 1.908000
28.663000 29.824000 4.211000 1.908000
28.219000 28.936000 3.461000 1.661200
29.789000 27.971000 5.535000 1.908000
30.881000 27.659000 6.543000 1.908000
31.045000 26.125000 6.670000 1.908000
30.504000 25.374000 5.837000 1.661200
31.645000 25.661000 7.654000 1.661200
31.722000 28.006000 6.215000 1.487000
30.508000 29.838000 5.178000 1.387000
30.613000 27.986000 7.413000 1.487000
29.706000 30.572000 7.276000 0.600000
30.064000 27.605000 4.673000 1.487000
28.954000 27.591000 5.871000 1.487000
28.404000 31.128000 4.058000 1.824000
27.625000 31.678000 2.963000 1.908000
28.043000 33.133000 2.700000 1.908000
28.914000 33.579000 3.437000 1.661200
26.122000 31.594000 3.220000 1.908000
25.792000 32.346000 4.527000 1.908000
27.855000 31.160000 2.136000 1.387000
28.824000 31.728000 4.817000 0.600000
25.868000 30.656000 3.336000 1.487000
25.645000 32.034000 2.487000 1.487000
25.817000 33.582000 4.520000 1.661200
25.471000 31.605000 5.603000 1.824000
25.250000 32.040000 6.451000 0.600000
25.464000 30.606000 5.519000 0.600000
27.563000 33.808000 1.666000 1.824000
28.120000 35.131000 1.347000 1.908000
27.735000 36.193000 2.380000 1.908000
28.511000 37.045000 2.782000 1.661200
27.652000 35.534000 -0.054000 1.908000
27.962000 34.546000 -1.218000 1.908000
27.526000 35.236000 -2.517000 1.908000
29.429000 34.134000 -1.263000 1.908000
29.676000 33.684000 -0.405000 1.487000
29.575000 33.503000 -2.024000 1.487000
30.000000 34.945000 -1.389000 1.487000
26.815000 33.358000 1.137000 0.600000
28.039000 36.086000 -2.626000 1.487000
27.710000 34.630000 -3.289000 1.487000
26.549000 35.436000 -2.471000 1.487000
29.128000 35.055000 1.330000 1.387000
27.438000 33.729000 -1.084000 1.487000
28.086000 36.399000 -0.291000 1.487000
26.661000 35.645000 -0.032000 1.487000
26.483000 36.182000 2.806000 1.824000
25.934000 37.010000 3.868000 1.908000
26.801000 36.909000 5.110000 1.908000
27.296000 37.920000 5.615000 1.661200
24.535000 36.491000 4.211000 1.908000
25.873000 35.477000 2.278000 0.600000
25.921000 37.967000 3.561000 1.387000
24.612000 35.592000 4.637000 1.487000
24.094000 37.125000 4.843000 1.487000
23.995000 36.421000 3.374000 1.487000
27.150000 35.662000 5.507000 1.824000
28.009000 35.421000 6.641000 1.908000
29.404000 35.980000 6.481000 1.908000
30.094000 36.426000 7.386000 1.661200
28.232000 33.932000 6.918000 1.908000
26.738000 34.908000 4.914000 0.600000
27.585000 35.845000 7.469000 1.387000
27.646000 33.393000 6.316000 1.487000
29.189000 33.704000 6.746000 1.487000
28.006000 33.736000 7.870000 1.487000
29.941000 35.724000 5.239000 1.824000
31.329000 36.242000 5.027000 1.908000
31.322000 37.767000 5.136000 1.908000
32.252000 38.364000 5.665000 1.661200
31.732000 35.820000 3.592000 1.908000
33.088000 36.339000 3.121000 1.908000
34.187000 35.819000 4.046000 1.908000
33.346000 35.876000 1.682000 1.908000
32.628000 36.233000 1.088000 1.487000
34.234000 36.219000 1.380000 1.487000
33.342000 34.878000 1.652000 1.487000
29.392000 35.233000 4.596000 0.600000
34.190000 34.820000 4.029000 1.487000
35.073000 36.161000 3.734000 1.487000
34.015000 36.137000 4.978000 1.487000
31.907000 35.869000 5.746000 1.387000
33.084000 37.334000 3.143000 1.487000
31.042000 36.169000 2.975000 1.487000
31.762000 34.830000 3.572000 1.487000
30.376000 38.439000 4.502000 1.824000
30.344000 39.913000 4.537000 1.908000
30.245000 40.406000 6.010000 1.908000
30.952000 41.300000 6.445000 1.661200
29.096000 40.438000 3.831000 1.908000
28.836000 41.917000 3.931000 1.908000
27.879000 42.555000 4.672000 1.908000
29.558000 42.956000 3.233000 1.908000
27.965000 43.910000 4.459000 1.824000
28.990000 44.192000 3.603000 1.908000
30.633000 42.937000 2.332000 1.908000
29.443000 45.417000 3.092000 1.908000
31.094000 44.143000 1.830000 1.908000
30.506000 45.378000 2.203000 1.908000
30.866000 46.217000 1.819000 1.459000
31.211000 40.248000 4.175000 1.387000
27.356000 44.598000 4.877000 0.600000
31.057000 42.080000 2.059000 1.459000
31.858000 44.145000 1.190000 1.459000
29.010000 46.274000 3.364000 1.459000
27.223000 42.110000 5.271000 1.409000
29.682000 37.870000 3.996000 0.600000
28.288000 39.974000 4.211000 1.487000
29.161000 40.220000 2.852000 1.487000
29.382000 39.711000 6.781000 1.824000
29.177000 39.986000 8.209000 1.908000
30.485000 39.866000 8.927000 1.908000
30.873000 40.767000 9.721000 1.661200
28.123000 39.038000 8.874000 1.908000
27.990000 39.410000 10.381000 1.908000
27.570000 40.568000 10.642000 1.661200
28.315000 38.566000 11.248000 1.661200
28.872000 38.957000 6.267000 0.600000
28.874000 40.939000 8.278000 1.387000
28.453000 38.129000 8.808000 1.487000
27.268000 39.191000 8.442000 1.487000
31.226000 38.776000 8.629000 1.824000
32.540000 38.676000 9.303000 1.908000
33.556000 39.707000 8.844000 1.908000
34.441000 40.144000 9.605000 1.661200
33.145000 37.269000 9.162000 1.908000
32.119000 36.056000 10.081000 2.000000
30.846000 38.122000 7.986000 0.600000
32.381000 38.805000 10.300000 1.387000
34.035000 37.269000 9.560000 1.387000
33.136000 37.016000 8.221000 1.387000
32.722000 35.452000 10.594000 0.600000
33.566000 39.983000 7.521000 1.824000
34.531000 40.982000 7.038000 1.908000
34.238000 42.346000 7.660000 1.908000
35.181000 43.074000 7.960000 1.661200
34.401000 41.161000 5.498000 1.908000
34.864000 39.881000 4.742000 1.908000
34.725000 40.061000 3.239000 1.908000
36.286000 39.544000 5.156000 1.908000
36.319000 39.380000 6.143000 1.487000
36.591000 38.722000 4.674000 1.487000
36.893000 40.306000 4.927000 1.487000
32.907000 39.482000 6.952000 0.600000
35.288000 40.832000 2.940000 1.487000
35.027000 39.229000 2.772000 1.487000
33.768000 40.241000 3.010000 1.487000
35.450000 40.695000 7.317000 1.387000
34.298000 39.117000 5.046000 1.487000
34.986000 41.886000 5.230000 1.487000
33.463000 41.298000 5.290000 1.487000
32.957000 42.661000 7.816000 1.824000
32.614000 43.974000 8.338000 1.908000
32.391000 44.090000 9.844000 1.908000
32.349000 45.267000 10.268000 1.661200
31.376000 44.577000 7.661000 1.908000
30.212000 43.783000 7.879000 1.721000
31.676000 44.702000 6.163000 1.908000
33.372000 44.628000 8.082000 1.387000
32.664000 44.789000 6.026000 1.487000
31.344000 43.886000 5.686000 1.487000
32.282000 41.943000 7.553000 0.600000
31.204000 45.512000 8.059000 1.387000
31.216000 45.512000 5.796000 1.487000
30.324000 42.871000 7.467000 0.600000
32.311000 42.980000 10.567000 1.824000
32.108000 43.045000 12.015000 1.908000
32.772000 41.888000 12.756000 1.908000
32.195000 41.357000 13.719000 1.661200
32.401000 42.099000 10.040000 0.600000
32.479000 43.921000 12.365000 1.387000
31.114000 43.040000 12.213000 1.387000
33.986000 41.490000 12.361000 1.824000
34.648000 40.397000 13.032000 1.908000
36.154000 40.365000 12.811000 1.908000
36.938000 40.391000 13.767000 1.661200
34.095000 39.036000 12.561000 1.908000
34.790000 37.906000 13.277000 1.908000
35.946000 37.273000 12.929000 1.908000
34.353000 37.309000 14.505000 1.908000
36.253000 36.312000 13.861000 1.824000
35.281000 36.299000 14.830000 1.908000
33.262000 37.524000 15.351000 1.908000
35.158000 35.522000 15.978000 1.908000
33.133000 36.741000 16.492000 1.908000
34.083000 35.745000 16.792000 1.908000
33.956000 35.199000 17.619000 1.459000
34.493000 40.504000 14.033000 1.387000
37.055000 35.716000 13.840000 0.600000
32.583000 38.226000 15.147000 1.459000
32.363000 36.887000 17.099000 1.459000
35.850000 34.819000 16.188000 1.459000
36.491000 37.475000 12.118000 1.409000
34.380000 42.017000 11.568000 0.600000
34.274000 38.934000 11.605000 1.487000
33.144000 38.986000 12.783000 1.487000
36.495000 40.192000 11.525000 1.824000
37.867000 40.028000 11.076000 1.908000
38.772000 41.186000 11.418000 1.908000
38.332000 42.314000 11.298000 1.661200
37.769000 39.895000 9.509000 1.908000
39.051000 40.243000 8.821000 1.908000
37.249000 38.496000 9.180000 1.908000
38.244000 39.190000 11.524000 1.387000
39.066000 41.220000 8.588000 1.487000
37.305000 37.926000 9.998000 1.487000
37.069000 40.549000 9.214000 1.487000
39.832000 40.043000 9.420000 1.487000
39.148000 39.708000 7.976000 1.487000
35.673000 40.186000 10.871000 0.600000
36.299000 38.563000 8.878000 1.487000
37.809000 38.102000 8.453000 1.487000
40.036000 40.920000 11.686000 1.824000
41.079000 41.877000 11.988000 1.908000
41.682000 42.476000 10.721000 1.908000
41.750000 41.825000 9.681000 1.661200
42.169000 41.160000 12.805000 1.908000
43.440000 41.907000 13.145000 1.908000
44.578000 40.986000 13.566000 1.908000
44.347000 39.794000 13.873000 1.661200
45.761000 41.420000 13.580000 1.661200
43.740000 42.396000 12.345000 1.487000
40.706000 42.622000 12.562000 1.387000
43.258000 42.510000 13.901000 1.487000
40.244000 39.862000 11.660000 0.600000
42.429000 40.339000 12.288000 1.487000
41.745000 40.874000 13.670000 1.487000
42.042000 43.735000 10.723000 1.824000
42.629000 44.496000 9.631000 1.908000
43.916000 45.162000 10.058000 1.908000
44.088000 45.433000 11.248000 1.661200
41.604000 45.592000 9.237000 1.908000
40.437000 44.945000 8.496000 1.908000
40.701000 44.255000 7.316000 1.908000
39.146000 44.975000 8.991000 1.908000
39.675000 43.608000 6.657000 1.908000
38.117000 44.348000 8.303000 1.908000
38.402000 43.684000 7.111000 1.908000
37.403000 43.056000 6.416000 1.721000
42.837000 43.857000 8.877000 1.387000
39.889000 43.069000 5.822000 1.459000
37.185000 44.370000 8.652000 1.459000
41.855000 44.211000 11.680000 0.600000
38.951000 45.447000 9.845000 1.459000
41.624000 44.230000 6.951000 1.459000
42.044000 46.219000 8.635000 1.487000
41.265000 46.001000 10.053000 1.487000
36.560000 43.083000 6.952000 0.600000
44.844000 45.422000 9.159000 1.824000
44.756000 45.069000 7.756000 1.908000
44.883000 43.560000 7.501000 1.908000
45.460000 42.837000 8.288000 1.661200
46.016000 45.682000 7.127000 1.908000
46.539000 46.628000 8.146000 1.908000
46.159000 46.042000 9.487000 1.908000
47.539000 46.718000 8.071000 1.487000
43.893000 45.420000 7.345000 1.387000
46.047000 46.744000 10.174000 1.387000
46.801000 45.351000 9.779000 1.387000
46.129000 47.540000 8.031000 1.487000
45.784000 46.158000 6.272000 1.487000
46.688000 44.963000 6.919000 1.487000
44.310000 43.168000 6.387000 1.824000
44.207000 41.794000 5.930000 1.908000
44.824000 41.650000 4.526000 1.908000
44.538000 42.396000 3.577000 1.661200
42.704000 41.464000 5.815000 1.908000
42.356000 40.069000 5.265000 1.908000
42.910000 38.989000 6.183000 1.908000
40.877000 39.845000 5.029000 1.908000
40.535000 40.513000 4.366000 1.487000
40.727000 38.921000 4.673000 1.487000
40.377000 39.951000 5.890000 1.487000
43.906000 43.976000 5.816000 0.600000
42.512000 39.089000 7.096000 1.487000
42.678000 38.087000 5.817000 1.487000
43.905000 39.078000 6.242000 1.487000
44.721000 41.201000 6.555000 1.387000
42.756000 39.974000 4.357000 1.487000
42.293000 42.133000 5.208000 1.487000
42.310000 41.530000 6.725000 1.487000
45.681000 40.658000 4.375000 1.824000
46.243000 40.281000 3.073000 1.908000
45.631000 38.922000 2.716000 1.908000
45.816000 37.935000 3.432000 1.661200
47.762000 40.202000 3.049000 1.908000
48.340000 39.763000 1.703000 1.908000
48.336000 41.592000 3.390000 1.908000
45.940000 40.939000 2.401000 1.387000
48.094000 40.432000 1.004000 1.487000
48.911000 41.895000 2.635000 1.487000
48.051000 39.507000 3.722000 1.487000
49.334000 39.702000 1.774000 1.487000
47.966000 38.870000 1.458000 1.487000
45.931000 40.158000 5.260000 0.600000
47.579000 42.227000 3.522000 1.487000
48.875000 41.520000 4.225000 1.487000
44.834000 38.870000 1.670000 1.824000
44.330000 37.611000 1.132000 1.908000
45.142000 37.198000 -0.107000 1.908000
45.119000 37.865000 -1.147000 1.661200
42.866000 37.641000 0.793000 1.908000
42.160000 36.390000 0.280000 1.908000
42.028000 35.282000 1.343000 1.908000
40.784000 36.796000 -0.261000 1.908000
40.903000 37.452000 -1.004000 1.487000
40.311000 35.985000 -0.600000 1.487000
40.252000 37.213000 0.473000 1.487000
44.591000 39.799000 1.257000 0.600000
41.502000 35.633000 2.114000 1.487000
41.560000 34.499000 0.940000 1.487000
42.939000 35.013000 1.647000 1.487000
44.436000 36.896000 1.826000 1.387000
42.672000 36.020000 -0.508000 1.487000
42.721000 38.364000 0.090000 1.487000
42.357000 37.939000 1.625000 1.487000
45.816000 36.062000 0.032000 1.824000
46.574000 35.490000 -1.099000 1.908000
45.819000 34.283000 -1.636000 1.908000
45.664000 33.290000 -0.929000 1.661200
47.980000 35.146000 -0.665000 1.908000
48.754000 34.463000 -1.786000 1.908000
50.134000 34.088000 -1.303000 1.908000
50.522000 34.466000 -0.173000 1.661200
50.803000 33.401000 -2.084000 1.661200
48.286000 33.646000 -2.024000 1.487000
46.670000 36.178000 -1.814000 1.387000
48.853000 35.095000 -2.518000 1.487000
45.770000 35.625000 0.962000 0.600000
47.929000 34.519000 0.079000 1.487000
48.447000 35.974000 -0.450000 1.487000
45.243000 34.416000 -2.811000 1.824000
44.414000 33.405000 -3.432000 1.908000
45.192000 32.739000 -4.607000 1.908000
45.128000 33.258000 -5.709000 1.661200
43.112000 34.017000 -3.878000 1.908000
41.969000 33.086000 -4.152000 1.908000
42.041000 31.804000 -4.642000 1.908000
40.581000 33.361000 -3.990000 1.908000
40.784000 31.310000 -4.824000 1.824000
39.862000 32.218000 -4.392000 1.908000
39.862000 34.477000 -3.504000 1.908000
38.478000 32.146000 -4.389000 1.908000
38.491000 34.381000 -3.504000 1.908000
37.787000 33.243000 -3.944000 1.908000
36.800000 33.248000 -3.926000 1.459000
44.235000 32.684000 -2.764000 1.387000
40.563000 30.409000 -5.219000 0.600000
40.327000 35.281000 -3.181000 1.459000
37.953000 35.173000 -3.169000 1.459000
38.009000 31.314000 -4.705000 1.459000
42.889000 31.316000 -4.833000 1.409000
45.441000 35.348000 -3.278000 0.600000
43.266000 34.542000 -4.729000 1.487000
42.791000 34.666000 -3.172000 1.487000
45.910000 31.668000 -4.313000 1.824000
46.649000 30.919000 -5.321000 1.908000
45.768000 30.016000 -6.152000 1.908000
44.679000 29.643000 -5.692000 1.661200
47.746000 30.078000 -4.695000 1.908000
48.617000 30.969000 -3.796000 1.908000
49.390000 30.049000 -2.864000 1.908000
50.429000 30.763000 -2.120000 1.824000
51.144000 30.159000 -1.183000 1.908000
50.916000 28.882000 -0.884000 1.824000
52.074000 30.828000 -0.515000 1.824000
48.041000 31.547000 -3.258000 1.487000
47.113000 31.581000 -5.938000 1.387000
50.596000 31.714000 -2.325000 0.600000
49.253000 31.463000 -4.349000 1.487000
52.602000 30.384000 0.203000 0.600000
52.250000 31.793000 -0.735000 0.600000
45.903000 31.405000 -3.301000 0.600000
49.814000 29.335000 -3.416000 1.387000
48.745000 29.646000 -2.221000 1.387000
51.455000 28.440000 -0.155000 0.600000
50.221000 28.366000 -1.375000 0.600000
48.316000 29.719000 -5.400000 1.487000
47.341000 29.391000 -4.132000 1.487000
46.143000 29.762000 -7.413000 1.824000
45.355000 28.870000 -8.259000 1.908000
43.895000 29.239000 -8.333000 1.908000
42.986000 28.375000 -8.283000 1.661200
45.373000 27.451000 -7.656000 1.908000
46.367000 26.501000 -8.280000 1.908000
47.752000 27.097000 -8.265000 1.908000
46.377000 25.655000 -7.759000 1.487000
45.741000 28.921000 -9.200000 1.387000
46.102000 26.328000 -9.222000 1.487000
47.005000 30.236000 -7.717000 0.600000
44.451000 27.057000 -7.754000 1.487000
45.581000 27.531000 -6.674000 1.487000
47.765000 27.003000 -10.299000 0.600000
48.239000 27.383000 -7.170000 1.661200
48.274000 27.272000 -9.471000 1.824000
49.218000 27.690000 -9.566000 0.600000
43.624000 30.531000 -8.469000 1.824000
42.237000 30.973000 -8.493000 1.908000
41.400000 30.277000 -9.513000 1.908000
40.230000 29.941000 -9.303000 1.661200
42.267000 32.519000 -8.741000 1.908000
40.875000 33.057000 -8.742000 1.908000
40.226000 33.271000 -7.513000 1.908000
40.173000 33.294000 -9.898000 1.908000
38.934000 33.734000 -7.497000 1.908000
38.874000 33.752000 -9.890000 1.908000
38.251000 33.975000 -8.660000 1.908000
37.309000 34.310000 -8.637000 1.459000
41.849000 30.750000 -7.576000 1.387000
38.480000 33.898000 -6.597000 1.459000
38.382000 33.921000 -10.748000 1.459000
44.433000 31.153000 -8.551000 0.600000
40.626000 33.127000 -10.792000 1.459000
40.708000 33.087000 -6.670000 1.459000
42.663000 32.657000 -9.615000 1.487000
42.761000 32.913000 -8.006000 1.487000
41.936000 30.159000 -10.763000 1.824000
41.176000 29.529000 -11.834000 1.908000
40.808000 28.096000 -11.494000 1.908000
39.672000 27.676000 -11.736000 1.661200
41.984000 29.571000 -13.154000 1.908000
42.543000 30.962000 -13.481000 1.908000
41.451000 31.987000 -13.713000 1.908000
40.293000 31.609000 -13.990000 1.661200
41.792000 33.198000 -13.642000 1.661200
43.078000 31.260000 -12.715000 1.487000
40.334000 30.061000 -12.009000 1.387000
43.069000 30.891000 -14.305000 1.487000
42.881000 30.542000 -10.858000 0.600000
41.379000 29.316000 -13.879000 1.487000
42.743000 28.962000 -13.054000 1.487000
41.738000 27.333000 -10.938000 1.824000
41.427000 25.952000 -10.537000 1.908000
40.341000 25.934000 -9.469000 1.908000
39.417000 25.127000 -9.594000 1.661200
42.714000 25.289000 -10.063000 1.908000
43.376000 24.419000 -11.112000 1.908000
44.657000 23.757000 -10.710000 1.908000
42.713000 23.699000 -11.392000 1.487000
41.075000 25.471000 -11.346000 1.387000
43.550000 24.992000 -11.935000 1.487000
42.661000 27.768000 -10.814000 0.600000
42.507000 24.715000 -9.267000 1.487000
43.364000 26.002000 -9.793000 1.487000
44.405000 22.310000 -12.082000 0.600000
45.413000 24.159000 -9.837000 1.661200
45.041000 22.648000 -11.349000 1.824000
45.897000 22.177000 -11.124000 0.600000
40.369000 26.890000 -8.496000 1.824000
39.284000 26.936000 -7.498000 1.908000
37.933000 27.285000 -8.071000 1.908000
36.897000 26.991000 -7.456000 1.661200
39.628000 27.827000 -6.306000 1.908000
39.659000 29.202000 -6.583000 1.721000
41.160000 27.523000 -8.528000 0.600000
39.224000 26.010000 -7.076000 1.387000
40.534000 27.545000 -5.949000 1.387000
38.949000 27.655000 -5.574000 1.387000
39.845000 29.349000 -7.556000 0.600000
37.845000 27.841000 -9.262000 1.824000
36.574000 28.129000 -9.914000 1.908000
35.885000 26.879000 -10.458000 1.908000
34.649000 26.821000 -10.529000 1.661200
36.802000 29.019000 -11.132000 1.908000
36.977000 30.492000 -10.921000 1.908000
36.876000 31.245000 -12.246000 1.908000
35.543000 31.063000 -12.938000 1.908000
35.387000 31.957000 -14.137000 1.824000
35.954000 28.570000 -9.241000 1.387000
35.452000 30.107000 -13.237000 1.100000
34.801000 31.265000 -12.289000 1.100000
36.264000 30.833000 -10.310000 1.487000
37.875000 30.673000 -10.523000 1.487000
35.296000 32.901000 -13.828000 0.600000
36.193000 31.865000 -14.717000 0.600000
34.572000 31.683000 -14.641000 0.600000
37.602000 30.917000 -12.854000 1.487000
37.015000 32.222000 -12.067000 1.487000
38.771000 28.062000 -9.707000 0.600000
36.014000 28.877000 -11.766000 1.487000
37.626000 28.665000 -11.620000 1.487000
36.656000 25.875000 -10.849000 1.824000
36.114000 24.692000 -11.498000 1.908000
35.152000 23.875000 -10.643000 1.908000
34.100000 23.448000 -11.120000 1.661200
37.204000 23.749000 -11.994000 1.908000
38.480000 24.298000 -12.597000 1.908000
39.359000 23.122000 -13.037000 1.908000
38.262000 24.835000 -13.390000 1.487000
35.601000 24.999000 -12.328000 1.387000
38.968000 24.813000 -11.917000 1.487000
37.672000 26.005000 -10.653000 0.600000
36.783000 23.113000 -12.691000 1.487000
37.473000 23.133000 -11.211000 1.487000
40.892000 23.788000 -11.932000 0.600000
38.919000 22.250000 -13.806000 1.661200
40.592000 23.033000 -12.568000 1.824000
41.207000 22.276000 -12.814000 0.600000
35.536000 23.602000 -9.400000 1.824000
34.688000 22.816000 -8.522000 1.908000
33.872000 23.643000 -7.532000 1.908000
33.375000 23.051000 -6.559000 1.661200
35.590000 21.810000 -7.795000 1.908000
35.962000 20.558000 -8.596000 1.908000
37.148000 19.846000 -7.951000 1.908000
34.760000 19.633000 -8.766000 1.908000
34.033000 20.118000 -9.252000 1.487000
35.032000 18.827000 -9.291000 1.487000
34.429000 19.349000 -7.867000 1.487000
36.455000 23.985000 -9.129000 0.600000
36.907000 19.577000 -7.019000 1.487000
37.378000 19.033000 -8.485000 1.487000
37.934000 20.463000 -7.928000 1.487000
34.037000 22.280000 -9.096000 1.387000
36.204000 20.828000 -9.526000 1.487000
35.115000 21.510000 -6.978000 1.487000
36.436000 22.274000 -7.560000 1.487000
33.716000 24.955000 -7.753000 1.824000
32.928000 25.777000 -6.857000 1.908000
31.756000 26.380000 -7.633000 1.908000
30.961000 27.138000 -7.068000 1.661200
33.635000 26.979000 -6.213000 1.908000
34.241000 27.753000 -7.263000 1.721000
34.680000 26.562000 -5.194000 1.908000
32.556000 25.201000 -6.129000 1.387000
34.277000 25.925000 -4.532000 1.487000
35.448000 26.111000 -5.657000 1.487000
34.197000 25.310000 -8.597000 0.600000
32.945000 27.560000 -5.751000 1.387000
35.022000 27.369000 -4.705000 1.487000
35.203000 27.488000 -7.378000 0.600000
31.647000 26.015000 -8.900000 1.824000
30.611000 26.580000 -9.779000 1.908000
30.849000 28.083000 -9.872000 1.908000
31.969000 28.533000 -10.184000 1.661200
29.229000 26.217000 -9.230000 1.908000
28.976000 24.721000 -9.087000 1.908000
27.930000 23.881000 -9.026000 1.908000
26.838000 24.549000 -9.040000 1.661200
27.905000 22.584000 -8.984000 1.661200
29.685000 24.306000 -9.851000 1.487000
30.679000 26.171000 -10.681000 1.387000
29.651000 24.466000 -8.227000 1.487000
32.337000 25.311000 -9.220000 0.600000
28.555000 26.574000 -9.854000 1.487000
29.148000 26.619000 -8.333000 1.487000
29.868000 28.904000 -9.517000 1.824000
30.045000 30.371000 -9.508000 1.908000
30.689000 30.796000 -8.183000 1.908000
30.889000 31.991000 -7.950000 1.661200
28.743000 31.119000 -9.721000 1.908000
28.638000 32.618000 -9.684000 1.908000
30.694000 30.590000 -10.233000 1.387000
28.979000 28.443000 -9.250000 0.600000
28.052000 30.739000 -9.032000 1.487000
28.349000 30.800000 -10.637000 1.487000
29.548000 33.455000 -9.778000 1.661200
27.393000 33.117000 -9.535000 1.824000
27.257000 34.105000 -9.508000 0.600000
26.621000 32.494000 -9.452000 0.600000
30.894000 29.862000 -7.264000 1.824000
31.321000 30.126000 -5.914000 1.908000
32.556000 30.984000 -5.727000 1.908000
32.520000 31.995000 -5.001000 1.661200
30.711000 28.879000 -7.622000 0.600000
30.536000 30.560000 -5.391000 1.387000
31.471000 29.223000 -5.425000 1.387000
33.660000 30.630000 -6.390000 1.824000
34.894000 31.398000 -6.242000 1.908000
34.744000 32.864000 -6.603000 1.908000
35.183000 33.762000 -5.874000 1.661200
36.072000 30.763000 -6.986000 1.908000
33.565000 29.800000 -6.991000 0.600000
35.199000 31.332000 -5.272000 1.387000
36.562000 31.470000 -7.492000 1.487000
36.687000 30.336000 -6.326000 1.487000
35.728000 30.073000 -7.620000 1.487000
34.148000 33.186000 -7.729000 1.824000
33.946000 34.565000 -8.138000 1.908000
32.996000 35.305000 -7.193000 1.908000
33.198000 36.480000 -6.948000 1.661200
33.332000 34.567000 -9.552000 1.908000
33.351000 35.903000 -10.269000 1.908000
34.717000 36.551000 -10.355000 1.908000
35.763000 35.908000 -10.589000 1.661200
34.727000 37.799000 -10.143000 1.661200
33.030000 35.762000 -11.196000 1.487000
34.833000 35.049000 -8.161000 1.387000
32.757000 36.527000 -9.780000 1.487000
33.832000 32.371000 -8.305000 0.600000
32.389000 34.284000 -9.463000 1.487000
33.849000 33.923000 -10.097000 1.487000
31.974000 34.665000 -6.676000 1.824000
30.992000 35.305000 -5.770000 1.908000
31.692000 35.720000 -4.479000 1.908000
31.520000 36.861000 -4.030000 1.661200
29.876000 34.307000 -5.429000 1.908000
28.916000 34.310000 -6.479000 1.721000
31.897000 33.657000 -6.950000 0.600000
30.655000 36.128000 -6.222000 1.387000
29.440000 34.591000 -4.591000 1.387000
30.267000 33.406000 -5.350000 1.387000
29.362000 34.056000 -7.335000 0.600000
32.586000 34.846000 -4.022000 1.824000
33.396000 35.082000 -2.861000 1.908000
34.385000 36.214000 -3.071000 1.908000
34.565000 37.148000 -2.240000 1.661200
34.078000 33.813000 -2.327000 1.908000
35.184000 34.091000 -1.330000 1.908000
32.980000 32.943000 -1.644000 1.908000
32.788000 35.343000 -2.091000 1.387000
35.358000 35.076000 -1.285000 1.487000
32.278000 32.741000 -2.318000 1.487000
34.501000 33.342000 -3.112000 1.487000
34.913000 33.762000 -0.424000 1.487000
36.021000 33.621000 -1.614000 1.487000
32.641000 33.964000 -4.596000 0.600000
33.404000 32.105000 -1.318000 1.487000
32.599000 33.461000 -0.886000 1.487000
35.107000 36.127000 -4.203000 1.824000
36.044000 37.234000 -4.481000 1.908000
35.266000 38.540000 -4.484000 1.908000
35.762000 39.558000 -4.023000 1.661200
36.707000 36.956000 -5.816000 1.908000
37.547000 38.090000 -6.423000 1.908000
38.636000 38.531000 -5.462000 1.908000
38.146000 37.560000 -7.760000 1.908000
37.398000 37.309000 -8.365000 1.487000
38.694000 38.281000 -8.169000 1.487000
38.711000 36.766000 -7.561000 1.487000
34.964000 35.324000 -4.779000 0.600000
39.240000 37.758000 -5.260000 1.487000
39.171000 39.269000 -5.875000 1.487000
38.222000 38.859000 -4.612000 1.487000
36.719000 37.262000 -3.750000 1.387000
36.944000 38.863000 -6.625000 1.487000
35.994000 36.735000 -6.480000 1.487000
37.317000 36.171000 -5.705000 1.487000
34.127000 38.618000 -5.128000 1.824000
33.297000 39.794000 -5.238000 1.908000
32.962000 40.378000 -3.858000 1.908000
33.118000 41.604000 -3.704000 1.661200
32.076000 39.530000 -6.086000 1.908000
31.096000 40.678000 -6.317000 1.908000
31.709000 41.848000 -7.059000 1.908000
30.321000 40.332000 -6.849000 1.487000
33.808000 40.501000 -5.745000 1.387000
30.767000 40.999000 -5.427000 1.487000
33.846000 37.691000 -5.590000 0.600000
31.546000 38.760000 -5.671000 1.487000
32.377000 39.202000 -7.005000 1.487000
30.080000 42.982000 -6.807000 0.600000
32.873000 41.735000 -7.524000 1.661200
31.031000 43.001000 -7.220000 1.824000
31.410000 43.781000 -7.688000 0.600000
32.582000 39.535000 -2.887000 1.824000
32.332000 40.011000 -1.532000 1.908000
33.568000 40.680000 -0.954000 1.908000
33.401000 41.728000 -0.339000 1.661200
31.910000 38.882000 -0.549000 1.908000
31.782000 39.363000 0.896000 1.908000
30.594000 38.300000 -1.025000 1.908000
31.596000 40.697000 -1.572000 1.387000
32.411000 38.845000 1.474000 1.487000
30.485000 38.479000 -2.004000 1.487000
32.634000 38.188000 -0.563000 1.487000
32.007000 40.335000 0.942000 1.487000
30.844000 39.221000 1.210000 1.487000
32.487000 38.549000 -3.181000 0.600000
30.589000 37.312000 -0.863000 1.487000
29.840000 38.725000 -0.522000 1.487000
34.776000 40.116000 -1.100000 1.824000
35.940000 40.777000 -0.567000 1.908000
36.255000 42.104000 -1.293000 1.908000
36.707000 43.049000 -0.618000 1.661200
37.210000 39.949000 -0.565000 1.908000
37.416000 38.801000 0.351000 1.908000
36.963000 37.524000 -0.027000 1.908000
38.088000 38.919000 1.550000 1.908000
37.187000 36.427000 0.783000 1.908000
38.301000 37.822000 2.382000 1.908000
37.864000 36.580000 1.979000 1.908000
38.036000 35.773000 2.555000 1.459000
35.739000 41.027000 0.393000 1.387000
36.854000 35.519000 0.497000 1.459000
38.769000 37.950000 3.266000 1.459000
34.781000 39.220000 -1.600000 0.600000
38.437000 39.820000 1.837000 1.459000
36.478000 37.416000 -0.888000 1.459000
37.993000 40.603000 -0.416000 1.487000
37.341000 39.600000 -1.526000 1.487000
35.992000 42.168000 -2.606000 1.824000
36.220000 43.399000 -3.349000 1.908000
35.262000 44.496000 -2.859000 1.908000
35.613000 45.677000 -2.786000 1.661200
36.026000 43.262000 -4.874000 1.908000
37.008000 42.253000 -5.514000 1.908000
37.796000 42.936000 -6.626000 1.908000
37.128000 43.072000 -7.832000 1.824000
36.827000 43.746000 -8.902000 1.908000
37.211000 45.007000 -9.082000 1.824000
36.020000 43.127000 -9.756000 1.824000
36.493000 41.508000 -5.905000 1.487000
37.161000 43.709000 -3.192000 1.387000
36.492000 42.040000 -7.981000 0.600000
37.640000 41.940000 -4.826000 1.487000
35.734000 43.626000 -10.615000 0.600000
35.693000 42.212000 -9.589000 0.600000
35.628000 41.298000 -3.020000 0.600000
38.652000 42.395000 -6.744000 1.387000
38.077000 43.846000 -6.262000 1.387000
36.950000 45.510000 -9.907000 0.600000
37.771000 45.461000 -8.382000 0.600000
36.186000 44.142000 -5.289000 1.487000
35.110000 42.939000 -5.044000 1.487000
34.035000 44.102000 -2.613000 1.824000
32.988000 44.991000 -2.105000 1.908000
33.337000 45.469000 -0.691000 1.908000
33.303000 46.679000 -0.477000 1.661200
31.655000 44.307000 -2.179000 1.908000
30.994000 44.299000 -3.562000 1.908000
29.974000 43.182000 -3.605000 1.908000
29.686000 42.598000 -2.512000 1.661200
29.470000 42.832000 -4.696000 1.661200
30.528000 45.137000 -3.677000 1.487000
32.895000 45.785000 -2.711000 1.387000
31.675000 44.110000 -4.220000 1.487000
33.855000 43.084000 -2.811000 0.600000
31.027000 44.769000 -1.566000 1.487000
31.772000 43.358000 -1.914000 1.487000
33.986000 44.624000 0.124000 1.824000
34.424000 45.006000 1.458000 1.908000
35.537000 46.057000 1.348000 1.908000
35.527000 47.067000 2.056000 1.661200
34.972000 43.883000 2.331000 1.908000
34.145000 43.678000 -0.285000 0.600000
33.655000 45.412000 1.953000 1.387000
34.439000 43.826000 3.174000 1.487000
34.908000 43.016000 1.838000 1.487000
35.928000 44.070000 2.553000 1.487000
36.452000 45.754000 0.403000 1.824000
37.543000 46.745000 0.215000 1.908000
36.956000 48.026000 -0.360000 1.908000
37.323000 49.121000 0.050000 1.661200
38.624000 46.104000 -0.650000 1.908000
39.685000 47.118000 -1.098000 1.908000
40.577000 46.433000 -2.191000 1.908000
41.657000 47.410000 -2.575000 1.908000
42.390000 46.902000 -3.750000 1.824000
37.948000 46.939000 1.105000 1.387000
41.241000 48.289000 -2.797000 1.100000
42.289000 47.519000 -1.811000 1.100000
39.249000 47.895000 -1.505000 1.487000
40.259000 47.354000 -0.341000 1.487000
43.012000 46.168000 -3.470000 0.600000
41.741000 46.545000 -4.425000 0.600000
42.921000 47.644000 -4.164000 0.600000
40.009000 46.243000 -2.961000 1.487000
40.974000 45.636000 -1.792000 1.487000
36.341000 44.907000 -0.096000 0.600000
38.199000 45.726000 -1.460000 1.487000
39.076000 45.400000 -0.122000 1.487000
35.947000 47.971000 -1.225000 1.824000
35.333000 49.188000 -1.770000 1.908000
34.701000 50.074000 -0.690000 1.908000
34.634000 51.286000 -0.869000 1.661200
34.273000 48.913000 -2.829000 1.908000
35.636000 47.015000 -1.477000 0.600000
36.050000 49.725000 -2.245000 1.387000
34.093000 47.931000 -2.873000 1.487000
33.431000 49.396000 -2.591000 1.487000
34.599000 49.232000 -3.718000 1.487000
34.214000 49.524000 0.413000 1.824000
33.648000 50.335000 1.485000 1.908000
34.653000 50.702000 2.557000 1.908000
34.221000 51.116000 3.646000 1.661200
32.445000 49.610000 2.098000 1.908000
31.352000 49.473000 1.055000 1.908000
30.087000 48.856000 1.603000 1.908000
29.963000 48.804000 2.843000 1.661200
29.280000 48.446000 0.735000 1.661200
31.127000 50.373000 0.724000 1.487000
33.250000 51.185000 1.088000 1.387000
31.682000 48.888000 0.335000 1.487000
34.269000 48.488000 0.448000 0.600000
32.105000 50.156000 2.818000 1.487000
32.731000 48.723000 2.350000 1.487000
35.950000 50.573000 2.342000 1.824000
36.946000 51.037000 3.286000 1.908000
37.747000 49.995000 4.021000 1.908000
38.804000 50.326000 4.567000 1.661200
36.194000 50.109000 1.435000 0.600000
37.599000 51.675000 2.791000 1.387000
36.482000 51.654000 3.980000 1.387000
37.299000 48.740000 4.029000 1.824000
38.098000 47.704000 4.673000 1.908000
39.461000 47.634000 4.000000 1.908000
39.528000 47.640000 2.766000 1.661200
37.409000 46.339000 4.669000 1.908000
35.743000 46.388000 5.387000 2.000000
36.401000 48.582000 3.571000 0.600000
38.234000 47.960000 5.630000 1.387000
37.958000 45.711000 5.205000 1.387000
37.332000 46.030000 3.731000 1.387000
35.619000 45.598000 5.986000 0.600000
40.494000 47.565000 4.804000 1.824000
41.873000 47.482000 4.396000 1.908000
42.314000 46.065000 4.008000 1.908000
42.959000 45.320000 4.745000 1.661200
42.789000 48.039000 5.485000 1.908000
44.223000 48.123000 5.004000 1.908000
44.530000 47.713000 3.862000 1.661200
45.057000 48.599000 5.806000 1.661200
40.216000 47.576000 5.840000 0.600000
41.984000 48.055000 3.562000 1.387000
42.747000 47.433000 6.262000 1.487000
42.475000 48.946000 5.716000 1.487000
41.974000 45.729000 2.755000 1.824000
42.196000 44.385000 2.257000 1.908000
43.039000 44.411000 0.976000 1.908000
42.740000 45.119000 0.031000 1.661200
40.831000 43.730000 1.945000 1.908000
39.915000 43.601000 3.171000 1.908000
41.028000 42.345000 1.321000 1.908000
38.486000 43.263000 2.751000 1.908000
42.749000 43.909000 2.947000 1.387000
40.138000 41.989000 1.048000 1.487000
41.623000 42.435000 0.526000 1.487000
40.361000 44.309000 1.269000 1.487000
40.258000 42.881000 3.748000 1.487000
39.908000 44.463000 3.649000 1.487000
38.490000 42.398000 2.256000 1.487000
41.554000 46.494000 2.201000 0.600000
37.918000 43.186000 3.566000 1.487000
41.446000 41.746000 1.999000 1.487000
38.141000 43.990000 2.163000 1.487000
44.048000 43.590000 0.933000 1.824000
44.915000 43.412000 -0.203000 1.908000
44.621000 42.010000 -0.738000 1.908000
44.615000 41.061000 0.065000 1.661200
46.401000 43.594000 0.120000 1.908000
46.605000 44.949000 0.540000 1.721000
47.228000 43.305000 -1.126000 1.908000
44.676000 44.066000 -0.906000 1.387000
48.182000 43.133000 -0.868000 1.487000
46.864000 42.497000 -1.595000 1.487000
44.188000 43.040000 1.837000 0.600000
46.650000 42.982000 0.892000 1.387000
47.192000 44.091000 -1.748000 1.487000
45.917000 45.210000 1.226000 0.600000
44.198000 41.959000 -2.001000 1.824000
43.873000 40.637000 -2.581000 1.908000
44.916000 40.279000 -3.639000 1.908000
45.060000 41.024000 -4.636000 1.661200
42.528000 40.684000 -3.307000 1.908000
41.450000 41.205000 -2.360000 1.908000
42.146000 39.339000 -3.928000 1.908000
40.158000 41.560000 -3.056000 1.908000
43.977000 39.980000 -1.839000 1.387000
41.300000 39.453000 -4.442000 1.487000
42.881000 39.047000 -4.534000 1.487000
42.606000 41.321000 -4.064000 1.487000
41.268000 40.505000 -1.672000 1.487000
41.803000 42.020000 -1.902000 1.487000
39.791000 40.749000 -3.510000 1.487000
44.123000 42.837000 -2.496000 0.600000
39.498000 41.893000 -2.383000 1.487000
42.018000 38.674000 -3.197000 1.487000
40.331000 42.273000 -3.735000 1.487000
45.592000 39.170000 -3.457000 1.824000
46.597000 38.654000 -4.362000 1.908000
46.047000 37.421000 -5.074000 1.908000
45.728000 36.441000 -4.392000 1.661200
47.908000 38.300000 -3.668000 1.908000
48.471000 39.543000 -2.962000 1.908000
48.933000 37.707000 -4.642000 1.908000
49.600000 39.246000 -2.014000 1.908000
46.734000 39.349000 -5.067000 1.387000
49.747000 37.450000 -4.129000 1.487000
48.531000 36.906000 -5.078000 1.487000
47.722000 37.617000 -2.973000 1.487000
48.787000 40.182000 -3.663000 1.487000
47.723000 39.973000 -2.455000 1.487000
50.356000 38.823000 -2.514000 1.487000
45.333000 38.660000 -2.557000 0.600000
49.916000 40.096000 -1.592000 1.487000
49.158000 38.396000 -5.325000 1.487000
49.284000 38.620000 -1.301000 1.487000
45.736000 37.562000 -6.366000 1.824000
45.253000 36.531000 -7.245000 1.908000
46.385000 35.965000 -8.119000 1.908000
46.892000 36.614000 -9.047000 1.661200
44.152000 37.026000 -8.194000 1.908000
43.009000 37.778000 -7.514000 1.908000
42.162000 38.551000 -8.520000 1.908000
42.177000 36.797000 -6.690000 1.908000
42.757000 36.371000 -5.996000 1.487000
41.429000 37.288000 -6.245000 1.487000
41.803000 36.092000 -7.291000 1.487000
45.888000 38.570000 -6.705000 0.600000
41.769000 37.914000 -9.183000 1.487000
41.427000 39.028000 -8.039000 1.487000
42.736000 39.216000 -8.997000 1.487000
44.881000 35.771000 -6.695000 1.387000
43.394000 38.420000 -6.844000 1.487000
43.764000 36.236000 -8.646000 1.487000
44.570000 37.643000 -8.847000 1.487000
46.840000 34.786000 -7.763000 1.824000
47.924000 34.115000 -8.468000 1.908000
47.461000 32.716000 -8.853000 1.908000
46.347000 32.573000 -9.387000 1.661200
49.193000 34.042000 -7.636000 1.908000
48.948000 33.479000 -6.347000 1.721000
48.208000 31.809000 -8.429000 1.661200
46.362000 34.365000 -6.931000 0.600000
48.111000 34.620000 -9.308000 1.387000
49.559000 34.963000 -7.515000 1.387000
49.863000 33.473000 -8.108000 1.387000
47.964000 33.438000 -6.189000 0.600000
