0 1.702681879609e+01
1 4.943592455301e+00
2 3.346649570187e+00
3 3.575157283064e+00
4 0.000000000000e+00
5 2.586370396463e-01
6 0.000000000000e+00
7 3.119114731992e+00
8 2.574410568179e+01
9 2.986093293044e+00
10 0.000000000000e+00
11 0.000000000000e+00
12 7.040554334715e+00
13 6.840336668944e+00
14 0.000000000000e+00
15 0.000000000000e+00
16 1.541621788362e+00
17 0.000000000000e+00
18 0.000000000000e+00
19 0.000000000000e+00
20 0.000000000000e+00
21 0.000000000000e+00
22 0.000000000000e+00
23 0.000000000000e+00
24 4.765555399145e+00
25 0.000000000000e+00
26 0.000000000000e+00
27 1.001194748898e+01
28 7.045659392379e-01
29 3.928208849059e-01
30 0.000000000000e+00
31 1.829666970568e+00
32 2.215036362159e+01
33 0.000000000000e+00
34 0.000000000000e+00
35 1.076110960833e+01
36 1.131772536156e+01
37 9.812345944333e+00
38 3.365861691747e+00
39 0.000000000000e+00
40 8.017151115611e+00
41 0.000000000000e+00
42 2.294912077345e+00
43 0.000000000000e+00
44 0.000000000000e+00
45 0.000000000000e+00
46 0.000000000000e+00
47 0.000000000000e+00
48 0.000000000000e+00
49 0.000000000000e+00
50 0.000000000000e+00
51 0.000000000000e+00
52 0.000000000000e+00
53 0.000000000000e+00
54 0.000000000000e+00
55 0.000000000000e+00
56 0.000000000000e+00
57 0.000000000000e+00
58 0.000000000000e+00
59 7.574430196854e+00
60 0.000000000000e+00
61 9.756822000348e-01
62 7.225490096176e-01
63 0.000000000000e+00
64 0.000000000000e+00
65 9.239002995071e+00
66 1.542481530673e+00
67 0.000000000000e+00
68 6.898675540500e+00
69 0.000000000000e+00
70 6.325891303598e+00
71 1.295693659204e+01
72 0.000000000000e+00
73 0.000000000000e+00
74 0.000000000000e+00
75 0.000000000000e+00
76 0.000000000000e+00
77 0.000000000000e+00
78 0.000000000000e+00
79 0.000000000000e+00
80 0.000000000000e+00
81 1.886990112000e+00
82 0.000000000000e+00
83 0.000000000000e+00
84 0.000000000000e+00
85 0.000000000000e+00
86 0.000000000000e+00
87 0.000000000000e+00
88 0.000000000000e+00
89 0.000000000000e+00
90 0.000000000000e+00
91 7.003508142126e+00
92 0.000000000000e+00
93 0.000000000000e+00
94 2.910413199336e+00
95 0.000000000000e+00
96 1.568716549844e+00
97 0.000000000000e+00
98 0.000000000000e+00
99 4.439393568317e+00
100 0.000000000000e+00
101 2.000555904176e+01
102 1.449841156874e+01
103 0.000000000000e+00
104 0.000000000000e+00
105 0.000000000000e+00
106 0.000000000000e+00
107 0.000000000000e+00
108 0.000000000000e+00
109 0.000000000000e+00
110 0.000000000000e+00
111 0.000000000000e+00
112 0.000000000000e+00
113 0.000000000000e+00
114 0.000000000000e+00
115 1.522507905674e+01
116 0.000000000000e+00
117 2.519775754308e+00
118 4.437972318747e+00
119 4.608368636625e+00
120 9.545640221640e+00
121 0.000000000000e+00
122 5.269223071119e+00
123 8.735484111134e+00
124 1.588759049286e+00
125 5.921788278210e+00
126 1.163086914474e+01
127 0.000000000000e+00
128 0.000000000000e+00
129 0.000000000000e+00
130 1.175771964926e+01
131 0.000000000000e+00
132 7.396486417336e-01
133 3.607383666828e+00
134 0.000000000000e+00
135 6.070233688483e+00
136 4.579433205768e+00
137 1.012356163374e+01
138 1.200396278740e+01
139 3.286105892211e+00
140 1.999262761292e+01
141 1.359638088415e+01
142 0.000000000000e+00
143 0.000000000000e+00
144 0.000000000000e+00
145 0.000000000000e+00
146 0.000000000000e+00
147 0.000000000000e+00
148 0.000000000000e+00
149 0.000000000000e+00
150 0.000000000000e+00
151 0.000000000000e+00
152 0.000000000000e+00
153 0.000000000000e+00
154 0.000000000000e+00
155 0.000000000000e+00
156 0.000000000000e+00
157 0.000000000000e+00
158 0.000000000000e+00
159 0.000000000000e+00
160 7.134707838577e+00
161 3.663790478159e+00
162 0.000000000000e+00
163 0.000000000000e+00
164 0.000000000000e+00
165 0.000000000000e+00
166 1.133020069695e+01
167 7.713450327101e-01
168 6.886236408306e-01
169 4.363515010672e-01
170 9.227202035961e+00
171 4.111111703995e+00
172 2.459755710694e+01
173 2.698007826255e+01
174 0.000000000000e+00
175 0.000000000000e+00
176 7.323368787567e+00
177 8.422539657755e+00
178 2.495309686844e+00
179 1.091882487433e+01
180 0.000000000000e+00
181 7.166492199787e+00
182 0.000000000000e+00
183 0.000000000000e+00
184 0.000000000000e+00
185 0.000000000000e+00
186 0.000000000000e+00
187 0.000000000000e+00
188 0.000000000000e+00
189 0.000000000000e+00
190 0.000000000000e+00
191 5.083749544464e+00
192 8.238348613180e+00
193 0.000000000000e+00
194 3.709674655320e+00
195 7.329669016725e+00
196 7.013557760392e+00
197 0.000000000000e+00
198 2.647632449748e+00
199 0.000000000000e+00
200 0.000000000000e+00
201 0.000000000000e+00
202 0.000000000000e+00
203 0.000000000000e+00
204 4.597059350912e+00
205 0.000000000000e+00
206 0.000000000000e+00
207 0.000000000000e+00
208 6.438737754029e+00
209 1.210107060397e+01
210 2.063207732097e+00
211 7.252754656327e+00
212 1.026564989933e+01
213 9.633803974581e+00
214 0.000000000000e+00
215 2.216081153435e+00
216 0.000000000000e+00
217 0.000000000000e+00
218 0.000000000000e+00
219 0.000000000000e+00
220 0.000000000000e+00
221 4.631926289719e+00
222 1.963556262321e+01
223 0.000000000000e+00
224 8.358291221673e+00
225 9.714100593152e+00
226 3.256377576006e+00
227 0.000000000000e+00
228 0.000000000000e+00
229 3.540144613808e-01
230 0.000000000000e+00
231 2.513657816654e+00
232 1.030095082760e+00
233 6.030232711244e+00
234 7.369149119695e+00
235 1.839836020622e+01
236 0.000000000000e+00
237 3.921427632564e+00
238 0.000000000000e+00
239 3.799743527861e+00
240 0.000000000000e+00
241 0.000000000000e+00
242 0.000000000000e+00
243 0.000000000000e+00
244 0.000000000000e+00
245 0.000000000000e+00
246 0.000000000000e+00
247 0.000000000000e+00
248 0.000000000000e+00
249 0.000000000000e+00
250 0.000000000000e+00
251 0.000000000000e+00
252 0.000000000000e+00
253 0.000000000000e+00
254 0.000000000000e+00
255 0.000000000000e+00
256 0.000000000000e+00
257 0.000000000000e+00
258 0.000000000000e+00
259 0.000000000000e+00
260 0.000000000000e+00
261 0.000000000000e+00
262 0.000000000000e+00
263 0.000000000000e+00
264 0.000000000000e+00
265 4.858803389098e+00
266 0.000000000000e+00
267 1.650316374645e+00
268 0.000000000000e+00
269 0.000000000000e+00
270 0.000000000000e+00
271 0.000000000000e+00
272 0.000000000000e+00
273 0.000000000000e+00
274 8.618357157721e+00
275 0.000000000000e+00
276 0.000000000000e+00
277 0.000000000000e+00
278 1.638322972303e+00
279 7.673236944036e+00
280 2.764691022097e-01
281 0.000000000000e+00
282 3.418968322944e+00
283 1.870132937218e+01
284 2.406226075664e+01
285 0.000000000000e+00
286 0.000000000000e+00
287 3.977625268631e+00
288 1.103624641491e+01
289 7.567893916980e+00
290 0.000000000000e+00
291 0.000000000000e+00
292 0.000000000000e+00
293 1.971233533143e+00
294 0.000000000000e+00
295 0.000000000000e+00
296 0.000000000000e+00
297 0.000000000000e+00
298 1.252135356353e+01
299 1.350909717529e+00
300 0.000000000000e+00
301 6.348556633244e+00
302 0.000000000000e+00
303 0.000000000000e+00
304 1.116943699403e+01
305 5.245652599708e+00
306 0.000000000000e+00
307 0.000000000000e+00
308 0.000000000000e+00
309 0.000000000000e+00
310 0.000000000000e+00
311 0.000000000000e+00
312 0.000000000000e+00
313 0.000000000000e+00
314 0.000000000000e+00
315 0.000000000000e+00
316 0.000000000000e+00
317 0.000000000000e+00
318 0.000000000000e+00
319 0.000000000000e+00
320 0.000000000000e+00
321 0.000000000000e+00
322 0.000000000000e+00
323 0.000000000000e+00
324 0.000000000000e+00
325 0.000000000000e+00
326 0.000000000000e+00
327 0.000000000000e+00
328 0.000000000000e+00
329 3.996612863872e+00
330 0.000000000000e+00
331 0.000000000000e+00
332 0.000000000000e+00
333 3.024372947630e+00
334 2.362193168193e+01
335 0.000000000000e+00
336 0.000000000000e+00
337 0.000000000000e+00
338 1.857067985111e+00
339 9.410364221689e+00
340 0.000000000000e+00
341 0.000000000000e+00
342 1.171064463873e+01
343 4.968622035082e+00
344 0.000000000000e+00
345 0.000000000000e+00
346 0.000000000000e+00
347 0.000000000000e+00
348 0.000000000000e+00
349 0.000000000000e+00
350 0.000000000000e+00
351 9.689760928000e+00
352 9.650480102026e-01
353 2.945827683442e-01
354 1.590727497240e+00
355 1.231890632834e+01
356 2.523606500992e+01
357 0.000000000000e+00
358 5.758500686056e+00
359 1.044717760838e+01
360 4.633605444153e+00
361 1.196103301056e+01
362 2.210495445204e+00
363 6.506610534083e+00
364 1.110000138143e+01
365 2.566091491137e+00
366 3.393994263338e+00
367 0.000000000000e+00
368 0.000000000000e+00
369 0.000000000000e+00
370 0.000000000000e+00
371 0.000000000000e+00
372 0.000000000000e+00
373 4.428162400119e+00
374 0.000000000000e+00
375 0.000000000000e+00
376 7.325825001684e-01
377 9.913986568917e+00
378 2.211131591542e+01
379 0.000000000000e+00
380 7.077299904548e+00
381 0.000000000000e+00
382 0.000000000000e+00
383 0.000000000000e+00
384 0.000000000000e+00
385 0.000000000000e+00
386 0.000000000000e+00
387 0.000000000000e+00
388 2.704426970096e+00
389 0.000000000000e+00
390 0.000000000000e+00
391 0.000000000000e+00
392 0.000000000000e+00
393 0.000000000000e+00
394 0.000000000000e+00
395 0.000000000000e+00
396 0.000000000000e+00
397 0.000000000000e+00
398 0.000000000000e+00
399 0.000000000000e+00
400 0.000000000000e+00
401 0.000000000000e+00
402 0.000000000000e+00
403 0.000000000000e+00
404 0.000000000000e+00
405 0.000000000000e+00
406 1.873669277078e+00
407 6.594711723302e+00
408 4.646260154748e+00
409 0.000000000000e+00
410 9.205841183927e+00
411 1.130613871927e+01
412 9.744030946808e+00
413 1.111128600763e+01
414 0.000000000000e+00
415 0.000000000000e+00
416 0.000000000000e+00
417 1.371019309532e+01
418 0.000000000000e+00
419 0.000000000000e+00
420 0.000000000000e+00
421 0.000000000000e+00
422 0.000000000000e+00
423 0.000000000000e+00
424 0.000000000000e+00
425 0.000000000000e+00
426 0.000000000000e+00
427 0.000000000000e+00
428 0.000000000000e+00
429 0.000000000000e+00
430 0.000000000000e+00
431 0.000000000000e+00
432 0.000000000000e+00
433 0.000000000000e+00
434 0.000000000000e+00
435 0.000000000000e+00
436 0.000000000000e+00
437 0.000000000000e+00
438 0.000000000000e+00
439 0.000000000000e+00
440 5.859245480327e+00
441 0.000000000000e+00
442 0.000000000000e+00
443 0.000000000000e+00
444 7.847044612098e+00
445 0.000000000000e+00
446 0.000000000000e+00
447 3.742603903122e+00
448 4.113043075303e-01
449 0.000000000000e+00
450 1.213631151537e+01
451 1.375348685781e+00
452 1.702617235071e+00
453 3.043635275199e+00
454 1.453848490328e+01
455 1.207325746124e+01
456 0.000000000000e+00
457 4.904046005475e+00
458 8.707354140502e+00
459 1.252015736877e+01
460 1.200164821326e+01
461 1.001877553387e+01
462 0.000000000000e+00
463 0.000000000000e+00
464 1.491524550568e+00
465 1.187253326268e+01
466 1.780903960395e+00
467 1.956618382958e+00
468 4.731697959948e+00
469 3.678303672868e+00
470 4.643613069017e+00
471 5.692846531314e+00
472 2.734833171690e+00
473 1.765403353715e+01
474 0.000000000000e+00
475 9.168916766198e+00
476 8.959237280365e+00
477 7.800106655028e+00
478 6.030556425464e+00
479 4.896970884460e+00
480 1.082008469892e+01
481 1.312218195917e+01
482 0.000000000000e+00
483 0.000000000000e+00
484 0.000000000000e+00
485 0.000000000000e+00
486 1.194618460019e+01
487 0.000000000000e+00
488 0.000000000000e+00
489 0.000000000000e+00
490 0.000000000000e+00
491 0.000000000000e+00
492 0.000000000000e+00
493 0.000000000000e+00
494 0.000000000000e+00
495 0.000000000000e+00
496 0.000000000000e+00
497 0.000000000000e+00
498 0.000000000000e+00
499 5.539778171212e+00
500 0.000000000000e+00
501 0.000000000000e+00
502 0.000000000000e+00
503 0.000000000000e+00
504 4.663155068331e+00
505 4.186570482589e+00
506 1.727073626233e+00
507 1.163288652305e+01
508 0.000000000000e+00
509 8.621158761780e+00
510 4.201479787152e+00
511 0.000000000000e+00
512 0.000000000000e+00
513 0.000000000000e+00
514 1.181056347839e+01
515 4.335153934448e-01
516 0.000000000000e+00
517 5.484144612398e+00
518 2.203240728847e+01
519 8.503193099564e+00
520 0.000000000000e+00
521 0.000000000000e+00
522 4.858882155392e+00
523 6.618573656011e+00
524 0.000000000000e+00
525 0.000000000000e+00
526 0.000000000000e+00
527 0.000000000000e+00
528 0.000000000000e+00
529 0.000000000000e+00
530 1.588941415521e+00
531 5.567734332441e+00
532 0.000000000000e+00
533 5.926122972340e+00
534 1.282104516620e+01
535 7.926320455391e+00
536 0.000000000000e+00
537 1.499814140652e+01
538 0.000000000000e+00
539 0.000000000000e+00
540 0.000000000000e+00
541 0.000000000000e+00
542 2.558651298708e+00
543 3.484866153014e+00
544 1.142908723457e+00
545 0.000000000000e+00
546 3.728168228927e+00
547 0.000000000000e+00
548 0.000000000000e+00
549 0.000000000000e+00
550 1.107232326760e+01
551 5.430302788589e+00
552 1.090572956880e+01
553 1.104409547499e+01
554 8.301253788066e+00
555 7.576695358172e+00
556 0.000000000000e+00
557 0.000000000000e+00
558 5.004980155242e+00
559 0.000000000000e+00
560 0.000000000000e+00
561 1.553408977445e+00
562 4.679405241615e+00
563 1.363852535377e+00
564 4.971468907489e+00
565 2.050426100880e+01
566 2.271741881336e+01
567 0.000000000000e+00
568 5.510290539764e+00
569 6.817035732975e+00
570 1.124183471440e+01
571 1.959381642131e+00
572 4.393547609945e-01
573 0.000000000000e+00
574 4.507298228468e+00
575 1.597236133382e+00
576 0.000000000000e+00
577 6.845025526829e+00
578 6.223234833841e+00
579 0.000000000000e+00
580 4.941822578136e+00
581 0.000000000000e+00
582 0.000000000000e+00
583 0.000000000000e+00
584 0.000000000000e+00
585 0.000000000000e+00
586 0.000000000000e+00
587 0.000000000000e+00
588 0.000000000000e+00
589 0.000000000000e+00
590 0.000000000000e+00
591 0.000000000000e+00
592 0.000000000000e+00
593 0.000000000000e+00
594 0.000000000000e+00
595 0.000000000000e+00
596 0.000000000000e+00
597 0.000000000000e+00
598 0.000000000000e+00
599 0.000000000000e+00
600 0.000000000000e+00
601 0.000000000000e+00
602 0.000000000000e+00
603 0.000000000000e+00
604 8.795592108268e-01
605 2.932500706508e+00
606 7.902239625149e+00
607 2.662683575289e+00
608 1.378165772831e+01
609 3.188664945155e+00
610 5.053636256068e+00
611 4.138025467443e+00
612 2.047458622443e+00
613 5.408348764248e+00
614 0.000000000000e+00
615 0.000000000000e+00
616 4.868990530372e+00
617 2.505559314662e+00
618 8.181453265053e+00
619 0.000000000000e+00
620 0.000000000000e+00
621 1.201571378998e+01
622 0.000000000000e+00
623 2.551180886101e+00
624 0.000000000000e+00
625 0.000000000000e+00
626 0.000000000000e+00
627 0.000000000000e+00
628 1.549001522147e+00
629 4.595536477982e+00
630 2.178011881351e+01
631 2.499592776886e+01
632 0.000000000000e+00
633 2.898494319471e+00
634 8.767507280647e+00
635 1.826650884447e+00
636 0.000000000000e+00
637 0.000000000000e+00
638 0.000000000000e+00
639 0.000000000000e+00
640 0.000000000000e+00
641 0.000000000000e+00
642 5.185603413500e+00
643 6.702630290015e+00
644 0.000000000000e+00
645 0.000000000000e+00
646 0.000000000000e+00
647 0.000000000000e+00
648 0.000000000000e+00
649 0.000000000000e+00
650 0.000000000000e+00
651 0.000000000000e+00
652 0.000000000000e+00
653 0.000000000000e+00
654 0.000000000000e+00
655 0.000000000000e+00
656 0.000000000000e+00
657 0.000000000000e+00
658 0.000000000000e+00
659 0.000000000000e+00
660 0.000000000000e+00
661 0.000000000000e+00
662 0.000000000000e+00
663 0.000000000000e+00
664 0.000000000000e+00
665 0.000000000000e+00
666 0.000000000000e+00
667 4.482534853821e+00
668 1.749735721858e+01
669 1.584676443002e+00
670 1.059432636860e+01
671 0.000000000000e+00
672 0.000000000000e+00
673 2.930863262610e+00
674 9.662091953816e+00
675 4.834402171658e+00
676 0.000000000000e+00
677 0.000000000000e+00
678 0.000000000000e+00
679 0.000000000000e+00
680 3.107049789257e+00
681 3.236119643029e+00
682 1.805662232211e+01
683 0.000000000000e+00
684 8.250263692407e+00
685 1.060663995426e+01
686 6.304705380072e+00
687 4.838801465626e-01
688 1.611514300658e+00
689 1.689335068282e+01
690 0.000000000000e+00
691 0.000000000000e+00
692 0.000000000000e+00
693 2.726392432916e+00
694 9.267220925693e+00
695 3.245894973525e+00
696 4.301259106421e+00
697 4.875778795675e+00
698 4.015505741152e+00
699 3.969410296758e+00
700 0.000000000000e+00
701 7.831350707215e+00
702 7.427908767541e+00
703 0.000000000000e+00
704 0.000000000000e+00
705 0.000000000000e+00
706 8.143982628131e+00
707 9.319344420556e+00
708 1.040037360143e+01
709 1.175815272842e+01
710 0.000000000000e+00
711 0.000000000000e+00
712 0.000000000000e+00
713 1.139338994569e+01
714 0.000000000000e+00
715 0.000000000000e+00
716 0.000000000000e+00
717 0.000000000000e+00
718 5.324949633043e+00
719 0.000000000000e+00
720 0.000000000000e+00
721 0.000000000000e+00
722 0.000000000000e+00
723 0.000000000000e+00
724 0.000000000000e+00
725 0.000000000000e+00
726 6.714982982232e+00
727 0.000000000000e+00
728 0.000000000000e+00
729 0.000000000000e+00
730 7.474088554384e-01
731 0.000000000000e+00
732 4.753499619444e+00
733 2.049730259147e+01
734 1.631030018504e+01
735 0.000000000000e+00
736 8.270852679015e+00
737 1.146083456571e+01
738 2.769364554143e+00
739 0.000000000000e+00
740 9.644119111943e+00
741 4.647870272603e+00
742 0.000000000000e+00
743 1.496369752454e+00
744 1.402054462396e+01
745 1.288284625835e+00
746 0.000000000000e+00
747 0.000000000000e+00
748 7.781260457858e+00
749 0.000000000000e+00
750 7.273812822511e+00
751 0.000000000000e+00
752 9.108009914879e+00
753 0.000000000000e+00
754 0.000000000000e+00
755 9.290783317040e+00
756 3.823488261016e+00
757 0.000000000000e+00
758 1.055199393182e+01
759 0.000000000000e+00
760 1.222937653865e+01
761 0.000000000000e+00
762 0.000000000000e+00
763 0.000000000000e+00
764 0.000000000000e+00
765 0.000000000000e+00
766 1.406349849963e+00
767 3.150130206555e+00
768 3.375563638872e+00
769 0.000000000000e+00
770 8.882576199458e+00
771 3.523004746595e+00
772 1.042493998309e+01
773 1.209053476334e+01
774 9.608020576001e+00
775 1.054600054903e+01
776 0.000000000000e+00
777 0.000000000000e+00
778 0.000000000000e+00
779 0.000000000000e+00
780 0.000000000000e+00
781 0.000000000000e+00
782 0.000000000000e+00
783 0.000000000000e+00
784 0.000000000000e+00
785 0.000000000000e+00
786 0.000000000000e+00
787 0.000000000000e+00
788 0.000000000000e+00
789 0.000000000000e+00
790 0.000000000000e+00
791 0.000000000000e+00
792 0.000000000000e+00
793 0.000000000000e+00
794 0.000000000000e+00
795 0.000000000000e+00
796 0.000000000000e+00
797 0.000000000000e+00
798 0.000000000000e+00
799 0.000000000000e+00
800 0.000000000000e+00
801 4.329169368177e+00
802 0.000000000000e+00
803 0.000000000000e+00
804 1.027107866542e+00
805 0.000000000000e+00
806 0.000000000000e+00
807 1.278592677202e+01
808 5.526781758587e+00
809 7.515326190009e+00
810 1.218059644260e+01
811 0.000000000000e+00
812 0.000000000000e+00
813 0.000000000000e+00
814 0.000000000000e+00
815 0.000000000000e+00
816 0.000000000000e+00
817 0.000000000000e+00
818 0.000000000000e+00
819 0.000000000000e+00
820 0.000000000000e+00
821 0.000000000000e+00
822 0.000000000000e+00
823 0.000000000000e+00
824 0.000000000000e+00
825 0.000000000000e+00
826 0.000000000000e+00
827 0.000000000000e+00
828 0.000000000000e+00
829 0.000000000000e+00
830 0.000000000000e+00
831 0.000000000000e+00
832 0.000000000000e+00
833 0.000000000000e+00
834 0.000000000000e+00
835 0.000000000000e+00
836 5.297067828911e+00
837 1.393953033448e+01
838 6.491149978098e+00
839 0.000000000000e+00
840 0.000000000000e+00
841 3.135815935498e+00
842 0.000000000000e+00
843 0.000000000000e+00
844 1.157925733843e+00
845 0.000000000000e+00
846 0.000000000000e+00
847 0.000000000000e+00
848 0.000000000000e+00
849 0.000000000000e+00
850 0.000000000000e+00
851 0.000000000000e+00
852 0.000000000000e+00
853 0.000000000000e+00
854 0.000000000000e+00
855 0.000000000000e+00
856 0.000000000000e+00
857 0.000000000000e+00
858 0.000000000000e+00
859 0.000000000000e+00
860 0.000000000000e+00
861 0.000000000000e+00
862 0.000000000000e+00
863 0.000000000000e+00
864 0.000000000000e+00
865 0.000000000000e+00
866 0.000000000000e+00
867 0.000000000000e+00
868 0.000000000000e+00
869 0.000000000000e+00
870 0.000000000000e+00
871 0.000000000000e+00
872 0.000000000000e+00
873 0.000000000000e+00
874 0.000000000000e+00
875 5.181598445778e-01
876 4.062210997717e+00
877 2.986212354716e+00
878 1.911720531549e+01
879 2.215317124843e+01
880 0.000000000000e+00
881 0.000000000000e+00
882 0.000000000000e+00
883 8.679416478176e+00
884 6.112824124627e+00
885 0.000000000000e+00
886 0.000000000000e+00
887 8.485645481758e+00
888 0.000000000000e+00
889 0.000000000000e+00
890 0.000000000000e+00
891 0.000000000000e+00
892 0.000000000000e+00
893 0.000000000000e+00
894 0.000000000000e+00
895 0.000000000000e+00
896 0.000000000000e+00
897 0.000000000000e+00
898 1.165878942452e+00
899 4.180884553169e+00
900 2.007517286248e+01
901 1.650396881425e+01
902 0.000000000000e+00
903 8.847618000501e+00
904 0.000000000000e+00
905 0.000000000000e+00
906 4.380331769887e+00
907 4.383835605285e+00
908 0.000000000000e+00
909 0.000000000000e+00
910 0.000000000000e+00
911 0.000000000000e+00
912 0.000000000000e+00
913 0.000000000000e+00
914 0.000000000000e+00
915 0.000000000000e+00
916 0.000000000000e+00
917 9.888095518465e-01
918 0.000000000000e+00
919 2.945801975335e+00
920 0.000000000000e+00
921 0.000000000000e+00
922 0.000000000000e+00
923 0.000000000000e+00
924 6.469693216094e+00
925 0.000000000000e+00
926 5.216661335800e+00
927 0.000000000000e+00
928 9.373879365646e+00
929 0.000000000000e+00
930 0.000000000000e+00
931 0.000000000000e+00
932 0.000000000000e+00
933 3.868741922558e+00
934 1.037740370308e+00
935 2.068052152004e+00
936 3.726670672368e+00
937 1.309165058978e+01
938 1.744168875791e+01
939 0.000000000000e+00
940 0.000000000000e+00
941 8.956831424619e+00
942 1.135734707128e+01
943 9.523362194277e+00
944 1.142529039663e+01
945 2.009532486332e+00
946 0.000000000000e+00
947 0.000000000000e+00
948 2.597807694891e+00
949 0.000000000000e+00
950 1.378180586767e+00
951 3.526200521718e+00
952 0.000000000000e+00
953 2.389594770527e+00
954 0.000000000000e+00
955 7.419619319838e+00
956 6.117449594565e+00
957 8.110693758039e+00
958 5.444625191605e+00
959 2.531457081094e+01
960 0.000000000000e+00
961 0.000000000000e+00
962 0.000000000000e+00
963 0.000000000000e+00
964 0.000000000000e+00
965 0.000000000000e+00
966 0.000000000000e+00
967 0.000000000000e+00
968 0.000000000000e+00
969 0.000000000000e+00
970 0.000000000000e+00
971 0.000000000000e+00
972 0.000000000000e+00
973 0.000000000000e+00
974 0.000000000000e+00
975 1.340430935192e+00
976 4.433460836741e+00
977 0.000000000000e+00
978 0.000000000000e+00
979 0.000000000000e+00
980 1.212630374655e+01
981 1.182927498441e+01
982 0.000000000000e+00
983 0.000000000000e+00
984 0.000000000000e+00
985 3.779237583817e+00
986 6.936718352592e+00
987 0.000000000000e+00
988 3.575016618282e+00
989 1.067429124903e+01
990 3.143329882071e+00
991 3.633428101603e+00
992 0.000000000000e+00
993 0.000000000000e+00
994 0.000000000000e+00
995 0.000000000000e+00
996 0.000000000000e+00
997 9.894854367293e-01
998 9.641618125987e+00
999 0.000000000000e+00
1000 2.195695327915e+00
1001 6.133846383976e+00
1002 2.013394927168e+01
1003 1.824300086178e+01
1004 0.000000000000e+00
1005 8.192536405667e+00
1006 0.000000000000e+00
1007 1.055860124812e+01
1008 1.213116953111e+01
1009 0.000000000000e+00
1010 0.000000000000e+00
1011 0.000000000000e+00
1012 0.000000000000e+00
1013 0.000000000000e+00
1014 1.792818751470e+00
1015 6.491302777468e+00
1016 0.000000000000e+00
1017 0.000000000000e+00
1018 3.236733470605e-01
1019 3.881900941012e+00
1020 0.000000000000e+00
1021 6.073301674509e+00
1022 0.000000000000e+00
1023 1.871946825731e+00
1024 2.221957865905e+00
1025 4.422955938489e+00
1026 2.417764068549e+00
1027 1.362489001774e+01
1028 1.063822527396e+01
1029 6.754620146304e+00
1030 1.241946848371e+01
1031 0.000000000000e+00
1032 0.000000000000e+00
1033 0.000000000000e+00
1034 6.104329215274e+00
1035 0.000000000000e+00
1036 0.000000000000e+00
1037 0.000000000000e+00
1038 0.000000000000e+00
1039 5.049016551686e+00
1040 0.000000000000e+00
1041 0.000000000000e+00
1042 0.000000000000e+00
1043 0.000000000000e+00
1044 0.000000000000e+00
1045 0.000000000000e+00
1046 0.000000000000e+00
1047 1.886379954438e+00
1048 1.975655351343e+00
1049 9.673375741194e-01
1050 2.386748852989e+00
1051 3.596071140859e+00
1052 9.828630712161e+00
1053 2.080244586456e+01
1054 0.000000000000e+00
1055 8.442511728276e+00
1056 6.292628654228e+00
1057 9.783388904617e+00
1058 1.060745086130e+01
1059 9.502606031494e+00
1060 0.000000000000e+00
1061 0.000000000000e+00
1062 2.796194310459e+00
1063 0.000000000000e+00
1064 1.464310692677e+00
1065 7.190627690586e+00
1066 0.000000000000e+00
1067 0.000000000000e+00
1068 1.097383058530e+01
1069 1.003052505925e+01
1070 1.957723296954e+01
1071 2.272978181543e+01
1072 0.000000000000e+00
1073 0.000000000000e+00
1074 4.492138250886e+00
1075 2.929849643327e+00
1076 0.000000000000e+00
1077 0.000000000000e+00
1078 0.000000000000e+00
1079 6.410064475477e+00
1080 1.734954369122e+00
1081 0.000000000000e+00
1082 0.000000000000e+00
1083 0.000000000000e+00
1084 0.000000000000e+00
1085 0.000000000000e+00
1086 0.000000000000e+00
1087 0.000000000000e+00
1088 0.000000000000e+00
1089 0.000000000000e+00
1090 0.000000000000e+00
1091 0.000000000000e+00
1092 0.000000000000e+00
1093 0.000000000000e+00
1094 0.000000000000e+00
1095 0.000000000000e+00
1096 2.226742172120e+00
1097 4.401374520621e+00
1098 6.949973460688e+00
1099 1.757273794727e+01
1100 0.000000000000e+00
1101 0.000000000000e+00
1102 0.000000000000e+00
1103 4.033124134800e+00
1104 1.228449307196e+01
1105 8.572874837976e+00
1106 1.952947068261e+00
1107 9.270098100510e-02
1108 0.000000000000e+00
1109 3.205949314728e+00
1110 3.723332480351e+00
1111 6.958306703021e+00
1112 0.000000000000e+00
1113 8.288603292647e+00
1114 4.143641249504e+00
1115 9.668679563327e+00
1116 0.000000000000e+00
1117 0.000000000000e+00
1118 0.000000000000e+00
1119 0.000000000000e+00
1120 0.000000000000e+00
1121 0.000000000000e+00
1122 0.000000000000e+00
1123 0.000000000000e+00
1124 0.000000000000e+00
1125 0.000000000000e+00
1126 0.000000000000e+00
1127 0.000000000000e+00
1128 0.000000000000e+00
1129 0.000000000000e+00
1130 0.000000000000e+00
1131 0.000000000000e+00
1132 0.000000000000e+00
1133 0.000000000000e+00
1134 0.000000000000e+00
1135 0.000000000000e+00
1136 0.000000000000e+00
1137 0.000000000000e+00
1138 0.000000000000e+00
1139 0.000000000000e+00
1140 3.468918818946e+00
1141 0.000000000000e+00
1142 0.000000000000e+00
1143 0.000000000000e+00
1144 0.000000000000e+00
1145 5.227130409351e+00
1146 0.000000000000e+00
1147 0.000000000000e+00
1148 0.000000000000e+00
1149 0.000000000000e+00
1150 4.624811852970e+00
1151 6.879950710071e+00
1152 0.000000000000e+00
1153 0.000000000000e+00
1154 0.000000000000e+00
1155 0.000000000000e+00
1156 0.000000000000e+00
1157 1.422384841067e+00
1158 3.076339795195e+00
1159 1.156823296384e+01
1160 2.353596242922e+01
1161 0.000000000000e+00
1162 3.552647311535e+00
1163 1.016623197300e+01
1164 3.269709518601e+00
1165 1.058659859179e+01
1166 1.250009985246e+01
1167 0.000000000000e+00
1168 0.000000000000e+00
1169 0.000000000000e+00
1170 0.000000000000e+00
1171 0.000000000000e+00
1172 0.000000000000e+00
1173 0.000000000000e+00
1174 0.000000000000e+00
1175 0.000000000000e+00
1176 0.000000000000e+00
1177 2.500997712914e+00
1178 0.000000000000e+00
1179 0.000000000000e+00
1180 3.210127003461e+00
1181 0.000000000000e+00
1182 1.050154822990e+01
1183 0.000000000000e+00
1184 0.000000000000e+00
1185 0.000000000000e+00
1186 0.000000000000e+00
1187 0.000000000000e+00
1188 0.000000000000e+00
1189 0.000000000000e+00
1190 0.000000000000e+00
1191 0.000000000000e+00
1192 0.000000000000e+00
1193 0.000000000000e+00
1194 0.000000000000e+00
1195 0.000000000000e+00
1196 0.000000000000e+00
1197 0.000000000000e+00
1198 0.000000000000e+00
1199 0.000000000000e+00
1200 0.000000000000e+00
1201 0.000000000000e+00
1202 0.000000000000e+00
1203 0.000000000000e+00
1204 0.000000000000e+00
1205 0.000000000000e+00
1206 0.000000000000e+00
1207 1.844076314339e+00
1208 6.174957874320e+00
1209 7.334905667837e-01
1210 0.000000000000e+00
1211 3.480735389291e+00
1212 8.698025059526e+00
1213 7.639975748209e+00
1214 2.388359928409e+01
1215 2.694651149844e+01
1216 0.000000000000e+00
1217 0.000000000000e+00
1218 4.697348998665e+00
1219 8.975134226219e+00
1220 0.000000000000e+00
1221 0.000000000000e+00
1222 6.324001185406e+00
1223 9.807162946193e+00
1224 0.000000000000e+00
1225 0.000000000000e+00
1226 0.000000000000e+00
1227 0.000000000000e+00
1228 0.000000000000e+00
1229 3.026753438743e+00
1230 6.383316771137e-01
1231 0.000000000000e+00
1232 4.746962462877e+00
1233 4.407558429603e+00
1234 0.000000000000e+00
1235 5.924247416262e+00
1236 4.582559325433e+00
1237 1.574541771396e+00
1238 1.159712025811e+01
1239 0.000000000000e+00
1240 0.000000000000e+00
1241 0.000000000000e+00
1242 0.000000000000e+00
1243 0.000000000000e+00
1244 0.000000000000e+00
1245 0.000000000000e+00
1246 0.000000000000e+00
1247 0.000000000000e+00
1248 0.000000000000e+00
1249 0.000000000000e+00
1250 0.000000000000e+00
1251 0.000000000000e+00
1252 8.344427799118e+00
1253 0.000000000000e+00
1254 1.048067815816e+00
1255 8.002668639824e-02
1256 1.225023245924e+01
1257 8.781561810308e+00
1258 0.000000000000e+00
1259 0.000000000000e+00
1260 0.000000000000e+00
1261 0.000000000000e+00
1262 1.251090109344e+01
1263 6.657989384709e+00
1264 1.310704014833e+01
1265 1.102978149334e+00
1266 2.454862634314e+00
1267 2.114590124695e+00
1268 0.000000000000e+00
1269 0.000000000000e+00
1270 0.000000000000e+00
1271 0.000000000000e+00
1272 0.000000000000e+00
1273 3.094332471276e+00
1274 1.617315674561e+01
1275 3.943933109787e+00
1276 0.000000000000e+00
1277 9.549035376300e+00
1278 1.112296236977e+01
1279 5.079934978421e+00
1280 1.090732915621e+01
1281 0.000000000000e+00
1282 0.000000000000e+00
1283 3.404156921142e+00
1284 1.460742562140e+01
1285 0.000000000000e+00
1286 1.868964706285e+00
1287 3.691774783476e+00
1288 1.663764634308e+01
1289 1.936846368371e+01
1290 0.000000000000e+00
1291 5.951586443092e+00
1292 0.000000000000e+00
1293 3.138518847088e+00
1294 6.122360475849e+00
1295 8.868930395129e+00
1296 0.000000000000e+00
1297 3.790497828455e+00
1298 5.864389367473e+00
1299 1.750400954271e+01
1300 0.000000000000e+00
1301 9.897217950847e+00
1302 6.240679489638e+00
1303 4.331416641875e+00
1304 4.279382306699e-01
1305 0.000000000000e+00
1306 4.731932075554e+00
1307 0.000000000000e+00
1308 0.000000000000e+00
1309 6.548472286998e+00
1310 5.246319035761e+00
1311 0.000000000000e+00
1312 0.000000000000e+00
1313 4.055970638025e+00
1314 0.000000000000e+00
1315 0.000000000000e+00
1316 0.000000000000e+00
1317 5.206939439073e-01
1318 4.352468495246e+00
1319 1.856648627173e+01
1320 1.377246614499e+01
1321 0.000000000000e+00
1322 8.355941390348e+00
1323 1.311484307590e+01
1324 1.910294090126e+00
1325 2.115481820025e+00
1326 0.000000000000e+00
1327 0.000000000000e+00
1328 6.062106264638e+00
1329 0.000000000000e+00
1330 0.000000000000e+00
1331 0.000000000000e+00
1332 0.000000000000e+00
1333 0.000000000000e+00
1334 0.000000000000e+00
1335 0.000000000000e+00
1336 0.000000000000e+00
1337 0.000000000000e+00
1338 0.000000000000e+00
1339 0.000000000000e+00
1340 0.000000000000e+00
1341 0.000000000000e+00
1342 0.000000000000e+00
1343 0.000000000000e+00
1344 0.000000000000e+00
1345 0.000000000000e+00
1346 0.000000000000e+00
1347 0.000000000000e+00
1348 0.000000000000e+00
1349 2.040235795651e+01
1350 1.325456334680e+00
1351 0.000000000000e+00
1352 4.866296931474e+00
1353 0.000000000000e+00
1354 0.000000000000e+00
1355 1.202244273634e+01
1356 1.203145357630e+01
1357 0.000000000000e+00
1358 4.985379266922e+00
1359 0.000000000000e+00
1360 0.000000000000e+00
1361 1.556454636799e+01
1362 0.000000000000e+00
1363 0.000000000000e+00
1364 0.000000000000e+00
1365 0.000000000000e+00
1366 0.000000000000e+00
1367 0.000000000000e+00
1368 9.495495690512e+00
1369 0.000000000000e+00
1370 0.000000000000e+00
1371 0.000000000000e+00
1372 2.671676518565e+00
1373 0.000000000000e+00
1374 0.000000000000e+00
1375 0.000000000000e+00
1376 3.592201022947e+00
1377 0.000000000000e+00
1378 0.000000000000e+00
1379 0.000000000000e+00
1380 0.000000000000e+00
1381 0.000000000000e+00
1382 0.000000000000e+00
1383 3.031295805597e+00
1384 3.676923478378e+00
1385 0.000000000000e+00
1386 4.190874821775e+00
1387 0.000000000000e+00
1388 0.000000000000e+00
1389 7.690153307257e+00
1390 8.180919555581e+00
1391 1.015218311500e+01
1392 2.494298608406e+00
1393 6.974668962537e+00
1394 8.624736958043e+00
1395 8.205989249450e+00
1396 6.661595925800e+00
1397 0.000000000000e+00
1398 1.286160152611e+00
1399 1.691876725029e+01
1400 3.385920838856e-01
1401 0.000000000000e+00
1402 4.280427052762e+00
1403 0.000000000000e+00
1404 0.000000000000e+00
1405 0.000000000000e+00
1406 8.419870070339e+00
1407 6.939739666673e+00
1408 4.281475078036e+00
1409 1.059426987096e+01
1410 8.344138893020e+00
1411 6.293753079487e+00
1412 0.000000000000e+00
1413 0.000000000000e+00
1414 0.000000000000e+00
1415 0.000000000000e+00
1416 0.000000000000e+00
1417 3.982475849324e+00
1418 1.121688086143e+01
1419 4.956709305293e+00
1420 7.275303770665e+00
1421 1.677859053699e+01
1422 0.000000000000e+00
1423 6.945143253698e+00
1424 8.389159865432e+00
1425 6.627061618977e+00
1426 0.000000000000e+00
