132.048000 40.148000 48.645000 1.824000
131.570000 38.741000 48.493000 1.908000
131.798000 38.254000 47.062000 1.908000
131.577000 38.988000 46.096000 1.661200
130.082000 38.650000 48.849000 1.908000
129.667000 37.320000 49.474000 1.908000
129.632000 36.193000 48.461000 1.908000
129.580000 34.831000 49.150000 1.908000
130.876000 34.472000 49.808000 1.824000
132.092000 38.165000 49.123000 1.100000
129.871000 39.378000 49.498000 1.487000
129.553000 38.781000 48.012000 1.487000
130.321000 37.087000 50.200000 1.487000
128.755000 37.424000 49.879000 1.487000
128.821000 36.289000 47.895000 1.487000
130.453000 36.230000 47.903000 1.487000
128.854000 34.847000 49.844000 1.100000
129.356000 34.130000 48.466000 1.100000
131.589000 34.467000 49.102000 0.600000
131.090000 35.151000 50.501000 0.600000
130.806000 33.579000 50.220000 0.600000
131.284000 40.763000 48.479000 0.600000
132.393000 40.270000 49.571000 0.600000
132.667000 40.418000 47.882000 0.600000
132.242000 37.010000 46.934000 1.824000
132.517000 36.425000 45.630000 1.908000
131.633000 35.207000 45.367000 1.908000
131.423000 34.387000 46.257000 1.661200
133.997000 36.023000 45.557000 1.908000
134.407000 35.251000 44.307000 1.908000
134.384000 36.122000 43.066000 1.908000
134.918000 35.375000 41.846000 1.908000
136.339000 34.937000 41.999000 1.824000
132.384000 36.481000 47.775000 0.600000
132.334000 37.114000 44.915000 1.387000
134.548000 36.860000 45.603000 1.487000
134.203000 35.455000 46.358000 1.487000
135.335000 34.894000 44.438000 1.487000
133.776000 34.483000 44.179000 1.487000
133.446000 36.397000 42.879000 1.487000
134.955000 36.922000 43.218000 1.487000
134.341000 34.564000 41.685000 1.100000
134.846000 35.977000 41.040000 1.100000
136.894000 35.758000 42.164000 0.600000
136.411000 34.319000 42.772000 0.600000
136.642000 34.488000 41.176000 0.600000
131.119000 35.098000 44.143000 1.824000
130.277000 33.972000 43.750000 1.908000
130.735000 33.379000 42.410000 1.908000
130.908000 34.103000 41.428000 1.661200
128.836000 34.414000 43.655000 1.908000
131.334000 35.829000 43.488000 0.600000
130.343000 33.254000 44.453000 1.387000
128.524000 34.757000 44.542000 1.487000
128.749000 35.144000 42.973000 1.487000
128.263000 33.630000 43.380000 1.487000
130.927000 32.062000 42.373000 1.824000
131.360000 31.390000 41.149000 1.908000
130.349000 30.363000 40.640000 1.908000
129.785000 29.580000 41.413000 1.661200
132.714000 30.656000 41.341000 1.908000
133.101000 29.929000 40.047000 1.908000
133.807000 31.652000 41.737000 1.908000
130.765000 31.546000 43.212000 0.600000
131.474000 32.095000 40.429000 1.387000
132.583000 29.961000 42.034000 1.487000
132.418000 29.247000 39.813000 1.487000
133.174000 30.599000 39.304000 1.487000
133.989000 29.480000 40.172000 1.487000
133.917000 32.332000 41.018000 1.487000
133.545000 32.103000 42.590000 1.487000
134.668000 31.166000 41.870000 1.487000
130.121000 30.376000 39.332000 1.824000
129.210000 29.426000 38.705000 1.908000
129.966000 28.725000 37.593000 1.908000
130.505000 29.381000 36.705000 1.661200
127.966000 30.117000 38.068000 1.908000
127.070000 30.711000 39.154000 1.908000
127.176000 29.108000 37.218000 1.908000
125.919000 31.530000 38.609000 1.908000
130.599000 31.066000 38.785000 0.600000
129.006000 28.738000 39.393000 1.387000
128.297000 30.857000 37.495000 1.487000
126.704000 29.965000 39.706000 1.487000
127.631000 31.296000 39.737000 1.487000
126.860000 28.370000 37.808000 1.487000
126.403000 29.579000 36.807000 1.487000
127.758000 28.742000 36.510000 1.487000
125.332000 30.940000 38.056000 1.487000
125.393000 31.912000 39.367000 1.487000
126.275000 32.271000 38.043000 1.487000
130.048000 27.401000 37.661000 1.824000
130.705000 26.652000 36.593000 1.908000
129.551000 26.212000 35.704000 1.908000
128.852000 25.237000 35.998000 1.661200
131.469000 25.440000 37.136000 1.908000
132.667000 25.838000 37.985000 1.908000
129.656000 26.944000 38.447000 0.600000
131.242000 27.289000 36.076000 1.387000
130.848000 24.902000 37.697000 1.487000
131.793000 24.901000 36.365000 1.487000
132.670000 25.649000 39.207000 1.661200
133.686000 26.401000 37.345000 1.824000
133.633000 26.547000 36.355000 0.600000
134.503000 26.679000 37.847000 0.600000
129.345000 26.972000 34.633000 1.824000
128.266000 26.705000 33.701000 1.908000
128.140000 25.294000 33.166000 1.908000
127.029000 24.781000 33.061000 1.661200
129.970000 27.745000 34.492000 0.600000
127.369000 26.973000 34.146000 1.387000
128.350000 27.358000 32.900000 1.387000
129.256000 24.661000 32.822000 1.824000
129.197000 23.314000 32.272000 1.908000
128.655000 22.291000 33.268000 1.908000
128.331000 21.168000 32.892000 1.661200
130.578000 22.878000 31.751000 1.908000
131.548000 22.320000 32.789000 1.908000
131.989000 23.350000 33.812000 1.908000
131.786000 24.563000 33.574000 1.661200
132.555000 22.942000 34.850000 1.661200
130.121000 25.131000 32.950000 0.600000
128.613000 23.311000 31.441000 1.387000
130.429000 22.170000 31.072000 1.487000
131.006000 23.673000 31.341000 1.487000
131.093000 21.594000 33.273000 1.487000
132.353000 22.003000 32.319000 1.487000
128.539000 22.680000 34.533000 1.824000
128.020000 21.772000 35.548000 1.908000
126.537000 21.995000 35.817000 1.908000
125.900000 21.192000 36.494000 1.661200
128.828000 21.912000 36.845000 1.908000
130.180000 21.210000 36.776000 1.908000
131.166000 21.708000 37.813000 1.908000
128.817000 23.608000 34.764000 0.600000
128.132000 20.826000 35.206000 1.387000
128.988000 22.879000 37.020000 1.487000
128.307000 21.509000 37.592000 1.487000
130.036000 20.228000 36.916000 1.487000
130.570000 21.359000 35.865000 1.487000
130.935000 21.601000 39.018000 1.661200
132.280000 22.257000 37.344000 1.824000
132.534000 22.386000 38.297000 0.600000
132.904000 22.566000 36.617000 0.600000
125.984000 23.078000 35.279000 1.824000
124.565000 23.365000 35.474000 1.908000
123.744000 22.486000 34.538000 1.908000
123.801000 22.650000 33.321000 1.661200
124.232000 24.846000 35.174000 1.908000
125.107000 25.770000 36.025000 1.908000
122.763000 25.113000 35.462000 1.908000
124.925000 25.593000 37.516000 1.908000
126.563000 23.683000 34.743000 0.600000
124.345000 23.076000 36.404000 1.387000
124.440000 25.016000 34.218000 1.487000
126.064000 25.600000 35.792000 1.487000
124.886000 26.716000 35.785000 1.487000
122.574000 24.947000 36.428000 1.487000
122.555000 26.063000 35.233000 1.487000
122.198000 24.505000 34.902000 1.487000
125.182000 24.658000 37.764000 1.487000
125.507000 26.241000 38.003000 1.487000
123.971000 25.752000 37.757000 1.487000
122.983000 21.557000 35.106000 1.824000
122.172000 20.651000 34.298000 1.908000
120.700000 21.057000 34.298000 1.908000
119.930000 20.599000 33.454000 1.661200
122.296000 19.215000 34.820000 1.908000
123.722000 18.763000 35.133000 1.908000
124.539000 18.388000 33.893000 1.908000
124.054000 17.170000 33.246000 1.824000
124.785000 16.396000 32.447000 1.908000
126.049000 16.702000 32.191000 1.824000
124.247000 15.315000 31.897000 1.824000
122.984000 21.498000 36.101000 0.600000
122.510000 20.673000 33.347000 1.387000
121.760000 19.141000 35.659000 1.487000
121.925000 18.598000 34.128000 1.487000
124.208000 19.502000 35.609000 1.487000
123.690000 17.959000 35.734000 1.487000
124.484000 19.149000 33.250000 1.387000
125.486000 18.256000 34.181000 1.387000
123.098000 16.897000 33.417000 0.600000
126.479000 17.500000 32.605000 0.600000
126.586000 16.119000 31.569000 0.600000
123.295000 15.076000 32.103000 0.600000
124.784000 14.741000 31.283000 0.600000
120.314000 21.914000 35.241000 1.824000
118.927000 22.365000 35.338000 1.908000
118.800000 23.732000 36.005000 1.908000
119.723000 24.200000 36.671000 1.661200
118.119000 21.367000 36.152000 1.908000
118.547000 21.394000 37.501000 1.721000
121.006000 22.240000 35.883000 0.600000
118.559000 22.444000 34.398000 1.387000
117.160000 21.616000 36.112000 1.387000
118.264000 20.457000 35.785000 1.387000
117.828000 21.005000 38.066000 0.600000
117.639000 24.358000 35.834000 1.824000
117.379000 25.658000 36.436000 1.908000
117.445000 25.470000 37.950000 1.908000
117.792000 26.388000 38.694000 1.661200
115.982000 26.194000 36.031000 1.908000
115.780000 27.609000 36.586000 1.908000
114.888000 25.264000 36.552000 1.908000
116.843000 28.602000 36.144000 1.908000
116.946000 23.902000 35.274000 0.600000
118.142000 26.241000 36.191000 1.387000
115.952000 26.243000 35.041000 1.487000
114.886000 27.940000 36.290000 1.487000
115.788000 27.557000 37.584000 1.487000
114.931000 25.232000 37.548000 1.487000
114.002000 25.614000 36.258000 1.487000
115.024000 24.350000 36.183000 1.487000
116.811000 28.681000 35.148000 1.487000
116.660000 29.489000 36.561000 1.487000
117.738000 28.279000 36.424000 1.487000
117.113000 24.261000 38.390000 1.824000
117.150000 23.906000 39.800000 1.908000
118.602000 23.922000 40.277000 1.908000
118.897000 24.390000 41.381000 1.661200
116.556000 22.510000 40.003000 1.908000
116.903000 21.992000 41.276000 1.721000
116.828000 23.585000 37.699000 0.600000
116.652000 24.603000 40.314000 1.387000
115.565000 22.570000 39.936000 1.387000
116.913000 21.905000 39.298000 1.387000
117.889000 21.878000 41.309000 0.600000
119.499000 23.394000 39.443000 1.824000
120.927000 23.365000 39.758000 1.908000
121.413000 24.794000 39.943000 1.908000
122.164000 25.100000 40.868000 1.661200
121.732000 22.733000 38.610000 1.908000
121.891000 21.232000 38.749000 1.908000
122.506000 20.615000 37.850000 1.661200
121.410000 20.663000 39.750000 1.661200
119.157000 23.012000 38.581000 0.600000
121.026000 22.902000 40.637000 1.387000
121.253000 22.929000 37.760000 1.487000
122.633000 23.153000 38.604000 1.487000
120.973000 25.664000 39.043000 1.824000
121.373000 27.060000 39.065000 1.908000
120.978000 27.786000 40.347000 1.908000
121.793000 28.483000 40.932000 1.661200
120.800000 27.776000 37.836000 1.908000
121.216000 29.226000 37.566000 1.908000
122.728000 29.408000 37.747000 1.908000
120.790000 29.589000 36.144000 1.908000
120.346000 25.319000 38.337000 0.600000
122.385000 27.108000 38.974000 1.387000
121.058000 27.239000 37.024000 1.487000
119.797000 27.766000 37.918000 1.487000
120.735000 29.828000 38.204000 1.487000
122.971000 29.162000 38.685000 1.487000
123.209000 28.814000 37.108000 1.487000
122.973000 30.353000 37.575000 1.487000
121.241000 28.976000 35.496000 1.487000
119.799000 29.494000 36.060000 1.487000
121.053000 30.533000 35.948000 1.487000
119.741000 27.618000 40.793000 1.824000
119.296000 28.291000 42.009000 1.908000
119.999000 27.772000 43.266000 1.908000
120.291000 28.542000 44.189000 1.661200
117.780000 28.160000 42.170000 1.908000
116.996000 29.124000 41.335000 1.908000
116.207000 28.722000 40.276000 1.824000
116.876000 30.472000 41.405000 1.908000
115.635000 29.782000 39.732000 1.908000
116.025000 30.856000 40.397000 1.824000
119.131000 27.026000 40.279000 0.600000
119.502000 29.279000 41.921000 1.387000
117.504000 27.225000 41.917000 1.487000
117.540000 28.311000 43.136000 1.487000
117.321000 31.073000 42.062000 1.409000
115.017000 29.774000 38.951000 1.359000
115.743000 31.796000 40.199000 0.600000
120.266000 26.471000 43.304000 1.824000
120.937000 25.877000 44.454000 1.908000
122.407000 26.270000 44.484000 1.908000
123.000000 26.415000 45.554000 1.661200
120.760000 24.355000 44.435000 1.908000
119.314000 23.958000 44.738000 1.908000
119.074000 22.463000 44.726000 1.908000
119.973000 21.689000 44.387000 1.661200
117.864000 22.044000 45.097000 1.824000
119.993000 25.916000 42.523000 0.600000
120.504000 26.239000 45.287000 1.387000
120.991000 24.015000 43.535000 1.487000
121.342000 23.954000 45.129000 1.487000
119.072000 24.315000 45.645000 1.487000
118.719000 24.386000 44.052000 1.487000
118.206000 21.130000 44.935000 0.600000
116.917000 22.177000 45.410000 0.600000
122.994000 26.461000 43.309000 1.824000
124.383000 26.887000 43.239000 1.908000
124.445000 28.325000 43.746000 1.908000
125.350000 28.693000 44.495000 1.661200
124.918000 26.837000 41.801000 1.908000
124.851000 25.492000 41.318000 1.721000
126.362000 27.292000 41.755000 1.908000
122.458000 26.304000 42.487000 0.600000
124.926000 26.317000 43.845000 1.387000
124.326000 27.418000 41.208000 1.387000
126.469000 28.238000 42.052000 1.487000
126.928000 26.702000 42.352000 1.487000
126.708000 27.206000 40.787000 1.487000
123.902000 25.284000 41.124000 0.600000
123.466000 29.134000 43.349000 1.824000
123.430000 30.523000 43.773000 1.908000
123.197000 30.605000 45.274000 1.908000
123.795000 31.436000 45.955000 1.661200
122.332000 31.285000 43.024000 1.908000
122.526000 31.542000 41.523000 1.908000
121.226000 32.059000 40.930000 1.908000
123.646000 32.543000 41.295000 1.908000
122.763000 28.755000 42.753000 0.600000
124.316000 30.947000 43.566000 1.387000
121.477000 30.768000 43.126000 1.487000
122.225000 32.179000 43.465000 1.487000
122.779000 30.689000 41.081000 1.487000
120.501000 31.383000 41.047000 1.487000
120.962000 32.910000 41.391000 1.487000
121.357000 32.241000 39.948000 1.487000
123.410000 33.398000 41.769000 1.487000
124.499000 32.183000 41.664000 1.487000
123.746000 32.718000 40.318000 1.487000
122.329000 29.737000 45.784000 1.824000
122.026000 29.701000 47.211000 1.908000
123.319000 29.589000 48.000000 1.908000
123.546000 30.335000 48.950000 1.661200
121.130000 28.503000 47.534000 1.908000
120.700000 28.412000 48.991000 1.908000
119.725000 27.261000 49.214000 1.908000
119.157000 27.287000 50.635000 1.908000
118.091000 26.259000 50.851000 1.824000
121.884000 29.101000 45.149000 0.600000
121.562000 30.552000 47.466000 1.387000
120.308000 28.567000 46.968000 1.487000
121.630000 27.669000 47.301000 1.487000
121.508000 28.264000 49.562000 1.487000
120.255000 29.267000 49.255000 1.487000
118.972000 27.347000 48.574000 1.487000
120.203000 26.402000 49.083000 1.487000
119.907000 27.124000 51.285000 1.100000
118.773000 28.199000 50.813000 1.100000
117.357000 26.435000 50.189000 0.600000
118.473000 25.355000 50.701000 0.600000
117.738000 26.330000 51.769000 0.600000
124.164000 28.649000 47.588000 1.824000
125.447000 28.417000 48.235000 1.908000
126.444000 29.553000 48.016000 1.908000
127.011000 30.093000 48.961000 1.661200
126.082000 27.123000 47.713000 1.908000
127.439000 26.826000 48.342000 1.908000
127.290000 26.607000 49.844000 1.908000
128.636000 26.541000 50.552000 1.908000
129.295000 27.873000 50.683000 1.824000
123.880000 28.092000 46.798000 0.600000
125.296000 28.312000 49.235000 1.387000
125.469000 26.369000 47.921000 1.487000
126.204000 27.211000 46.731000 1.487000
127.814000 26.001000 47.932000 1.487000
128.046000 27.598000 48.187000 1.487000
126.766000 27.364000 50.228000 1.487000
126.808000 25.748000 49.997000 1.487000
128.500000 26.150000 51.472000 1.100000
129.245000 25.924000 50.037000 1.100000
129.418000 28.247000 49.758000 0.600000
128.714000 28.477000 51.216000 0.600000
130.173000 27.771000 51.123000 0.600000
126.662000 29.889000 46.750000 1.824000
127.611000 30.923000 46.373000 1.908000
127.311000 32.321000 46.908000 1.908000
128.231000 33.117000 47.094000 1.661200
127.723000 30.969000 44.850000 1.908000
128.314000 29.709000 44.242000 1.908000
129.748000 29.471000 44.678000 1.908000
130.576000 30.404000 44.552000 1.661200
130.050000 28.350000 45.135000 1.661200
126.138000 29.393000 46.047000 0.600000
128.553000 30.646000 46.679000 1.387000
126.816000 31.079000 44.486000 1.487000
128.313000 31.719000 44.615000 1.487000
127.781000 28.941000 44.543000 1.487000
128.314000 29.806000 43.265000 1.487000
126.038000 32.623000 47.157000 1.824000
125.658000 33.946000 47.652000 1.908000
125.261000 33.951000 49.130000 1.908000
124.874000 34.991000 49.675000 1.661200
124.500000 34.508000 46.816000 1.908000
124.719000 34.702000 45.311000 1.908000
123.474000 35.328000 44.688000 1.908000
125.925000 35.592000 45.078000 1.908000
125.352000 31.918000 46.995000 0.600000
126.450000 34.571000 47.535000 1.387000
123.718000 33.886000 46.923000 1.487000
124.256000 35.403000 47.198000 1.487000
124.889000 33.816000 44.891000 1.487000
122.689000 34.727000 44.825000 1.487000
123.296000 36.213000 45.120000 1.487000
123.624000 35.461000 43.707000 1.487000
125.766000 36.479000 45.522000 1.487000
126.739000 35.167000 45.470000 1.487000
126.056000 35.728000 44.094000 1.487000
125.350000 32.792000 49.775000 1.824000
124.995000 32.681000 51.181000 1.908000
123.550000 33.125000 51.381000 1.908000
123.235000 33.895000 52.290000 1.661200
125.931000 33.531000 52.022000 1.908000
125.670000 31.998000 49.259000 0.600000
125.077000 31.723000 51.464000 1.387000
126.873000 33.219000 51.898000 1.487000
125.860000 34.489000 51.739000 1.487000
125.677000 33.450000 52.989000 1.487000
122.668000 32.628000 50.524000 1.824000
121.262000 32.984000 50.611000 1.908000
120.600000 32.319000 51.812000 1.908000
121.059000 31.286000 52.294000 1.661200
120.541000 32.586000 49.319000 1.908000
121.137000 33.222000 48.059000 1.908000
120.290000 32.873000 46.842000 1.908000
121.214000 34.740000 48.243000 1.908000
123.002000 32.005000 49.821000 0.600000
121.187000 33.983000 50.722000 1.387000
120.611000 31.608000 49.219000 1.487000
119.605000 32.883000 49.388000 1.487000
122.064000 32.876000 47.929000 1.487000
120.266000 31.881000 46.724000 1.487000
119.359000 33.215000 46.974000 1.487000
120.688000 33.297000 46.026000 1.487000
120.290000 35.090000 48.408000 1.487000
121.797000 34.949000 49.024000 1.487000
121.588000 35.158000 47.423000 1.487000
119.511000 32.914000 52.315000 1.824000
118.801000 32.349000 53.466000 1.908000
118.349000 30.919000 53.182000 1.908000
118.125000 30.552000 52.028000 1.661200
117.619000 33.300000 53.643000 1.908000
117.367000 33.781000 52.237000 1.908000
118.767000 34.049000 51.745000 1.908000
119.375000 32.384000 54.292000 1.387000
116.824000 32.819000 53.998000 1.487000
117.857000 34.060000 54.238000 1.487000
116.929000 33.073000 51.702000 1.487000
116.826000 34.609000 52.247000 1.487000
118.812000 34.036000 50.752000 1.387000
119.117000 34.912000 52.096000 1.387000
118.215000 30.120000 54.236000 1.824000
117.785000 28.739000 54.089000 1.908000
116.408000 28.645000 53.443000 1.908000
116.086000 27.650000 52.798000 1.661200
117.760000 28.041000 55.454000 1.908000
117.782000 28.981000 56.668000 1.908000
116.538000 29.861000 56.802000 1.908000
115.414000 29.312000 56.839000 1.661200
116.689000 31.101000 56.888000 1.661200
118.422000 30.504000 55.136000 0.600000
118.454000 28.232000 53.525000 1.387000
116.928000 27.513000 55.508000 1.487000
118.560000 27.466000 55.514000 1.487000
117.841000 28.427000 57.481000 1.487000
118.559000 29.581000 56.577000 1.487000
115.598000 29.685000 53.615000 1.824000
114.258000 29.693000 53.052000 1.908000
114.212000 30.122000 51.574000 1.908000
113.140000 30.129000 50.965000 1.661200
113.347000 30.605000 53.891000 1.908000
113.764000 32.067000 53.922000 1.908000
114.220000 32.657000 55.101000 1.908000
113.703000 32.862000 52.770000 1.908000
114.610000 34.006000 55.139000 1.908000
114.087000 34.211000 52.794000 1.908000
114.543000 34.775000 53.984000 1.908000
114.954000 36.091000 54.014000 1.721000
115.942000 30.459000 54.144000 0.600000
113.879000 28.751000 53.108000 1.387000
112.423000 30.553000 53.514000 1.487000
113.346000 30.264000 54.830000 1.487000
114.273000 32.115000 55.940000 1.459000
113.382000 32.463000 51.916000 1.459000
114.934000 34.405000 55.995000 1.459000
114.033000 34.760000 51.965000 1.459000
115.174000 36.391000 53.086000 0.600000
115.368000 30.461000 51.001000 1.824000
115.446000 30.910000 49.603000 1.908000
114.395000 30.249000 48.706000 1.908000
114.349000 29.023000 48.578000 1.661200
116.853000 30.665000 49.041000 1.908000
117.037000 31.127000 47.609000 1.908000
116.626000 32.401000 47.208000 1.908000
117.603000 30.284000 46.647000 1.908000
116.765000 32.828000 45.887000 1.908000
117.750000 30.700000 45.325000 1.908000
117.327000 31.976000 44.952000 1.908000
117.473000 32.403000 43.649000 1.721000
116.197000 30.400000 51.562000 0.600000
115.287000 31.910000 49.586000 1.387000
117.506000 31.155000 49.613000 1.487000
117.036000 29.686000 49.077000 1.487000
116.222000 33.023000 47.882000 1.459000
117.906000 29.373000 46.912000 1.459000
116.461000 33.742000 45.622000 1.459000
118.155000 30.090000 44.648000 1.459000
116.583000 32.679000 43.288000 0.600000
113.556000 31.082000 48.091000 1.824000
112.484000 30.596000 47.234000 1.908000
112.872000 29.920000 45.931000 1.908000
112.030000 29.301000 45.285000 1.661200
113.691000 32.064000 48.241000 0.600000
111.892000 29.944000 47.782000 1.387000
111.847000 31.387000 47.021000 1.387000
114.133000 30.042000 45.533000 1.824000
114.611000 29.422000 44.297000 1.908000
113.757000 29.791000 43.087000 1.908000
113.303000 28.924000 42.335000 1.661200
114.664000 27.899000 44.459000 1.908000
115.771000 27.435000 45.401000 1.908000
115.727000 25.943000 45.674000 1.908000
114.725000 25.471000 46.240000 1.661200
116.693000 25.240000 45.325000 1.661200
114.753000 30.576000 46.109000 0.600000
115.570000 29.703000 44.128000 1.387000
113.810000 27.609000 44.840000 1.487000
114.841000 27.510000 43.578000 1.487000
116.636000 27.636000 44.979000 1.487000
115.658000 27.899000 46.260000 1.487000
113.544000 31.089000 42.915000 1.824000
112.767000 31.614000 41.801000 1.908000
113.282000 33.015000 41.500000 1.908000
114.090000 33.560000 42.256000 1.661200
111.276000 31.643000 42.151000 1.908000
110.967000 32.546000 43.326000 1.908000
113.946000 31.714000 43.596000 0.600000
112.969000 31.051000 41.006000 1.387000
110.774000 31.971000 41.355000 1.487000
110.990000 30.715000 42.377000 1.487000
110.969000 33.772000 43.199000 1.661200
110.704000 31.944000 44.485000 1.824000
110.725000 30.945000 44.541000 0.600000
110.488000 32.487000 45.294000 0.600000
112.816000 33.598000 40.404000 1.824000
113.273000 34.921000 40.010000 1.908000
112.934000 36.018000 41.014000 1.908000
113.742000 36.917000 41.228000 1.661200
112.721000 35.276000 38.628000 1.908000
113.045000 34.255000 37.531000 1.908000
112.525000 34.761000 36.194000 1.908000
114.542000 34.017000 37.462000 1.908000
112.144000 33.100000 39.860000 0.600000
114.286000 34.893000 39.902000 1.387000
111.736000 35.333000 38.697000 1.487000
113.113000 36.140000 38.354000 1.487000
112.605000 33.391000 37.754000 1.487000
111.535000 34.883000 36.236000 1.487000
112.958000 35.639000 35.977000 1.487000
112.749000 34.094000 35.475000 1.487000
114.999000 34.892000 37.269000 1.487000
114.867000 33.659000 38.334000 1.487000
114.745000 33.365000 36.732000 1.487000
111.751000 35.945000 41.629000 1.824000
111.332000 36.947000 42.611000 1.908000
112.158000 36.861000 43.898000 1.908000
112.503000 37.890000 44.490000 1.661200
109.838000 36.800000 42.941000 1.908000
108.928000 37.219000 41.781000 1.908000
109.129000 38.320000 41.222000 1.661200
107.998000 36.453000 41.437000 1.661200
111.156000 35.177000 41.394000 0.600000
111.512000 37.853000 42.207000 1.387000
109.661000 35.847000 43.150000 1.487000
109.637000 37.376000 43.722000 1.487000
112.475000 35.635000 44.321000 1.824000
113.276000 35.412000 45.528000 1.908000
114.721000 35.840000 45.291000 1.908000
115.401000 36.298000 46.205000 1.661200
113.232000 33.934000 45.931000 1.908000
112.142000 34.861000 43.779000 0.600000
112.895000 35.965000 46.274000 1.387000
112.283000 33.674000 46.106000 1.487000
113.601000 33.380000 45.188000 1.487000
113.772000 33.796000 46.751000 1.487000
115.191000 35.677000 44.060000 1.824000
116.554000 36.059000 43.714000 1.908000
116.698000 37.579000 43.770000 1.908000
117.668000 38.103000 44.321000 1.661200
116.907000 35.557000 42.316000 1.908000
118.297000 35.959000 41.827000 1.908000
119.357000 35.570000 42.875000 1.908000
118.571000 35.272000 40.495000 1.908000
114.578000 35.282000 43.377000 0.600000
117.182000 35.658000 44.384000 1.387000
116.871000 34.567000 42.328000 1.487000
116.248000 35.931000 41.680000 1.487000
118.326000 36.944000 41.688000 1.487000
119.159000 36.043000 43.730000 1.487000
119.326000 34.583000 43.018000 1.487000
120.257000 35.831000 42.551000 1.487000
118.524000 34.279000 40.621000 1.487000
117.886000 35.556000 39.826000 1.487000
119.483000 35.525000 40.170000 1.487000
115.729000 38.281000 43.187000 1.824000
115.728000 39.738000 43.196000 1.908000
115.691000 40.230000 44.641000 1.908000
116.419000 41.153000 45.019000 1.661200
114.510000 40.265000 42.429000 1.908000
114.189000 41.717000 42.679000 1.908000
113.282000 42.209000 43.572000 1.908000
114.795000 42.858000 42.049000 1.908000
113.285000 43.586000 43.539000 1.824000
114.205000 44.010000 42.615000 1.908000
115.783000 43.017000 41.060000 1.908000
114.567000 45.313000 42.229000 1.908000
116.147000 44.317000 40.671000 1.908000
115.537000 45.445000 41.259000 1.908000
114.995000 37.769000 42.738000 0.600000
116.588000 40.049000 42.794000 1.387000
114.676000 40.167000 41.452000 1.487000
113.708000 39.738000 42.695000 1.487000
112.699000 41.656000 44.164000 1.409000
112.709000 44.181000 44.098000 0.600000
116.222000 42.232000 40.639000 1.459000
114.125000 46.105000 42.654000 1.459000
116.840000 44.434000 39.975000 1.459000
115.821000 46.353000 40.959000 1.459000
114.849000 39.595000 45.447000 1.824000
114.707000 39.970000 46.843000 1.908000
116.007000 39.731000 47.604000 1.908000
116.352000 40.496000 48.509000 1.661200
113.571000 39.178000 47.494000 1.908000
113.310000 39.604000 48.929000 1.908000
112.965000 40.787000 49.153000 1.661200
113.444000 38.757000 49.836000 1.661200
114.312000 38.845000 45.057000 0.600000
114.528000 40.960000 46.873000 1.387000
112.747000 39.329000 46.962000 1.487000
113.821000 38.218000 47.487000 1.487000
116.727000 38.674000 47.238000 1.824000
117.990000 38.359000 47.899000 1.908000
119.085000 39.326000 47.469000 1.908000
119.898000 39.759000 48.281000 1.661200
118.412000 36.929000 47.582000 1.908000
116.376000 38.105000 46.499000 0.600000
117.863000 38.439000 48.895000 1.387000
117.705000 36.298000 47.901000 1.487000
118.528000 36.827000 46.594000 1.487000
119.274000 36.725000 48.042000 1.487000
119.100000 39.669000 46.187000 1.824000
120.113000 40.572000 45.658000 1.908000
119.920000 42.023000 46.083000 1.908000
120.831000 42.830000 45.956000 1.661200
120.130000 40.507000 44.130000 1.908000
120.466000 39.177000 43.441000 1.908000
120.494000 39.399000 41.925000 1.908000
121.807000 38.642000 43.924000 1.908000
118.392000 39.286000 45.595000 0.600000
121.024000 40.263000 45.990000 1.387000
119.217000 40.785000 43.802000 1.487000
120.800000 41.185000 43.802000 1.487000
119.767000 38.511000 43.662000 1.487000
119.602000 39.709000 41.610000 1.487000
121.185000 40.090000 41.706000 1.487000
120.728000 38.541000 41.468000 1.487000
122.511000 39.332000 43.722000 1.487000
121.769000 38.482000 44.905000 1.487000
122.021000 37.795000 43.449000 1.487000
118.742000 42.354000 46.589000 1.824000
118.453000 43.727000 46.970000 1.908000
118.104000 43.932000 48.436000 1.908000
117.889000 45.060000 48.865000 1.661200
117.289000 44.281000 46.134000 1.908000
116.129000 43.459000 46.335000 1.721000
117.653000 44.296000 44.660000 1.908000
118.061000 41.633000 46.700000 0.600000
119.278000 44.298000 46.758000 1.387000
117.069000 45.222000 46.456000 1.387000
118.431000 44.890000 44.472000 1.487000
117.881000 43.359000 44.354000 1.487000
116.843000 44.629000 44.120000 1.487000
116.293000 42.589000 45.891000 0.600000
118.036000 42.850000 49.201000 1.824000
117.704000 42.982000 50.604000 1.908000
118.263000 41.856000 51.442000 1.908000
117.656000 41.459000 52.433000 1.661200
118.216000 41.969000 48.786000 0.600000
118.060000 43.868000 50.952000 1.387000
116.693000 43.009000 50.710000 1.387000
119.415000 41.326000 51.045000 1.824000
120.033000 40.244000 51.800000 1.908000
121.519000 40.075000 51.523000 1.908000
122.330000 40.146000 52.444000 1.661200
119.315000 38.920000 51.529000 1.908000
119.972000 37.753000 52.202000 1.908000
121.126000 37.122000 51.820000 1.908000
119.543000 37.108000 53.409000 1.908000
121.440000 36.126000 52.716000 1.824000
120.487000 36.096000 53.701000 1.908000
118.453000 37.288000 54.273000 1.908000
120.373000 35.266000 54.822000 1.908000
118.339000 36.460000 55.391000 1.908000
119.295000 35.462000 55.652000 1.908000
119.838000 41.689000 50.221000 0.600000
119.930000 40.462000 52.789000 1.387000
118.390000 38.979000 51.875000 1.487000
119.323000 38.743000 50.555000 1.487000
121.662000 37.350000 51.010000 1.409000
122.233000 35.522000 52.659000 0.600000
117.770000 37.990000 54.101000 1.459000
121.061000 34.558000 54.999000 1.459000
117.570000 36.582000 56.006000 1.459000
119.179000 34.888000 56.462000 1.459000
121.869000 39.856000 50.259000 1.824000
123.258000 39.647000 49.870000 1.908000
124.193000 40.770000 50.314000 1.908000
123.778000 41.919000 50.486000 1.661200
123.392000 39.463000 48.323000 1.908000
123.127000 40.776000 47.601000 1.908000
124.775000 38.960000 47.977000 1.908000
121.136000 39.839000 49.574000 0.600000
123.581000 38.786000 50.306000 1.387000
122.687000 38.822000 48.043000 1.487000
122.202000 41.096000 47.788000 1.487000
123.786000 41.467000 47.912000 1.487000
123.237000 40.638000 46.609000 1.487000
125.468000 39.617000 48.269000 1.487000
124.939000 38.082000 48.436000 1.487000
124.841000 38.829000 46.977000 1.487000
125.462000 40.415000 50.502000 1.824000
126.496000 41.359000 50.911000 1.908000
127.107000 42.024000 49.687000 1.908000
127.149000 41.432000 48.614000 1.661200
127.604000 40.628000 51.680000 1.908000
128.886000 41.436000 51.841000 1.908000
130.043000 40.627000 52.416000 1.908000
131.145000 41.202000 52.572000 1.661200
129.860000 39.424000 52.709000 1.661200
125.691000 39.443000 50.348000 0.600000
126.098000 42.059000 51.510000 1.387000
127.261000 40.430000 52.581000 1.487000
127.827000 39.812000 51.179000 1.487000
129.163000 41.756000 50.952000 1.487000
128.709000 42.178000 52.462000 1.487000
127.580000 43.252000 49.857000 1.824000
128.221000 43.989000 48.774000 1.908000
129.599000 44.463000 49.244000 1.908000
129.856000 44.554000 50.442000 1.661200
127.407000 45.220000 48.378000 1.908000
125.950000 44.983000 48.065000 1.908000
125.552000 44.098000 47.061000 1.908000
124.965000 45.703000 48.734000 1.908000
124.204000 43.944000 46.731000 1.908000
123.627000 45.563000 48.414000 1.908000
123.250000 44.688000 47.415000 1.908000
121.913000 44.591000 47.110000 1.721000
127.481000 43.664000 50.767000 0.600000
128.354000 43.370000 48.002000 1.387000
127.460000 45.885000 49.133000 1.487000
127.837000 45.630000 47.564000 1.487000
126.239000 43.566000 46.569000 1.459000
125.233000 46.335000 49.463000 1.459000
123.931000 43.308000 46.015000 1.459000
122.934000 46.094000 48.904000 1.459000
121.734000 43.711000 46.670000 0.600000
130.509000 44.746000 48.302000 1.824000
130.242000 44.615000 46.867000 1.908000
130.187000 43.137000 46.517000 1.908000
130.740000 42.304000 47.238000 1.661200
131.425000 45.337000 46.228000 1.908000
132.526000 45.097000 47.207000 1.908000
131.842000 45.326000 48.539000 1.908000
129.394000 45.076000 46.618000 1.387000
131.644000 44.942000 45.339000 1.487000
131.237000 46.310000 46.131000 1.487000
132.864000 44.165000 47.140000 1.487000
133.266000 45.747000 47.075000 1.487000
132.310000 44.846000 49.272000 1.387000
131.773000 46.296000 48.748000 1.387000
129.507000 42.809000 45.427000 1.824000
129.381000 41.420000 45.013000 1.908000
129.957000 41.206000 43.623000 1.908000
129.814000 42.049000 42.738000 1.661200
127.907000 40.997000 45.039000 1.908000
127.525000 39.680000 44.345000 1.908000
128.278000 38.509000 44.954000 1.908000
126.027000 39.466000 44.465000 1.908000
129.085000 43.545000 44.901000 0.600000
129.893000 40.843000 45.662000 1.387000
127.630000 40.914000 45.999000 1.487000
127.373000 41.725000 44.605000 1.487000
127.749000 39.753000 43.373000 1.487000
129.263000 38.658000 44.851000 1.487000
128.054000 38.435000 45.926000 1.487000
128.017000 37.663000 44.485000 1.487000
125.777000 39.430000 45.436000 1.487000
125.543000 40.222000 44.026000 1.487000
125.775000 38.603000 44.022000 1.487000
130.616000 40.071000 43.441000 1.824000
131.203000 39.736000 42.155000 1.908000
130.720000 38.366000 41.722000 1.908000
130.982000 37.366000 42.390000 1.661200
132.739000 39.716000 42.219000 1.908000
133.310000 39.222000 40.890000 1.908000
133.257000 41.105000 42.538000 1.908000
130.696000 39.450000 44.222000 0.600000
130.886000 40.406000 41.480000 1.387000
133.007000 39.056000 42.910000 1.487000
133.008000 38.295000 40.699000 1.487000
133.004000 39.831000 40.152000 1.487000
134.317000 39.240000 40.934000 1.487000
132.991000 41.751000 41.827000 1.487000
132.881000 41.408000 43.418000 1.487000
134.265000 41.078000 42.602000 1.487000
130.007000 38.328000 40.603000 1.824000
129.497000 37.075000 40.069000 1.908000
130.350000 36.676000 38.868000 1.908000
130.417000 37.410000 37.878000 1.661200
128.044000 37.246000 39.615000 1.908000
127.164000 36.001000 39.414000 1.908000
126.164000 36.294000 38.304000 1.908000
127.995000 34.787000 39.049000 1.908000
129.831000 39.196000 40.136000 0.600000
129.584000 36.367000 40.766000 1.387000
127.577000 37.827000 40.297000 1.487000
128.054000 37.742000 38.737000 1.487000
126.681000 35.810000 40.256000 1.487000
125.577000 37.059000 38.554000 1.487000
126.659000 36.518000 37.459000 1.487000
125.594000 35.476000 38.145000 1.487000
128.504000 35.000000 38.205000 1.487000
128.638000 34.585000 39.781000 1.487000
127.398000 34.005000 38.894000 1.487000
131.020000 35.530000 38.963000 1.824000
131.830000 35.040000 37.855000 1.908000
131.084000 33.860000 37.246000 1.908000
131.014000 32.789000 37.843000 1.661200
133.206000 34.582000 38.331000 1.908000
134.109000 34.156000 37.174000 1.908000
135.426000 33.568000 37.628000 1.908000
136.209000 33.137000 36.753000 1.661200
135.681000 33.536000 38.852000 1.661200
130.949000 35.020000 39.816000 0.600000
131.942000 35.752000 37.175000 1.387000
133.638000 35.335000 38.778000 1.487000
133.084000 33.805000 38.910000 1.487000
133.634000 33.467000 36.656000 1.487000
134.307000 34.954000 36.632000 1.487000
130.522000 34.057000 36.061000 1.824000
129.754000 33.001000 35.411000 1.908000
130.530000 32.365000 34.261000 1.908000
130.536000 32.886000 33.149000 1.661200
128.433000 33.571000 34.885000 1.908000
127.361000 32.547000 34.623000 1.908000
127.529000 31.286000 34.114000 1.908000
125.948000 32.728000 34.780000 1.908000
126.310000 30.677000 33.942000 1.824000
125.322000 31.538000 34.343000 1.908000
125.148000 33.781000 35.245000 1.908000
123.936000 31.372000 34.357000 1.908000
123.766000 33.615000 35.258000 1.908000
123.176000 32.418000 34.816000 1.908000
130.640000 34.948000 35.629000 0.600000
129.582000 32.280000 36.095000 1.387000
128.068000 34.212000 35.556000 1.487000
128.605000 34.042000 34.023000 1.487000
128.411000 30.870000 33.899000 1.409000
126.165000 29.756000 33.583000 0.600000
125.553000 34.633000 35.562000 1.459000
123.526000 30.513000 34.039000 1.459000
123.192000 34.357000 35.585000 1.459000
122.180000 32.338000 34.841000 1.459000
131.172000 31.232000 34.535000 1.824000
131.941000 30.524000 33.519000 1.908000
131.048000 29.628000 32.663000 1.908000
130.013000 29.138000 33.126000 1.661200
133.015000 29.674000 34.186000 1.908000
133.945000 30.465000 35.075000 1.908000
134.770000 29.536000 35.933000 1.908000
135.740000 30.264000 36.740000 1.824000
136.490000 29.706000 37.684000 1.908000
136.377000 28.407000 37.938000 1.824000
137.353000 30.445000 38.372000 1.824000
131.109000 30.880000 35.470000 0.600000
132.387000 31.200000 32.917000 1.387000
132.565000 28.982000 34.742000 1.487000
133.558000 29.241000 33.473000 1.487000
134.563000 31.006000 34.515000 1.487000
133.414000 31.054000 35.674000 1.487000
134.153000 29.034000 36.534000 1.387000
135.252000 28.902000 35.333000 1.387000
135.849000 31.250000 36.573000 0.600000
135.753000 27.831000 37.420000 0.600000
136.936000 27.995000 38.670000 0.600000
137.447000 31.421000 38.159000 0.600000
137.904000 30.034000 39.093000 0.600000
131.452000 29.421000 31.413000 1.824000
130.694000 28.571000 30.504000 1.908000
129.211000 28.923000 30.549000 1.908000
128.360000 28.046000 30.711000 1.661200
130.882000 27.102000 30.894000 1.908000
132.330000 26.653000 30.947000 1.908000
133.017000 26.766000 29.605000 1.908000
134.075000 27.388000 29.487000 1.661200
132.420000 26.168000 28.579000 1.824000
132.294000 29.869000 31.118000 0.600000
131.022000 28.744000 29.569000 1.387000
130.476000 26.957000 31.799000 1.487000
130.401000 26.529000 30.225000 1.487000
132.819000 27.224000 31.606000 1.487000
132.360000 25.699000 31.243000 1.487000
133.178000 26.500000 28.032000 0.600000
131.689000 25.629000 28.143000 0.600000
128.910000 30.212000 30.421000 1.824000
127.531000 30.690000 30.448000 1.908000
126.700000 30.057000 29.336000 1.908000
125.561000 29.650000 29.565000 1.661200
127.500000 32.216000 30.311000 1.908000
126.121000 32.791000 30.236000 1.908000
125.298000 32.806000 31.355000 1.908000
125.636000 33.304000 29.038000 1.908000
124.006000 33.323000 31.288000 1.908000
124.346000 33.823000 28.957000 1.908000
123.529000 33.831000 30.088000 1.908000
129.672000 30.854000 30.304000 0.600000
127.130000 30.383000 31.320000 1.387000
127.952000 32.597000 31.104000 1.487000
127.980000 32.452000 29.478000 1.487000
125.631000 32.444000 32.222000 1.459000
126.218000 33.302000 28.226000 1.459000
123.429000 33.323000 32.110000 1.459000
124.007000 34.190000 28.080000 1.459000
122.604000 34.202000 30.034000 1.459000
127.265000 29.983000 28.134000 1.824000
126.555000 29.393000 27.002000 1.908000
126.113000 27.968000 27.312000 1.908000
124.945000 27.626000 27.143000 1.661200
127.436000 29.380000 25.748000 1.908000
127.868000 30.752000 25.248000 1.908000
126.703000 31.714000 25.080000 1.908000
125.621000 31.272000 24.629000 1.661200
126.877000 32.916000 25.389000 1.661200
128.189000 30.344000 28.030000 0.600000
125.748000 29.954000 26.780000 1.387000
128.255000 28.870000 25.963000 1.487000
126.921000 28.948000 25.025000 1.487000
128.481000 31.142000 25.909000 1.487000
128.290000 30.642000 24.367000 1.487000
127.045000 27.137000 27.769000 1.824000
126.723000 25.751000 28.094000 1.908000
125.617000 25.605000 29.132000 1.908000
124.826000 24.665000 29.067000 1.661200
127.972000 25.010000 28.568000 1.908000
128.915000 24.629000 27.440000 1.908000
130.028000 23.710000 27.900000 1.908000
127.970000 27.491000 27.882000 0.600000
126.406000 25.298000 27.240000 1.387000
128.471000 25.596000 29.207000 1.487000
127.691000 24.171000 29.036000 1.487000
128.391000 24.163000 26.727000 1.487000
129.322000 25.462000 27.066000 1.487000
130.904000 24.110000 28.668000 1.661200
129.996000 22.464000 27.436000 1.824000
130.819000 22.318000 27.971000 0.600000
129.614000 21.709000 26.892000 0.600000
125.556000 26.525000 30.090000 1.824000
124.515000 26.462000 31.112000 1.908000
123.201000 26.952000 30.515000 1.908000
122.121000 26.567000 30.958000 1.661200
124.886000 27.324000 32.324000 1.908000
124.877000 28.704000 32.006000 1.721000
126.235000 27.249000 30.088000 0.600000
124.396000 25.506000 31.378000 1.387000
124.225000 27.153000 33.052000 1.387000
125.800000 27.067000 32.630000 1.387000
125.193000 28.812000 31.070000 0.600000
123.307000 27.800000 29.499000 1.824000
122.137000 28.350000 28.828000 1.908000
121.365000 27.224000 28.148000 1.908000
120.162000 27.332000 27.916000 1.661200
122.569000 29.384000 27.785000 1.908000
121.432000 30.211000 27.204000 1.908000
121.934000 31.130000 26.099000 1.908000
120.821000 32.015000 25.549000 1.908000
120.358000 33.033000 26.535000 1.824000
124.233000 28.054000 29.205000 0.600000
121.542000 28.782000 29.508000 1.387000
123.222000 30.007000 28.216000 1.487000
123.020000 28.899000 27.035000 1.487000
120.742000 29.597000 26.824000 1.487000
121.028000 30.767000 27.928000 1.487000
122.650000 31.715000 26.467000 1.487000
122.292000 30.575000 25.355000 1.487000
121.158000 32.484000 24.725000 1.100000
120.043000 31.433000 25.288000 1.100000
120.030000 32.549000 27.351000 0.600000
121.118000 33.626000 26.778000 0.600000
119.623000 33.568000 26.144000 0.600000
122.065000 26.139000 27.842000 1.824000
121.452000 24.995000 27.184000 1.908000
120.555000 24.193000 28.117000 1.908000
119.334000 24.172000 27.965000 1.661200
122.532000 24.068000 26.626000 1.908000
123.516000 24.736000 25.684000 1.908000
124.479000 23.743000 25.061000 1.908000
124.570000 23.633000 23.837000 1.661200
125.206000 23.015000 25.903000 1.824000
123.039000 26.134000 28.081000 0.600000
120.875000 25.343000 26.427000 1.387000
123.050000 23.680000 27.395000 1.487000
122.084000 23.317000 26.129000 1.487000
123.007000 25.186000 24.953000 1.487000
124.043000 25.413000 26.195000 1.487000
125.603000 22.603000 25.093000 0.600000
125.507000 22.715000 26.815000 0.600000
121.175000 23.537000 29.089000 1.824000
120.465000 22.690000 30.036000 1.908000
119.503000 23.397000 30.995000 1.908000
119.128000 22.832000 32.027000 1.661200
121.486000 21.871000 30.830000 1.908000
122.528000 21.152000 29.964000 1.908000
123.451000 20.322000 30.840000 1.908000
121.825000 20.266000 28.945000 1.908000
122.175000 23.646000 29.151000 0.600000
119.923000 21.996000 29.504000 1.387000
121.974000 22.487000 31.429000 1.487000
120.997000 21.181000 31.339000 1.487000
123.061000 21.834000 29.469000 1.487000
123.926000 20.915000 31.489000 1.487000
122.914000 19.643000 31.344000 1.487000
124.125000 19.851000 30.262000 1.487000
121.258000 19.598000 29.434000 1.487000
121.246000 20.826000 28.357000 1.487000
122.504000 19.788000 28.392000 1.487000
119.098000 24.620000 30.663000 1.824000
118.171000 25.362000 31.517000 1.908000
117.183000 26.157000 30.679000 1.908000
116.290000 26.816000 31.218000 1.661200
118.905000 26.361000 32.436000 1.908000
119.527000 27.376000 31.637000 1.721000
119.960000 25.650000 33.273000 1.908000
119.445000 25.014000 29.817000 0.600000
117.657000 24.702000 32.076000 1.387000
118.221000 26.809000 33.045000 1.387000
119.555000 24.966000 33.874000 1.487000
120.626000 25.195000 32.665000 1.487000
120.455000 26.342000 33.842000 1.487000
120.429000 27.054000 31.383000 0.600000
117.351000 26.084000 29.361000 1.824000
116.505000 26.810000 28.418000 1.908000
116.867000 28.284000 28.511000 1.908000
118.043000 28.650000 28.509000 1.661200
115.020000 26.625000 28.752000 1.908000
114.463000 25.234000 28.481000 1.908000
115.161000 24.146000 29.275000 1.908000
116.327000 23.827000 28.955000 1.661200
114.543000 23.613000 30.224000 1.661200
118.100000 25.497000 29.027000 0.600000
116.669000 26.481000 27.494000 1.387000
114.906000 26.809000 29.716000 1.487000
114.507000 27.264000 28.200000 1.487000
113.513000 25.228000 28.738000 1.487000
114.588000 25.032000 27.526000 1.487000
115.847000 29.128000 28.594000 1.824000
116.050000 30.563000 28.711000 1.908000
116.216000 30.913000 30.194000 1.908000
116.337000 32.085000 30.560000 1.661200
114.846000 31.304000 28.117000 1.908000
114.704000 31.088000 26.614000 1.908000
114.922000 28.739000 28.573000 0.600000
116.914000 30.783000 28.265000 1.387000
114.020000 30.972000 28.562000 1.487000
114.961000 32.278000 28.286000 1.487000
113.669000 31.410000 26.025000 1.661200
115.751000 30.552000 25.985000 1.824000
116.569000 30.311000 26.510000 0.600000
115.718000 30.393000 25.003000 0.600000
116.228000 29.882000 31.037000 1.824000
116.371000 30.078000 32.468000 1.908000
117.614000 30.857000 32.844000 1.908000
117.549000 31.822000 33.600000 1.661200
116.134000 28.966000 30.646000 0.600000
115.551000 30.565000 32.824000 1.387000
116.392000 29.171000 32.931000 1.387000
118.757000 30.436000 32.319000 1.824000
120.008000 31.116000 32.609000 1.908000
119.869000 32.598000 32.259000 1.908000
120.277000 33.467000 33.020000 1.661200
121.144000 30.481000 31.811000 1.908000
118.729000 29.638000 31.720000 0.600000
120.205000 31.038000 33.587000 1.387000
121.227000 29.517000 32.061000 1.487000
120.945000 30.556000 30.834000 1.487000
121.999000 30.953000 32.015000 1.487000
119.265000 32.875000 31.111000 1.824000
119.076000 34.247000 30.657000 1.908000
118.168000 35.037000 31.596000 1.908000
118.410000 36.213000 31.857000 1.661200
118.495000 34.249000 29.239000 1.908000
118.515000 35.603000 28.554000 1.908000
119.921000 36.153000 28.412000 1.908000
120.840000 35.369000 28.096000 1.661200
120.106000 37.369000 28.605000 1.661200
118.940000 32.103000 30.560000 0.600000
119.973000 34.710000 30.592000 1.387000
119.036000 33.629000 28.695000 1.487000
117.556000 33.958000 29.301000 1.487000
118.145000 35.499000 27.652000 1.487000
118.003000 36.236000 29.101000 1.487000
117.122000 34.396000 32.103000 1.824000
116.209000 35.073000 33.013000 1.908000
116.906000 35.361000 34.348000 1.908000
116.675000 36.403000 34.970000 1.661200
114.947000 34.226000 33.238000 1.908000
115.261000 32.982000 33.842000 1.721000
116.983000 33.446000 31.843000 0.600000
115.954000 35.954000 32.607000 1.387000
114.328000 34.730000 33.833000 1.387000
114.515000 34.059000 32.356000 1.387000
116.196000 32.746000 33.603000 0.600000
117.761000 34.445000 34.789000 1.824000
118.480000 34.657000 36.039000 1.908000
119.472000 35.793000 35.866000 1.908000
119.599000 36.656000 36.738000 1.661200
119.227000 33.388000 36.484000 1.908000
120.239000 33.718000 37.575000 1.908000
118.226000 32.374000 37.008000 1.908000
117.892000 33.625000 34.248000 0.600000
117.817000 34.926000 36.740000 1.387000
119.743000 33.049000 35.703000 1.487000
120.919000 34.363000 37.239000 1.487000
119.761000 34.120000 38.362000 1.487000
120.700000 32.870000 37.868000 1.487000
117.741000 32.733000 37.800000 1.487000
117.564000 32.155000 36.285000 1.487000
118.716000 31.530000 37.273000 1.487000
120.170000 35.793000 34.735000 1.824000
121.148000 36.834000 34.450000 1.908000
120.486000 38.202000 34.431000 1.908000
121.055000 39.185000 34.904000 1.661200
121.819000 36.585000 33.100000 1.908000
122.665000 37.753000 32.581000 1.908000
123.812000 38.044000 33.553000 1.908000
123.194000 37.412000 31.192000 1.908000
120.001000 35.053000 34.085000 0.600000
121.845000 36.827000 35.175000 1.387000
122.420000 35.804000 33.195000 1.487000
121.111000 36.413000 32.432000 1.487000
122.089000 38.562000 32.501000 1.487000
123.436000 38.284000 34.446000 1.487000
124.386000 37.231000 33.638000 1.487000
124.358000 38.802000 33.206000 1.487000
123.750000 36.580000 31.251000 1.487000
122.428000 37.258000 30.572000 1.487000
123.754000 38.165000 30.853000 1.487000
119.277000 38.259000 33.883000 1.824000
118.544000 39.511000 33.802000 1.908000
118.194000 40.068000 35.182000 1.908000
118.105000 41.284000 35.349000 1.661200
117.275000 39.328000 32.958000 1.908000
116.529000 40.630000 32.651000 1.908000
115.652000 41.108000 33.802000 1.908000
115.483000 40.410000 34.807000 1.661200
115.098000 42.307000 33.663000 1.824000
118.889000 37.409000 33.527000 0.600000
119.134000 40.191000 33.340000 1.387000
117.527000 38.905000 32.086000 1.487000
116.646000 38.722000 33.450000 1.487000
117.202000 41.342000 32.448000 1.487000
115.950000 40.482000 31.849000 1.487000
114.701000 42.148000 34.557000 0.600000
114.905000 43.166000 33.176000 0.600000
117.985000 39.200000 36.172000 1.824000
117.669000 39.699000 37.509000 1.908000
118.918000 40.365000 38.105000 1.908000
118.820000 41.381000 38.796000 1.661200
117.167000 38.574000 38.455000 1.908000
116.855000 39.150000 39.820000 1.908000
115.904000 37.926000 37.885000 1.908000
118.048000 38.237000 35.978000 0.600000
116.961000 40.398000 37.425000 1.387000
117.912000 37.929000 38.567000 1.487000
117.667000 39.546000 40.239000 1.487000
116.150000 39.865000 39.732000 1.487000
116.499000 38.410000 40.420000 1.487000
115.184000 38.609000 37.800000 1.487000
116.110000 37.541000 36.985000 1.487000
115.600000 37.197000 38.495000 1.487000
120.088000 39.793000 37.822000 1.824000
121.359000 40.341000 38.299000 1.908000
121.607000 41.705000 37.656000 1.908000
122.007000 42.655000 38.322000 1.661200
122.513000 39.398000 37.944000 1.908000
122.738000 38.310000 38.956000 1.908000
123.531000 38.542000 40.076000 1.908000
122.141000 37.058000 38.802000 1.908000
123.726000 37.545000 41.030000 1.908000
122.329000 36.062000 39.747000 1.908000
123.123000 36.304000 40.863000 1.908000
120.070000 38.960000 37.262000 0.600000
121.259000 40.499000 39.282000 1.387000
122.299000 38.972000 37.078000 1.487000
123.338000 39.939000 37.887000 1.487000
123.965000 39.428000 40.203000 1.459000
121.571000 36.882000 38.000000 1.459000
124.302000 37.730000 41.831000 1.459000
121.888000 35.159000 39.621000 1.459000
123.261000 35.588000 41.546000 1.459000
121.370000 41.793000 36.352000 1.824000
121.556000 43.053000 35.646000 1.908000
120.534000 44.068000 36.136000 1.908000
120.833000 45.251000 36.248000 1.661200
121.418000 42.846000 34.133000 1.908000
122.538000 42.001000 33.541000 1.908000
123.121000 42.674000 32.316000 1.908000
122.336000 42.428000 31.117000 1.824000
122.213000 43.289000 30.116000 1.908000
122.818000 44.468000 30.170000 1.824000
121.496000 42.961000 29.052000 1.824000
121.063000 40.974000 35.876000 0.600000
122.475000 43.403000 35.840000 1.387000
120.558000 42.385000 33.960000 1.487000
121.437000 43.734000 33.695000 1.487000
123.260000 41.892000 34.214000 1.487000
122.176000 41.117000 33.270000 1.487000
123.159000 43.658000 32.491000 1.387000
124.049000 42.324000 32.182000 1.387000
121.853000 41.546000 31.041000 0.600000
123.388000 44.720000 30.947000 0.600000
122.701000 45.122000 29.412000 0.600000
121.065000 42.057000 28.998000 0.600000
121.383000 43.611000 28.301000 0.600000
119.327000 43.596000 36.434000 1.824000
118.262000 44.463000 36.925000 1.908000
118.622000 44.971000 38.320000 1.908000
118.330000 46.114000 38.669000 1.661200
116.952000 43.702000 36.966000 1.908000
119.172000 42.613000 36.308000 0.600000
118.174000 45.250000 36.312000 1.387000
116.716000 43.384000 36.047000 1.487000
117.040000 42.911000 37.575000 1.487000
116.225000 44.307000 37.308000 1.487000
119.256000 44.116000 39.117000 1.824000
119.663000 44.510000 40.462000 1.908000
120.748000 45.574000 40.332000 1.908000
120.737000 46.574000 41.042000 1.661200
120.187000 43.306000 41.234000 1.908000
119.443000 43.203000 38.768000 0.600000
118.882000 44.906000 40.935000 1.387000
119.467000 42.614000 41.296000 1.487000
120.977000 42.922000 40.756000 1.487000
120.457000 43.590000 42.152000 1.487000
121.681000 45.361000 39.411000 1.824000
122.744000 46.329000 39.196000 1.908000
122.133000 47.678000 38.821000 1.908000
122.530000 48.715000 39.346000 1.661200
123.690000 45.861000 38.082000 1.908000
124.587000 46.976000 37.548000 1.908000
126.055000 46.798000 37.911000 1.908000
126.788000 45.985000 36.855000 1.908000
126.193000 44.628000 36.706000 1.824000
121.628000 44.522000 38.878000 0.600000
123.266000 46.439000 40.043000 1.387000
124.270000 45.142000 38.447000 1.487000
123.139000 45.516000 37.331000 1.487000
124.503000 47.006000 36.544000 1.487000
124.266000 47.856000 37.918000 1.487000
126.481000 47.693000 37.975000 1.487000
126.116000 46.319000 38.779000 1.487000
126.734000 46.466000 35.979000 1.100000
127.749000 45.895000 37.122000 1.100000
126.249000 44.152000 37.585000 0.600000
125.238000 44.714000 36.431000 0.600000
126.697000 44.116000 36.016000 0.600000
121.163000 47.658000 37.914000 1.824000
120.504000 48.886000 37.477000 1.908000
119.806000 49.590000 38.637000 1.908000
119.674000 50.812000 38.644000 1.661200
119.494000 48.574000 36.376000 1.908000
120.897000 46.771000 37.537000 0.600000
121.200000 49.509000 37.096000 1.387000
119.967000 48.159000 35.600000 1.487000
118.807000 47.938000 36.727000 1.487000
119.049000 49.417000 36.083000 1.487000
119.363000 48.809000 39.614000 1.824000
118.668000 49.341000 40.782000 1.908000
119.651000 50.045000 41.716000 1.908000
119.249000 50.788000 42.608000 1.661200
117.973000 48.197000 41.531000 1.908000
116.956000 48.612000 42.594000 1.908000
115.707000 49.240000 42.003000 1.908000
115.382000 48.936000 40.831000 1.661200
115.043000 50.025000 42.715000 1.661200
119.524000 47.820000 39.523000 0.600000
117.961000 49.993000 40.489000 1.387000
117.492000 47.648000 40.860000 1.487000
118.675000 47.665000 41.985000 1.487000
116.682000 47.806000 43.085000 1.487000
117.378000 49.280000 43.178000 1.487000
120.942000 49.799000 41.509000 1.824000
121.953000 50.420000 42.343000 1.908000
122.821000 49.446000 43.126000 1.908000
123.823000 49.848000 43.720000 1.661200
121.185000 49.180000 40.769000 0.600000
122.558000 51.006000 41.759000 1.387000
121.500000 51.061000 43.001000 1.387000
122.449000 48.169000 43.143000 1.824000
123.239000 47.177000 43.867000 1.908000
124.645000 47.101000 43.271000 1.908000
124.807000 47.090000 42.051000 1.661200
122.561000 45.818000 43.798000 1.908000
121.624000 47.915000 42.652000 0.600000
123.314000 47.458000 44.826000 1.387000
121.651000 45.876000 44.209000 1.487000
122.475000 45.535000 42.842000 1.487000
123.110000 45.145000 44.297000 1.487000
125.661000 47.061000 44.132000 1.824000
127.047000 46.994000 43.667000 1.908000
127.407000 45.560000 43.292000 1.908000
128.012000 44.824000 44.080000 1.661200
127.994000 47.514000 44.751000 1.908000
129.436000 47.598000 44.282000 1.908000
130.249000 48.237000 44.980000 1.661200
129.770000 47.026000 43.225000 1.661200
125.446000 47.079000 45.106000 0.600000
127.105000 47.542000 42.828000 1.387000
127.691000 48.423000 45.014000 1.487000
127.946000 46.894000 45.525000 1.487000
127.026000 45.179000 42.075000 1.824000
127.266000 43.842000 41.552000 1.908000
128.075000 43.905000 40.268000 1.908000
127.741000 44.660000 39.353000 1.661200
125.935000 43.127000 41.223000 1.908000
125.085000 42.997000 42.484000 1.908000
126.210000 41.753000 40.597000 1.908000
123.668000 42.514000 42.210000 1.908000
126.550000 45.870000 41.511000 0.600000
127.838000 43.372000 42.231000 1.387000
125.442000 43.690000 40.572000 1.487000
125.528000 42.355000 43.103000 1.487000
125.035000 43.890000 42.925000 1.487000
126.712000 41.194000 41.252000 1.487000
125.339000 41.326000 40.374000 1.487000
126.747000 41.864000 39.773000 1.487000
123.710000 41.603000 41.805000 1.487000
123.160000 42.481000 43.068000 1.487000
123.219000 43.138000 41.580000 1.487000
129.134000 43.107000 40.204000 1.824000
129.981000 43.038000 39.025000 1.908000
129.760000 41.665000 38.400000 1.908000
129.985000 40.642000 39.047000 1.661200
131.473000 43.195000 39.385000 1.908000
131.689000 44.487000 39.972000 1.721000
132.344000 43.059000 38.137000 1.908000
129.333000 42.543000 41.013000 0.600000
129.688000 43.729000 38.376000 1.387000
131.720000 42.487000 40.075000 1.387000
132.251000 42.160000 37.721000 1.487000
132.078000 43.761000 37.462000 1.487000
133.321000 43.206000 38.396000 1.487000
130.901000 44.701000 40.533000 0.600000
129.314000 41.648000 37.146000 1.824000
129.048000 40.393000 36.450000 1.908000
130.105000 40.060000 35.405000 1.908000
130.344000 40.839000 34.487000 1.661200
127.664000 40.439000 35.770000 1.908000
126.588000 40.701000 36.824000 1.908000
127.382000 39.123000 35.047000 1.908000
125.251000 41.073000 36.261000 1.908000
129.166000 42.528000 36.695000 0.600000
129.096000 39.666000 37.151000 1.387000
127.663000 41.196000 35.132000 1.487000
126.493000 39.876000 37.385000 1.487000
126.911000 41.443000 37.417000 1.487000
127.377000 38.379000 35.712000 1.487000
126.495000 39.188000 34.597000 1.487000
128.089000 38.958000 34.368000 1.487000
124.906000 40.317000 35.700000 1.487000
124.606000 41.254000 37.004000 1.487000
125.345000 41.897000 35.691000 1.487000
130.737000 38.899000 35.555000 1.824000
131.758000 38.434000 34.619000 1.908000
131.174000 37.247000 33.854000 1.908000
130.941000 36.194000 34.442000 1.661200
133.013000 37.892000 35.338000 1.908000
133.458000 38.829000 36.471000 1.908000
134.122000 37.665000 34.311000 1.908000
134.114000 40.096000 36.016000 1.908000
130.484000 38.339000 36.352000 0.600000
131.885000 39.162000 33.957000 1.387000
132.778000 37.012000 35.742000 1.487000
132.649000 39.052000 37.023000 1.487000
134.097000 38.319000 37.055000 1.487000
134.365000 38.530000 33.882000 1.487000
134.916000 37.278000 34.777000 1.487000
133.803000 37.026000 33.614000 1.487000
133.461000 40.621000 35.463000 1.487000
134.390000 40.641000 36.807000 1.487000
134.921000 39.875000 35.461000 1.487000
130.937000 37.410000 32.556000 1.824000
130.396000 36.327000 31.735000 1.908000
131.534000 35.748000 30.910000 1.908000
131.857000 36.259000 29.841000 1.661200
129.298000 36.859000 30.817000 1.908000
128.107000 37.490000 31.544000 1.908000
127.223000 38.207000 30.538000 1.908000
127.323000 36.417000 32.292000 1.908000
131.141000 38.303000 32.155000 0.600000
130.044000 35.617000 32.336000 1.387000
129.694000 37.557000 30.237000 1.487000
128.952000 36.103000 30.281000 1.487000
128.446000 38.142000 32.215000 1.487000
127.737000 38.931000 30.081000 1.487000
126.895000 37.552000 29.853000 1.487000
126.433000 38.610000 31.016000 1.487000
127.006000 35.733000 31.629000 1.487000
127.914000 35.981000 32.965000 1.487000
126.540000 36.830000 32.747000 1.487000
132.135000 34.676000 31.412000 1.824000
133.274000 34.056000 30.744000 1.908000
133.055000 32.608000 30.328000 1.908000
133.829000 31.750000 30.794000 1.661200
134.499000 34.135000 31.660000 1.908000
134.244000 33.487000 32.900000 1.721000
132.134000 32.341000 29.537000 1.661200
131.779000 34.304000 32.271000 0.600000
133.470000 34.595000 29.899000 1.387000
135.264000 33.686000 31.213000 1.387000
134.709000 35.091000 31.833000 1.387000
133.262000 33.390000 33.003000 0.600000
