0 1.836716946691e+01
1 0.000000000000e+00
2 2.579160928246e+00
3 1.288806176389e+01
4 9.902407650345e-01
5 4.317585770306e+00
6 1.452941919346e+01
7 6.100948471317e+00
8 6.991314685579e+00
9 0.000000000000e+00
10 1.487305963054e+00
11 0.000000000000e+00
12 0.000000000000e+00
13 7.832697448091e+00
14 9.082872623687e+00
15 0.000000000000e+00
16 0.000000000000e+00
17 9.489942093272e+00
18 1.109384688134e+01
19 0.000000000000e+00
20 0.000000000000e+00
21 0.000000000000e+00
22 0.000000000000e+00
23 0.000000000000e+00
24 0.000000000000e+00
25 5.588668062790e-01
26 3.095212729051e+00
27 2.205081432975e+01
28 6.300329193806e+00
29 0.000000000000e+00
30 0.000000000000e+00
31 4.361852714708e+00
32 0.000000000000e+00
33 0.000000000000e+00
34 0.000000000000e+00
35 0.000000000000e+00
36 9.442441950589e+00
37 7.367383526162e+00
38 0.000000000000e+00
39 0.000000000000e+00
40 0.000000000000e+00
41 3.896793418224e+00
42 0.000000000000e+00
43 0.000000000000e+00
44 1.119583630011e+01
45 6.889688355466e-01
46 8.835772423138e-01
47 0.000000000000e+00
48 0.000000000000e+00
49 2.383043407310e+01
50 0.000000000000e+00
51 0.000000000000e+00
52 0.000000000000e+00
53 1.024077184092e+01
54 5.759749208996e+00
55 0.000000000000e+00
56 0.000000000000e+00
57 0.000000000000e+00
58 6.366511859679e+00
59 0.000000000000e+00
60 0.000000000000e+00
61 1.087222591597e+01
62 7.492294584785e+00
63 0.000000000000e+00
64 0.000000000000e+00
65 0.000000000000e+00
66 0.000000000000e+00
67 0.000000000000e+00
68 0.000000000000e+00
69 0.000000000000e+00
70 0.000000000000e+00
71 0.000000000000e+00
72 0.000000000000e+00
73 0.000000000000e+00
74 0.000000000000e+00
75 0.000000000000e+00
76 8.397768581261e+00
77 0.000000000000e+00
78 1.271964518191e+00
79 0.000000000000e+00
80 0.000000000000e+00
81 0.000000000000e+00
82 2.026455652963e+00
83 9.454904306452e+00
84 5.495982780932e+00
85 0.000000000000e+00
86 0.000000000000e+00
87 0.000000000000e+00
88 1.490996887659e+01
89 0.000000000000e+00
90 0.000000000000e+00
91 0.000000000000e+00
92 0.000000000000e+00
93 0.000000000000e+00
94 0.000000000000e+00
95 0.000000000000e+00
96 0.000000000000e+00
97 1.557127936252e+00
98 0.000000000000e+00
99 0.000000000000e+00
100 0.000000000000e+00
101 0.000000000000e+00
102 0.000000000000e+00
103 0.000000000000e+00
104 0.000000000000e+00
105 0.000000000000e+00
106 0.000000000000e+00
107 0.000000000000e+00
108 6.578553105677e+00
109 0.000000000000e+00
110 0.000000000000e+00
111 0.000000000000e+00
112 0.000000000000e+00
113 2.771839773844e+00
114 0.000000000000e+00
115 0.000000000000e+00
116 0.000000000000e+00
117 4.429861207971e+00
118 2.053707462043e+01
119 9.380341601127e+00
120 0.000000000000e+00
121 0.000000000000e+00
122 0.000000000000e+00
123 0.000000000000e+00
124 0.000000000000e+00
125 0.000000000000e+00
126 0.000000000000e+00
127 0.000000000000e+00
128 0.000000000000e+00
129 0.000000000000e+00
130 0.000000000000e+00
131 0.000000000000e+00
132 1.807012977661e+01
133 0.000000000000e+00
134 2.340384430799e+00
135 4.506420552154e+00
136 4.130993969301e+00
137 1.048216251077e+01
138 6.057617012052e+00
139 0.000000000000e+00
140 1.218291892066e+01
141 0.000000000000e+00
142 0.000000000000e+00
143 6.821357495669e+00
144 0.000000000000e+00
145 0.000000000000e+00
146 0.000000000000e+00
147 1.329059272629e+01
148 0.000000000000e+00
149 0.000000000000e+00
150 2.734011209935e+00
151 1.058958074639e+01
152 6.230731814082e+00
153 0.000000000000e+00
154 0.000000000000e+00
155 9.784076010144e+00
156 5.320458153827e+00
157 0.000000000000e+00
158 1.648172101623e+01
159 2.139360677328e+01
160 0.000000000000e+00
161 0.000000000000e+00
162 0.000000000000e+00
163 0.000000000000e+00
164 0.000000000000e+00
165 0.000000000000e+00
166 0.000000000000e+00
167 0.000000000000e+00
168 0.000000000000e+00
169 0.000000000000e+00
170 0.000000000000e+00
171 0.000000000000e+00
172 0.000000000000e+00
173 0.000000000000e+00
174 0.000000000000e+00
175 5.996944717206e+00
176 0.000000000000e+00
177 4.235941086062e+00
178 0.000000000000e+00
179 0.000000000000e+00
180 0.000000000000e+00
181 0.000000000000e+00
182 0.000000000000e+00
183 1.328235714804e+01
184 1.024340016813e+00
185 0.000000000000e+00
186 3.085487958197e+00
187 1.307351486364e+01
188 8.537221219474e+00
189 2.290586045291e+01
190 2.624456157315e+01
191 0.000000000000e+00
192 0.000000000000e+00
193 0.000000000000e+00
194 2.727517385933e+00
195 0.000000000000e+00
196 0.000000000000e+00
197 0.000000000000e+00
198 7.766862103968e+00
199 9.154141177630e+00
200 0.000000000000e+00
201 0.000000000000e+00
202 9.728405120010e+00
203 6.168190089728e+00
204 0.000000000000e+00
205 0.000000000000e+00
206 0.000000000000e+00
207 0.000000000000e+00
208 5.562871568130e+00
209 8.611628447618e+00
210 0.000000000000e+00
211 4.226279479500e+00
212 5.930583758748e+00
213 8.162004975646e+00
214 0.000000000000e+00
215 3.586082865309e+00
216 0.000000000000e+00
217 0.000000000000e+00
218 0.000000000000e+00
219 0.000000000000e+00
220 0.000000000000e+00
221 4.907254967847e+00
222 1.706433387179e+00
223 0.000000000000e+00
224 1.063755934386e+01
225 9.445215343729e+00
226 7.438328441091e+00
227 1.144064343335e+01
228 7.977660699685e-01
229 0.000000000000e+00
230 0.000000000000e+00
231 4.162249814638e+00
232 5.766641077414e+00
233 0.000000000000e+00
234 0.000000000000e+00
235 0.000000000000e+00
236 0.000000000000e+00
237 0.000000000000e+00
238 5.902941423037e+00
239 1.890708148057e+01
240 0.000000000000e+00
241 2.765034131205e+00
242 9.514388883676e+00
243 5.902446494220e+00
244 0.000000000000e+00
245 0.000000000000e+00
246 0.000000000000e+00
247 0.000000000000e+00
248 3.440931805356e+00
249 0.000000000000e+00
250 4.319032532830e+00
251 2.033458768167e+01
252 1.296412346230e+01
253 0.000000000000e+00
254 3.899656276179e+00
255 0.000000000000e+00
256 0.000000000000e+00
257 0.000000000000e+00
258 0.000000000000e+00
259 0.000000000000e+00
260 0.000000000000e+00
261 0.000000000000e+00
262 0.000000000000e+00
263 0.000000000000e+00
264 0.000000000000e+00
265 0.000000000000e+00
266 0.000000000000e+00
267 0.000000000000e+00
268 0.000000000000e+00
269 0.000000000000e+00
270 0.000000000000e+00
271 0.000000000000e+00
272 0.000000000000e+00
273 0.000000000000e+00
274 0.000000000000e+00
275 0.000000000000e+00
276 0.000000000000e+00
277 0.000000000000e+00
278 0.000000000000e+00
279 0.000000000000e+00
280 0.000000000000e+00
281 0.000000000000e+00
282 0.000000000000e+00
283 0.000000000000e+00
284 0.000000000000e+00
285 0.000000000000e+00
286 1.749927218806e+00
287 0.000000000000e+00
288 0.000000000000e+00
289 0.000000000000e+00
290 0.000000000000e+00
291 8.417464561572e+00
292 3.695787414162e+00
293 0.000000000000e+00
294 0.000000000000e+00
295 1.287755609539e+00
296 8.360145845505e+00
297 4.345066374716e-01
298 0.000000000000e+00
299 6.571570771357e+00
300 7.217405513786e+00
301 0.000000000000e+00
302 0.000000000000e+00
303 0.000000000000e+00
304 1.007857092647e+01
305 4.788258783010e+00
306 0.000000000000e+00
307 1.909024043285e+01
308 2.366902963477e+01
309 0.000000000000e+00
310 1.556807464721e+00
311 0.000000000000e+00
312 0.000000000000e+00
313 0.000000000000e+00
314 0.000000000000e+00
315 1.305823374413e+01
316 3.701590547889e-01
317 6.138084991295e+00
318 8.885787091695e+00
319 6.762411753880e+00
320 0.000000000000e+00
321 0.000000000000e+00
322 0.000000000000e+00
323 0.000000000000e+00
324 0.000000000000e+00
325 0.000000000000e+00
326 0.000000000000e+00
327 0.000000000000e+00
328 0.000000000000e+00
329 0.000000000000e+00
330 0.000000000000e+00
331 0.000000000000e+00
332 0.000000000000e+00
333 0.000000000000e+00
334 0.000000000000e+00
335 0.000000000000e+00
336 0.000000000000e+00
337 0.000000000000e+00
338 0.000000000000e+00
339 0.000000000000e+00
340 0.000000000000e+00
341 0.000000000000e+00
342 0.000000000000e+00
343 0.000000000000e+00
344 0.000000000000e+00
345 0.000000000000e+00
346 3.877983747032e+00
347 0.000000000000e+00
348 0.000000000000e+00
349 0.000000000000e+00
350 2.155080946388e+00
351 1.790202358221e+01
352 0.000000000000e+00
353 5.682517074908e+00
354 0.000000000000e+00
355 9.629240219811e+00
356 0.000000000000e+00
357 0.000000000000e+00
358 0.000000000000e+00
359 0.000000000000e+00
360 1.078396001514e+01
361 0.000000000000e+00
362 0.000000000000e+00
363 2.588946843260e+00
364 0.000000000000e+00
365 0.000000000000e+00
366 0.000000000000e+00
367 0.000000000000e+00
368 7.830565490936e+00
369 9.843452272345e-01
370 3.730368750016e-01
371 7.050206082417e-01
372 1.442421895859e+01
373 2.605593724009e+01
374 6.163733876672e+00
375 2.181679326319e+00
376 2.959193791206e+00
377 1.292216426557e+01
378 5.790691539302e-01
379 0.000000000000e+00
380 0.000000000000e+00
381 0.000000000000e+00
382 1.158998709737e+01
383 6.565341875041e+00
384 0.000000000000e+00
385 4.265203193278e+00
386 1.054401873188e+01
387 0.000000000000e+00
388 0.000000000000e+00
389 0.000000000000e+00
390 5.169589981357e+00
391 0.000000000000e+00
392 0.000000000000e+00
393 9.443553183632e-01
394 1.043387902787e+01
395 2.214424188223e+01
396 1.986543100878e+00
397 6.677646648028e+00
398 0.000000000000e+00
399 0.000000000000e+00
400 0.000000000000e+00
401 0.000000000000e+00
402 0.000000000000e+00
403 0.000000000000e+00
404 0.000000000000e+00
405 7.610594312450e+00
406 0.000000000000e+00
407 0.000000000000e+00
408 0.000000000000e+00
409 0.000000000000e+00
410 0.000000000000e+00
411 0.000000000000e+00
412 0.000000000000e+00
413 0.000000000000e+00
414 0.000000000000e+00
415 0.000000000000e+00
416 0.000000000000e+00
417 0.000000000000e+00
418 0.000000000000e+00
419 0.000000000000e+00
420 0.000000000000e+00
421 0.000000000000e+00
422 4.858703443176e-01
423 2.104309003289e+00
424 8.788864494586e+00
425 4.319241533408e+00
426 0.000000000000e+00
427 8.686213824828e+00
428 1.058879875479e+01
429 7.060629188927e+00
430 1.027391538530e+01
431 0.000000000000e+00
432 0.000000000000e+00
433 0.000000000000e+00
434 1.424212078259e+01
435 0.000000000000e+00
436 0.000000000000e+00
437 0.000000000000e+00
438 0.000000000000e+00
439 0.000000000000e+00
440 0.000000000000e+00
441 0.000000000000e+00
442 0.000000000000e+00
443 0.000000000000e+00
444 0.000000000000e+00
445 0.000000000000e+00
446 0.000000000000e+00
447 0.000000000000e+00
448 0.000000000000e+00
449 0.000000000000e+00
450 0.000000000000e+00
451 0.000000000000e+00
452 0.000000000000e+00
453 0.000000000000e+00
454 2.503705139257e+00
455 0.000000000000e+00
456 0.000000000000e+00
457 0.000000000000e+00
458 4.633331353667e+00
459 0.000000000000e+00
460 0.000000000000e+00
461 8.335180119971e+00
462 0.000000000000e+00
463 8.790997292608e-01
464 1.041839412019e+01
465 0.000000000000e+00
466 1.574324994272e+00
467 9.346667669049e+00
468 2.185188144499e+00
469 2.157393829696e+00
470 3.821069002637e+00
471 1.864757610608e+01
472 1.560901328894e+01
473 1.196724475432e+01
474 0.000000000000e+00
475 8.416505071293e+00
476 0.000000000000e+00
477 1.077398600216e+01
478 9.131985299811e+00
479 0.000000000000e+00
480 0.000000000000e+00
481 2.118851628872e+00
482 1.207810092489e+01
483 2.731965040055e+00
484 2.269906886753e+00
485 4.287255311735e+00
486 6.023336501920e+00
487 5.100530982713e+00
488 6.599013859545e+00
489 2.660982355344e+00
490 1.658647732247e+01
491 8.180035207811e+00
492 1.164062730921e+01
493 1.061845665275e+01
494 0.000000000000e+00
495 1.051921081187e+01
496 5.521938335472e+00
497 9.735751542748e+00
498 8.602886947817e+00
499 0.000000000000e+00
500 0.000000000000e+00
501 0.000000000000e+00
502 0.000000000000e+00
503 1.175551993561e+01
504 0.000000000000e+00
505 0.000000000000e+00
506 0.000000000000e+00
507 0.000000000000e+00
508 0.000000000000e+00
509 0.000000000000e+00
510 0.000000000000e+00
511 0.000000000000e+00
512 0.000000000000e+00
513 0.000000000000e+00
514 0.000000000000e+00
515 0.000000000000e+00
516 0.000000000000e+00
517 5.509813541488e+00
518 0.000000000000e+00
519 0.000000000000e+00
520 0.000000000000e+00
521 3.953895705927e+00
522 2.307353029811e+00
523 1.574094008394e+00
524 1.169009298538e+01
525 0.000000000000e+00
526 9.404840857141e+00
527 5.428426344627e+00
528 0.000000000000e+00
529 0.000000000000e+00
530 0.000000000000e+00
531 1.201797027577e+01
532 8.266558669504e-01
533 0.000000000000e+00
534 4.025801978566e+00
535 1.189650928836e+01
536 1.659221603527e+01
537 0.000000000000e+00
538 0.000000000000e+00
539 1.152496874952e+00
540 0.000000000000e+00
541 3.618827181522e+00
542 7.336235423969e+00
543 0.000000000000e+00
544 0.000000000000e+00
545 0.000000000000e+00
546 0.000000000000e+00
547 2.834227650740e+00
548 3.608980299384e+00
549 6.595296669905e+00
550 0.000000000000e+00
551 7.739950583744e+00
552 1.140445878541e+01
553 4.267948539511e+00
554 1.662512910548e+01
555 0.000000000000e+00
556 0.000000000000e+00
557 7.413873740319e-01
558 0.000000000000e+00
559 1.409018600626e+00
560 2.008576667652e+00
561 1.383697404886e+00
562 0.000000000000e+00
563 3.780353343918e+00
564 0.000000000000e+00
565 0.000000000000e+00
566 4.824485281106e+00
567 0.000000000000e+00
568 0.000000000000e+00
569 8.624340267471e+00
570 6.622869053458e+00
571 1.159842272775e+01
572 0.000000000000e+00
573 1.080300003663e+01
574 6.799448340472e+00
575 9.757806138721e+00
576 5.109974397732e+00
577 3.780628321166e-01
578 2.018443431100e+00
579 5.542688285835e+00
580 4.798995319587e+00
581 0.000000000000e+00
582 7.588781982756e+00
583 7.821945208630e+00
584 1.249528528706e+01
585 1.229597782675e+01
586 1.382292393698e+00
587 8.940980287826e-01
588 0.000000000000e+00
589 4.761780866366e+00
590 2.091977798715e+00
591 0.000000000000e+00
592 8.185488329483e+00
593 0.000000000000e+00
594 8.148101703670e+00
595 2.026690471322e+00
596 0.000000000000e+00
597 0.000000000000e+00
598 0.000000000000e+00
599 0.000000000000e+00
600 0.000000000000e+00
601 0.000000000000e+00
602 0.000000000000e+00
603 0.000000000000e+00
604 0.000000000000e+00
605 0.000000000000e+00
606 0.000000000000e+00
607 0.000000000000e+00
608 0.000000000000e+00
609 0.000000000000e+00
610 0.000000000000e+00
611 0.000000000000e+00
612 0.000000000000e+00
613 0.000000000000e+00
614 0.000000000000e+00
615 0.000000000000e+00
616 0.000000000000e+00
617 0.000000000000e+00
618 0.000000000000e+00
619 1.093706815672e+00
620 2.482039321133e+00
621 9.398670745064e+00
622 2.639271419306e+00
623 1.279531579225e+01
624 2.581426230590e+00
625 6.284285566164e+00
626 4.359917852723e+00
627 1.614134691694e+00
628 3.481624598523e+00
629 0.000000000000e+00
630 0.000000000000e+00
631 0.000000000000e+00
632 0.000000000000e+00
633 0.000000000000e+00
634 9.989862160439e+00
635 8.655820347606e+00
636 0.000000000000e+00
637 1.284826905020e+00
638 7.447937090123e+00
639 0.000000000000e+00
640 0.000000000000e+00
641 0.000000000000e+00
642 0.000000000000e+00
643 1.944732519217e+00
644 4.682755836342e+00
645 2.077437438646e+01
646 2.511896386252e+01
647 0.000000000000e+00
648 3.802585484172e+00
649 1.121873830646e+00
650 9.386955842683e+00
651 0.000000000000e+00
652 0.000000000000e+00
653 0.000000000000e+00
654 0.000000000000e+00
655 0.000000000000e+00
656 0.000000000000e+00
657 3.837322969196e+00
658 0.000000000000e+00
659 0.000000000000e+00
660 5.142544053984e+00
661 0.000000000000e+00
662 0.000000000000e+00
663 0.000000000000e+00
664 0.000000000000e+00
665 0.000000000000e+00
666 0.000000000000e+00
667 0.000000000000e+00
668 0.000000000000e+00
669 0.000000000000e+00
670 0.000000000000e+00
671 0.000000000000e+00
672 0.000000000000e+00
673 0.000000000000e+00
674 0.000000000000e+00
675 0.000000000000e+00
676 0.000000000000e+00
677 0.000000000000e+00
678 0.000000000000e+00
679 0.000000000000e+00
680 0.000000000000e+00
681 0.000000000000e+00
682 5.106958250089e+00
683 1.638677752600e+01
684 1.502435642110e+00
685 1.085056353953e+01
686 9.440936929143e-01
687 6.459966334111e+00
688 7.645822073364e+00
689 0.000000000000e+00
690 0.000000000000e+00
691 8.612470848704e+00
692 6.911606645526e+00
693 0.000000000000e+00
694 2.731214031283e+00
695 2.205649897126e+00
696 3.543965773592e+00
697 1.736300403526e+01
698 0.000000000000e+00
699 8.281333863857e+00
700 1.071903069565e+01
701 7.216892508727e+00
702 6.041722696495e-01
703 1.713248105944e+00
704 1.718571516176e+01
705 0.000000000000e+00
706 0.000000000000e+00
707 2.773464825801e+00
708 2.307829326558e+00
709 7.074282073284e+00
710 3.118257058825e+00
711 4.924932858985e+00
712 4.418284608600e+00
713 4.447290898224e+00
714 4.651988093476e+00
715 1.311318026853e+01
716 7.220195428876e+00
717 0.000000000000e+00
718 7.841372506418e+00
719 9.764616612577e+00
720 1.106898952723e+01
721 0.000000000000e+00
722 0.000000000000e+00
723 0.000000000000e+00
724 6.364453309140e+00
725 0.000000000000e+00
726 0.000000000000e+00
727 0.000000000000e+00
728 1.216050657490e+01
729 0.000000000000e+00
730 0.000000000000e+00
731 0.000000000000e+00
732 4.157297734068e+00
733 0.000000000000e+00
734 0.000000000000e+00
735 0.000000000000e+00
736 0.000000000000e+00
737 0.000000000000e+00
738 0.000000000000e+00
739 0.000000000000e+00
740 0.000000000000e+00
741 7.307812986905e+00
742 0.000000000000e+00
743 0.000000000000e+00
744 0.000000000000e+00
745 3.513078206782e-01
746 1.482440137057e+00
747 3.905130212534e+00
748 1.917324867316e+01
749 1.529284611715e+01
750 0.000000000000e+00
751 7.963050614941e+00
752 1.152201395487e+01
753 0.000000000000e+00
754 4.782223086977e+00
755 1.140057780089e+01
756 4.964003126081e+00
757 0.000000000000e+00
758 2.555724513981e+00
759 1.425853722045e+01
760 2.282521401311e+00
761 0.000000000000e+00
762 0.000000000000e+00
763 3.796098506948e+00
764 0.000000000000e+00
765 1.825764107313e+00
766 0.000000000000e+00
767 0.000000000000e+00
768 0.000000000000e+00
769 0.000000000000e+00
770 1.112911980433e+01
771 0.000000000000e+00
772 1.012403050923e+01
773 0.000000000000e+00
774 3.437047413192e+00
775 9.593628957389e+00
776 0.000000000000e+00
777 0.000000000000e+00
778 0.000000000000e+00
779 0.000000000000e+00
780 0.000000000000e+00
781 1.160379794615e+00
782 1.187531254017e+00
783 4.392046664477e+00
784 1.354743121155e+01
785 0.000000000000e+00
786 8.711102615469e+00
787 3.248532228944e+00
788 9.214726567005e+00
789 8.253608832979e+00
790 1.144727153855e+00
791 0.000000000000e+00
792 0.000000000000e+00
793 0.000000000000e+00
794 4.936397208723e+00
795 0.000000000000e+00
796 0.000000000000e+00
797 0.000000000000e+00
798 0.000000000000e+00
799 0.000000000000e+00
800 0.000000000000e+00
801 0.000000000000e+00
802 0.000000000000e+00
803 0.000000000000e+00
804 0.000000000000e+00
805 0.000000000000e+00
806 0.000000000000e+00
807 0.000000000000e+00
808 0.000000000000e+00
809 0.000000000000e+00
810 0.000000000000e+00
811 0.000000000000e+00
812 0.000000000000e+00
813 0.000000000000e+00
814 0.000000000000e+00
815 0.000000000000e+00
816 3.316141829539e+00
817 0.000000000000e+00
818 0.000000000000e+00
819 1.945842022261e+00
820 0.000000000000e+00
821 9.250359382145e+00
822 0.000000000000e+00
823 0.000000000000e+00
824 1.193346415590e+01
825 1.420559419821e+00
826 0.000000000000e+00
827 0.000000000000e+00
828 0.000000000000e+00
829 0.000000000000e+00
830 0.000000000000e+00
831 0.000000000000e+00
832 0.000000000000e+00
833 0.000000000000e+00
834 0.000000000000e+00
835 0.000000000000e+00
836 0.000000000000e+00
837 0.000000000000e+00
838 0.000000000000e+00
839 0.000000000000e+00
840 0.000000000000e+00
841 0.000000000000e+00
842 0.000000000000e+00
843 0.000000000000e+00
844 0.000000000000e+00
845 0.000000000000e+00
846 0.000000000000e+00
847 0.000000000000e+00
848 0.000000000000e+00
849 0.000000000000e+00
850 0.000000000000e+00
851 4.774778519224e+00
852 1.124787794849e+01
853 1.139330189591e+01
854 0.000000000000e+00
855 0.000000000000e+00
856 0.000000000000e+00
857 0.000000000000e+00
858 0.000000000000e+00
859 0.000000000000e+00
860 0.000000000000e+00
861 0.000000000000e+00
862 0.000000000000e+00
863 0.000000000000e+00
864 0.000000000000e+00
865 0.000000000000e+00
866 0.000000000000e+00
867 0.000000000000e+00
868 0.000000000000e+00
869 0.000000000000e+00
870 0.000000000000e+00
871 0.000000000000e+00
872 0.000000000000e+00
873 0.000000000000e+00
874 0.000000000000e+00
875 0.000000000000e+00
876 0.000000000000e+00
877 0.000000000000e+00
878 0.000000000000e+00
879 0.000000000000e+00
880 0.000000000000e+00
881 0.000000000000e+00
882 0.000000000000e+00
883 0.000000000000e+00
884 0.000000000000e+00
885 0.000000000000e+00
886 0.000000000000e+00
887 0.000000000000e+00
888 0.000000000000e+00
889 0.000000000000e+00
890 4.973881993304e-04
891 4.216660084903e+00
892 2.795024034592e+00
893 1.954371024842e+01
894 2.146747676939e+01
895 0.000000000000e+00
896 0.000000000000e+00
897 0.000000000000e+00
898 6.237012394786e+00
899 0.000000000000e+00
900 0.000000000000e+00
901 0.000000000000e+00
902 1.044528143722e+01
903 0.000000000000e+00
904 0.000000000000e+00
905 0.000000000000e+00
906 5.347014841659e+00
907 0.000000000000e+00
908 0.000000000000e+00
909 0.000000000000e+00
910 0.000000000000e+00
911 0.000000000000e+00
912 0.000000000000e+00
913 1.014736517673e+00
914 3.722510641654e+00
915 4.278872137326e+00
916 8.987273261013e+00
917 3.599767414803e+00
918 0.000000000000e+00
919 0.000000000000e+00
920 0.000000000000e+00
921 0.000000000000e+00
922 1.202567971253e+01
923 2.392842972909e+01
924 0.000000000000e+00
925 3.921527105668e+00
926 0.000000000000e+00
927 0.000000000000e+00
928 0.000000000000e+00
929 0.000000000000e+00
930 0.000000000000e+00
931 0.000000000000e+00
932 4.577335829075e+00
933 0.000000000000e+00
934 4.899760130088e+00
935 0.000000000000e+00
936 0.000000000000e+00
937 0.000000000000e+00
938 0.000000000000e+00
939 3.965210694006e+00
940 0.000000000000e+00
941 3.893008535498e+00
942 0.000000000000e+00
943 9.669998208610e+00
944 0.000000000000e+00
945 2.253574817852e+00
946 0.000000000000e+00
947 0.000000000000e+00
948 0.000000000000e+00
949 1.647809339871e+00
950 2.044585000861e+00
951 3.979015036617e+00
952 1.752328109859e+01
953 1.196753316685e+01
954 8.688285435628e+00
955 0.000000000000e+00
956 1.244619343821e+01
957 0.000000000000e+00
958 9.701369053647e+00
959 9.988701476192e+00
960 0.000000000000e+00
961 0.000000000000e+00
962 0.000000000000e+00
963 0.000000000000e+00
964 0.000000000000e+00
965 8.466636706265e-01
966 3.174756341804e+00
967 1.004954832501e+01
968 0.000000000000e+00
969 8.580216285371e+00
970 0.000000000000e+00
971 5.709679746081e+00
972 0.000000000000e+00
973 0.000000000000e+00
974 1.533372124303e+01
975 1.612040973918e+01
976 0.000000000000e+00
977 0.000000000000e+00
978 0.000000000000e+00
979 0.000000000000e+00
980 0.000000000000e+00
981 0.000000000000e+00
982 0.000000000000e+00
983 0.000000000000e+00
984 0.000000000000e+00
985 0.000000000000e+00
986 0.000000000000e+00
987 0.000000000000e+00
988 0.000000000000e+00
989 0.000000000000e+00
990 0.000000000000e+00
991 3.738663269308e+00
992 0.000000000000e+00
993 0.000000000000e+00
994 1.291527404510e+00
995 0.000000000000e+00
996 1.657062624488e+01
997 0.000000000000e+00
998 0.000000000000e+00
999 0.000000000000e+00
1000 1.013029730386e+01
1001 0.000000000000e+00
1002 0.000000000000e+00
1003 0.000000000000e+00
1004 0.000000000000e+00
1005 9.969224438932e+00
1006 2.385160650698e+00
1007 0.000000000000e+00
1008 0.000000000000e+00
1009 0.000000000000e+00
1010 0.000000000000e+00
1011 0.000000000000e+00
1012 0.000000000000e+00
1013 1.453157707965e+01
1014 0.000000000000e+00
1015 2.373173989193e+00
1016 4.883212763922e+00
1017 2.058226378652e+01
1018 2.054006771947e+01
1019 1.193082752202e+01
1020 7.877772215872e+00
1021 0.000000000000e+00
1022 0.000000000000e+00
1023 0.000000000000e+00
1024 0.000000000000e+00
1025 1.126958256501e+01
1026 1.578195067031e+00
1027 0.000000000000e+00
1028 0.000000000000e+00
1029 1.190763202189e+00
1030 9.764667666043e+00
1031 0.000000000000e+00
1032 0.000000000000e+00
1033 0.000000000000e+00
1034 2.605738047197e+00
1035 6.877021710602e+00
1036 1.360366977323e+01
1037 1.169136539372e+01
1038 0.000000000000e+00
1039 0.000000000000e+00
1040 1.763409455797e+01
1041 0.000000000000e+00
1042 5.139952278033e+00
1043 5.332907925251e+00
1044 0.000000000000e+00
1045 0.000000000000e+00
1046 0.000000000000e+00
1047 0.000000000000e+00
1048 1.111640983797e+00
1049 8.434825084937e+00
1050 0.000000000000e+00
1051 0.000000000000e+00
1052 0.000000000000e+00
1053 4.686394799784e+00
1054 0.000000000000e+00
1055 0.000000000000e+00
1056 0.000000000000e+00
1057 0.000000000000e+00
1058 0.000000000000e+00
1059 0.000000000000e+00
1060 0.000000000000e+00
1061 0.000000000000e+00
1062 2.627581343973e+00
1063 1.107313566124e+01
1064 5.958746309625e-01
1065 1.689010428214e+00
1066 6.633461489956e+00
1067 1.967430864802e+01
1068 2.020350924128e+01
1069 1.002609351901e+01
1070 7.699956697417e+00
1071 8.373939620116e+00
1072 0.000000000000e+00
1073 1.046673286583e+01
1074 5.154273596866e+00
1075 2.655253802331e+00
1076 0.000000000000e+00
1077 1.732001424452e+00
1078 4.298635555074e+00
1079 1.002530781731e+00
1080 4.061490474980e+00
1081 0.000000000000e+00
1082 0.000000000000e+00
1083 7.945795732726e+00
1084 7.349753197474e+00
1085 1.619756734033e+01
1086 1.968595887977e+01
1087 0.000000000000e+00
1088 0.000000000000e+00
1089 4.609263163429e-01
1090 4.791906905299e+00
1091 0.000000000000e+00
1092 0.000000000000e+00
1093 0.000000000000e+00
1094 6.380820599378e+00
1095 4.262435418773e+00
1096 0.000000000000e+00
1097 0.000000000000e+00
1098 0.000000000000e+00
1099 0.000000000000e+00
1100 0.000000000000e+00
1101 0.000000000000e+00
1102 0.000000000000e+00
1103 0.000000000000e+00
1104 0.000000000000e+00
1105 0.000000000000e+00
1106 0.000000000000e+00
1107 0.000000000000e+00
1108 0.000000000000e+00
1109 0.000000000000e+00
1110 0.000000000000e+00
1111 2.482598015439e+00
1112 3.953212791961e+00
1113 5.615973730433e+00
1114 1.394459251447e+01
1115 1.068744551026e+01
1116 0.000000000000e+00
1117 7.297523191386e+00
1118 0.000000000000e+00
1119 5.676673725933e+00
1120 0.000000000000e+00
1121 2.067386187744e+00
1122 5.696100409038e-01
1123 0.000000000000e+00
1124 0.000000000000e+00
1125 4.373082468147e+00
1126 8.421356675427e+00
1127 0.000000000000e+00
1128 6.641187201319e+00
1129 9.498490241711e+00
1130 3.707140068272e+00
1131 0.000000000000e+00
1132 0.000000000000e+00
1133 0.000000000000e+00
1134 0.000000000000e+00
1135 0.000000000000e+00
1136 0.000000000000e+00
1137 0.000000000000e+00
1138 0.000000000000e+00
1139 0.000000000000e+00
1140 0.000000000000e+00
1141 0.000000000000e+00
1142 0.000000000000e+00
1143 0.000000000000e+00
1144 0.000000000000e+00
1145 0.000000000000e+00
1146 0.000000000000e+00
1147 0.000000000000e+00
1148 0.000000000000e+00
1149 0.000000000000e+00
1150 0.000000000000e+00
1151 0.000000000000e+00
1152 0.000000000000e+00
1153 0.000000000000e+00
1154 0.000000000000e+00
1155 4.204694678195e+00
1156 2.972888067065e+00
1157 6.769945208994e+00
1158 0.000000000000e+00
1159 0.000000000000e+00
1160 0.000000000000e+00
1161 0.000000000000e+00
1162 0.000000000000e+00
1163 0.000000000000e+00
1164 0.000000000000e+00
1165 0.000000000000e+00
1166 0.000000000000e+00
1167 0.000000000000e+00
1168 0.000000000000e+00
1169 0.000000000000e+00
1170 0.000000000000e+00
1171 0.000000000000e+00
1172 9.324259169327e-01
1173 3.295251420658e+00
1174 1.285870270873e+01
1175 0.000000000000e+00
1176 2.382313898087e+00
1177 0.000000000000e+00
1178 5.629050294816e+00
1179 4.011646131004e+00
1180 0.000000000000e+00
1181 1.229386863126e+01
1182 1.992095002238e+01
1183 0.000000000000e+00
1184 0.000000000000e+00
1185 0.000000000000e+00
1186 0.000000000000e+00
1187 0.000000000000e+00
1188 0.000000000000e+00
1189 0.000000000000e+00
1190 0.000000000000e+00
1191 3.528826014282e+00
1192 0.000000000000e+00
1193 0.000000000000e+00
1194 0.000000000000e+00
1195 2.348309352779e+00
1196 0.000000000000e+00
1197 0.000000000000e+00
1198 1.314154981957e+01
1199 0.000000000000e+00
1200 0.000000000000e+00
1201 0.000000000000e+00
1202 0.000000000000e+00
1203 0.000000000000e+00
1204 0.000000000000e+00
1205 0.000000000000e+00
1206 0.000000000000e+00
1207 0.000000000000e+00
1208 0.000000000000e+00
1209 0.000000000000e+00
1210 0.000000000000e+00
1211 0.000000000000e+00
1212 0.000000000000e+00
1213 0.000000000000e+00
1214 0.000000000000e+00
1215 0.000000000000e+00
1216 0.000000000000e+00
1217 0.000000000000e+00
1218 0.000000000000e+00
1219 0.000000000000e+00
1220 0.000000000000e+00
1221 0.000000000000e+00
1222 1.867218652410e+00
1223 7.446407852906e+00
1224 0.000000000000e+00
1225 0.000000000000e+00
1226 2.593523705693e+00
1227 2.334071302901e+00
1228 7.159882514676e+00
1229 2.558851847165e+01
1230 2.484713132659e+01
1231 0.000000000000e+00
1232 3.799450318420e+00
1233 0.000000000000e+00
1234 1.940090862690e+00
1235 0.000000000000e+00
1236 0.000000000000e+00
1237 0.000000000000e+00
1238 1.163120406124e+01
1239 6.653822173710e+00
1240 0.000000000000e+00
1241 0.000000000000e+00
1242 8.764821064500e+00
1243 0.000000000000e+00
1244 0.000000000000e+00
1245 0.000000000000e+00
1246 0.000000000000e+00
1247 2.789772323193e+00
1248 0.000000000000e+00
1249 1.396318873166e-02
1250 5.193342072874e+00
1251 2.138176787266e+01
1252 1.149647305642e+01
1253 1.220458632466e+01
1254 4.874384377342e+00
1255 2.705289764659e+00
1256 0.000000000000e+00
1257 6.792238122584e+00
1258 0.000000000000e+00
1259 0.000000000000e+00
1260 0.000000000000e+00
1261 0.000000000000e+00
1262 4.872162310038e+00
1263 0.000000000000e+00
1264 0.000000000000e+00
1265 0.000000000000e+00
1266 0.000000000000e+00
1267 0.000000000000e+00
1268 0.000000000000e+00
1269 0.000000000000e+00
1270 0.000000000000e+00
1271 0.000000000000e+00
1272 5.508786713520e+00
1273 0.000000000000e+00
1274 0.000000000000e+00
1275 1.987718876462e+00
1276 1.308360091233e+01
1277 2.347611332598e+01
1278 0.000000000000e+00
1279 3.275196416784e+00
1280 2.496862307835e+00
1281 0.000000000000e+00
1282 7.742764058707e+00
1283 0.000000000000e+00
1284 0.000000000000e+00
1285 0.000000000000e+00
1286 1.746714335918e+00
1287 1.072590694540e+01
1288 0.000000000000e+00
1289 7.112443750274e+00
1290 0.000000000000e+00
1291 2.369828710416e+00
1292 0.000000000000e+00
1293 0.000000000000e+00
1294 1.824285388651e+01
1295 4.751002028294e+00
1296 0.000000000000e+00
1297 9.044592622779e+00
1298 1.484127703130e+00
1299 1.045418997363e+01
1300 1.189759824930e+01
1301 0.000000000000e+00
1302 0.000000000000e+00
1303 5.340047745182e+00
1304 1.512207467515e+01
1305 1.202829399789e+00
1306 1.960910159537e+00
1307 3.837041893205e+00
1308 1.711484512190e+01
1309 1.655624250382e+01
1310 1.066553097669e+01
1311 5.731994517820e+00
1312 6.829036763021e+00
1313 0.000000000000e+00
1314 8.322304691014e+00
1315 2.194519784551e+00
1316 2.753189078778e+00
1317 2.351903400270e+00
1318 5.670867466619e+00
1319 1.733898553111e+01
1320 0.000000000000e+00
1321 1.048017607377e+01
1322 7.563887324539e+00
1323 5.873579350677e+00
1324 4.549321140773e-01
1325 0.000000000000e+00
1326 0.000000000000e+00
1327 9.006946019549e-01
1328 0.000000000000e+00
1329 7.072234678228e+00
1330 5.292889815914e+00
1331 0.000000000000e+00
1332 0.000000000000e+00
1333 4.030772758317e+00
1334 0.000000000000e+00
1335 0.000000000000e+00
1336 0.000000000000e+00
1337 1.508926595602e+00
1338 4.509515995906e+00
1339 1.429568961283e+01
1340 1.537058179484e+01
1341 0.000000000000e+00
1342 8.297702320950e+00
1343 3.382977560619e+00
1344 1.138963963304e+01
1345 0.000000000000e+00
1346 0.000000000000e+00
1347 3.626610027979e+00
1348 4.454721547693e+00
1349 0.000000000000e+00
1350 0.000000000000e+00
1351 0.000000000000e+00
1352 0.000000000000e+00
1353 0.000000000000e+00
1354 0.000000000000e+00
1355 0.000000000000e+00
1356 0.000000000000e+00
1357 0.000000000000e+00
1358 0.000000000000e+00
1359 0.000000000000e+00
1360 0.000000000000e+00
1361 0.000000000000e+00
1362 0.000000000000e+00
1363 0.000000000000e+00
1364 0.000000000000e+00
1365 0.000000000000e+00
1366 0.000000000000e+00
1367 0.000000000000e+00
1368 0.000000000000e+00
1369 2.325854692623e+01
1370 3.154388921934e+00
1371 6.695470821015e+00
1372 1.018517574484e+01
1373 3.682616972651e+00
1374 0.000000000000e+00
1375 0.000000000000e+00
1376 1.175103647191e+01
1377 0.000000000000e+00
1378 5.237290957266e+00
1379 0.000000000000e+00
1380 0.000000000000e+00
1381 1.492976071596e+01
1382 0.000000000000e+00
1383 0.000000000000e+00
1384 0.000000000000e+00
1385 0.000000000000e+00
1386 0.000000000000e+00
1387 4.413739816157e+00
1388 0.000000000000e+00
1389 1.124761803983e+01
1390 0.000000000000e+00
1391 3.391100852653e+00
1392 0.000000000000e+00
1393 0.000000000000e+00
1394 0.000000000000e+00
1395 0.000000000000e+00
1396 6.667299282739e+00
1397 0.000000000000e+00
1398 0.000000000000e+00
1399 0.000000000000e+00
1400 0.000000000000e+00
1401 0.000000000000e+00
1402 0.000000000000e+00
1403 1.807855420338e+00
1404 4.506375245118e+00
1405 4.099500773755e+00
1406 9.815206622755e+00
1407 0.000000000000e+00
1408 0.000000000000e+00
1409 9.467868179779e+00
1410 0.000000000000e+00
1411 8.996813249331e+00
1412 0.000000000000e+00
1413 9.896843055982e+00
1414 1.195859845566e+01
1415 3.518520314896e+00
1416 6.235846918543e+00
1417 0.000000000000e+00
1418 0.000000000000e+00
1419 1.849041453421e+01
1420 3.467822973374e-01
1421 0.000000000000e+00
1422 3.931126097849e+00
1423 0.000000000000e+00
1424 0.000000000000e+00
1425 0.000000000000e+00
1426 0.000000000000e+00
1427 0.000000000000e+00
1428 1.214284681098e+01
1429 7.312556631295e+00
1430 1.102424233949e+01
1431 0.000000000000e+00
1432 4.797667085714e+00
1433 9.054363801659e+00
1434 8.869106549090e+00
1435 0.000000000000e+00
1436 0.000000000000e+00
1437 4.889720830906e+00
1438 8.843753416968e+00
1439 4.708983701506e+00
1440 2.771636811846e+00
1441 1.704874657137e+01
1442 0.000000000000e+00
1443 7.373664897101e+00
1444 9.774697314201e+00
1445 9.492786668484e+00
1446 0.000000000000e+00
