47.580000 45.712000 11.489000 1.824000
47.885000 45.369000 10.070000 1.908000
47.413000 43.944000 9.792000 1.908000
48.218000 43.018000 9.687000 1.661200
49.391000 45.468000 9.816000 1.908000
49.778000 45.885000 8.396000 1.908000
48.973000 44.940000 7.083000 2.000000
47.844000 46.175000 6.413000 1.908000
48.187000 46.491000 5.529000 1.387000
46.939000 45.767000 6.296000 1.387000
47.785000 46.946000 7.045000 1.387000
47.733000 44.906000 12.056000 0.600000
48.182000 46.453000 11.778000 0.600000
49.578000 46.895000 8.295000 1.387000
50.807000 45.821000 8.313000 1.387000
46.627000 46.000000 11.554000 0.600000
47.367000 45.992000 9.493000 1.100000
49.816000 44.570000 10.006000 1.487000
49.790000 46.138000 10.460000 1.487000
46.099000 43.780000 9.684000 1.824000
45.495000 42.479000 9.418000 1.908000
45.800000 42.032000 7.990000 1.908000
45.816000 42.838000 7.062000 1.661200
43.979000 42.563000 9.622000 1.908000
43.227000 41.244000 9.453000 1.908000
43.574000 40.255000 10.553000 1.908000
42.730000 38.992000 10.458000 1.908000
42.993000 38.038000 11.585000 1.824000
45.879000 41.803000 10.055000 1.387000
41.758000 39.247000 10.469000 1.100000
42.930000 38.529000 9.588000 1.100000
42.244000 41.427000 9.479000 1.487000
43.468000 40.845000 8.568000 1.487000
42.872000 37.104000 11.256000 0.600000
43.928000 38.165000 11.908000 0.600000
42.350000 38.223000 12.325000 0.600000
43.406000 40.681000 11.436000 1.487000
44.533000 40.002000 10.469000 1.487000
45.542000 44.653000 9.805000 0.600000
43.611000 43.219000 8.959000 1.487000
43.807000 42.903000 10.549000 1.487000
46.046000 40.741000 7.823000 1.824000
46.344000 40.180000 6.514000 1.908000
45.438000 38.985000 6.250000 1.908000
45.179000 38.181000 7.147000 1.661200
47.813000 39.743000 6.457000 1.908000
48.199000 38.920000 5.225000 1.908000
48.036000 39.699000 3.933000 1.908000
48.567000 38.909000 2.746000 1.908000
50.018000 38.584000 2.879000 1.824000
46.172000 40.876000 5.812000 1.387000
48.046000 38.053000 2.665000 1.100000
48.428000 39.447000 1.908000 1.100000
49.157000 38.635000 5.317000 1.487000
47.619000 38.102000 5.190000 1.487000
50.244000 37.829000 2.265000 0.600000
50.559000 39.388000 2.638000 0.600000
50.211000 38.319000 3.823000 0.600000
48.546000 40.549000 4.000000 1.487000
47.071000 39.881000 3.785000 1.487000
46.008000 40.173000 8.694000 0.600000
48.007000 39.193000 7.271000 1.487000
48.384000 40.565000 6.472000 1.487000
44.947000 38.872000 5.023000 1.824000
44.090000 37.752000 4.661000 1.908000
44.499000 37.215000 3.296000 1.908000
44.727000 37.980000 2.364000 1.661200
42.633000 38.188000 4.642000 1.908000
45.218000 39.625000 4.368000 0.600000
44.203000 37.023000 5.339000 1.387000
42.042000 37.385000 4.720000 1.487000
42.458000 38.804000 5.410000 1.487000
42.437000 38.663000 3.784000 1.487000
44.605000 35.895000 3.189000 1.824000
44.982000 35.266000 1.930000 1.908000
43.952000 34.251000 1.459000 1.908000
43.474000 33.425000 2.236000 1.661200
46.328000 34.532000 2.038000 1.908000
46.722000 33.976000 0.672000 1.908000
47.397000 35.470000 2.561000 1.908000
45.050000 35.991000 1.225000 1.387000
46.586000 34.679000 -0.024000 1.487000
47.935000 35.823000 1.794000 1.487000
46.204000 33.754000 2.641000 1.487000
47.683000 33.704000 0.689000 1.487000
46.154000 33.182000 0.461000 1.487000
44.401000 35.367000 4.057000 0.600000
46.964000 36.232000 3.044000 1.487000
47.997000 34.974000 3.190000 1.487000
43.617000 34.321000 0.175000 1.824000
42.674000 33.389000 -0.426000 1.908000
43.376000 32.685000 -1.587000 1.908000
43.803000 33.330000 -2.543000 1.661200
41.421000 34.112000 -0.986000 1.908000
40.693000 34.857000 0.134000 1.908000
40.483000 33.093000 -1.639000 1.908000
39.563000 35.758000 -0.363000 1.908000
42.490000 32.691000 0.258000 1.387000
39.698000 33.578000 -2.017000 1.487000
40.979000 32.622000 -2.364000 1.487000
41.731000 34.779000 -1.653000 1.487000
40.312000 34.189000 0.767000 1.487000
41.355000 35.423000 0.620000 1.487000
38.890000 35.200000 -0.841000 1.487000
44.081000 35.088000 -0.354000 0.600000
39.139000 36.207000 0.419000 1.487000
40.185000 32.443000 -0.945000 1.487000
39.942000 36.440000 -0.983000 1.487000
43.515000 31.367000 -1.490000 1.824000
44.143000 30.590000 -2.552000 1.908000
43.002000 30.136000 -3.446000 1.908000
42.410000 29.080000 -3.225000 1.661200
44.881000 29.382000 -1.976000 1.908000
46.025000 29.779000 -1.068000 1.908000
44.700000 31.210000 -3.081000 1.387000
43.147000 30.951000 -0.615000 0.600000
45.245000 28.846000 -2.733000 1.487000
44.232000 28.837000 -1.452000 1.487000
46.069000 29.392000 0.101000 1.661200
46.959000 30.559000 -1.599000 1.824000
47.743000 30.851000 -1.052000 0.600000
46.879000 30.857000 -2.552000 0.600000
42.695000 30.963000 -4.442000 1.824000
41.605000 30.695000 -5.361000 1.908000
41.463000 29.288000 -5.903000 1.908000
40.349000 28.774000 -6.004000 1.661200
43.301000 31.810000 -4.501000 0.600000
40.712000 30.966000 -4.904000 1.387000
41.677000 31.353000 -6.162000 1.387000
42.579000 28.661000 -6.255000 1.824000
42.529000 27.318000 -6.812000 1.908000
42.069000 26.273000 -5.805000 1.908000
41.797000 25.133000 -6.173000 1.661200
43.896000 26.928000 -7.394000 1.908000
44.950000 26.466000 -6.390000 1.908000
45.344000 27.533000 -5.386000 1.908000
45.158000 28.731000 -5.681000 1.661200
45.856000 27.170000 -4.304000 1.661200
44.579000 25.704000 -5.886000 1.487000
41.905000 27.307000 -7.614000 1.387000
45.761000 26.213000 -6.891000 1.487000
43.451000 29.192000 -6.104000 0.600000
44.260000 27.723000 -7.861000 1.487000
43.747000 26.183000 -8.032000 1.487000
41.973000 26.661000 -4.537000 1.824000
41.537000 25.733000 -3.501000 1.908000
40.065000 25.930000 -3.142000 1.908000
39.484000 25.124000 -2.420000 1.661200
42.412000 25.890000 -2.253000 1.908000
43.885000 25.616000 -2.521000 1.908000
44.759000 25.784000 -1.294000 1.908000
43.980000 24.675000 -2.854000 1.487000
41.641000 24.794000 -3.859000 1.387000
44.204000 26.249000 -3.230000 1.487000
42.227000 27.646000 -4.358000 0.600000
42.097000 25.247000 -1.558000 1.487000
42.325000 26.824000 -1.916000 1.487000
43.115000 25.886000 -0.124000 0.600000
45.986000 25.802000 -1.396000 1.661200
44.135000 25.901000 -0.126000 1.824000
44.659000 26.003000 0.740000 0.600000
39.470000 27.003000 -3.652000 1.824000
38.065000 27.297000 -3.392000 1.908000
37.204000 26.421000 -4.299000 1.908000
37.273000 26.526000 -5.520000 1.661200
37.749000 28.785000 -3.675000 1.908000
38.638000 29.678000 -2.807000 1.908000
36.278000 29.077000 -3.400000 1.908000
38.413000 29.500000 -1.317000 1.908000
37.883000 27.003000 -2.457000 1.387000
36.094000 30.034000 -3.613000 1.487000
35.719000 28.485000 -3.976000 1.487000
37.963000 28.965000 -4.626000 1.487000
39.592000 29.474000 -3.016000 1.487000
38.454000 30.630000 -3.046000 1.487000
38.605000 28.553000 -1.066000 1.487000
40.081000 27.603000 -4.241000 0.600000
39.024000 30.111000 -0.817000 1.487000
36.088000 28.897000 -2.437000 1.487000
37.464000 29.720000 -1.099000 1.487000
36.398000 25.550000 -3.702000 1.824000
35.544000 24.670000 -4.486000 1.908000
34.060000 25.003000 -4.389000 1.908000
33.222000 24.248000 -4.875000 1.661200
35.793000 23.211000 -4.089000 1.908000
37.068000 22.630000 -4.695000 1.908000
37.425000 21.278000 -4.088000 1.908000
38.579000 20.665000 -4.746000 1.824000
38.544000 20.097000 -5.949000 1.908000
37.409000 20.057000 -6.634000 1.824000
39.646000 19.570000 -6.471000 1.824000
37.828000 23.255000 -4.528000 1.487000
35.823000 24.732000 -5.465000 1.387000
39.458000 20.673000 -4.255000 0.600000
36.941000 22.506000 -5.677000 1.487000
39.620000 19.128000 -7.361000 0.600000
40.511000 19.619000 -5.963000 0.600000
36.431000 25.554000 -2.670000 0.600000
36.634000 20.679000 -4.185000 1.387000
37.632000 21.418000 -3.123000 1.387000
37.392000 19.606000 -7.538000 0.600000
36.581000 20.467000 -6.266000 0.600000
35.027000 22.666000 -4.405000 1.487000
35.874000 23.166000 -3.102000 1.487000
33.738000 26.135000 -3.767000 1.824000
32.348000 26.574000 -3.639000 1.908000
32.245000 27.920000 -2.929000 1.908000
33.196000 28.376000 -2.294000 1.661200
31.521000 25.538000 -2.879000 1.908000
31.870000 25.513000 -1.511000 1.721000
34.543000 26.669000 -3.388000 0.600000
31.970000 26.684000 -4.568000 1.387000
31.691000 24.640000 -3.275000 1.387000
30.556000 25.772000 -2.966000 1.387000
32.864000 25.572000 -1.417000 0.600000
31.083000 28.553000 -3.042000 1.824000
30.854000 29.847000 -2.415000 1.908000
30.969000 29.730000 -0.896000 1.908000
31.484000 30.634000 -0.233000 1.661200
29.459000 30.405000 -2.782000 1.908000
29.338000 31.855000 -2.311000 1.908000
28.369000 29.549000 -2.160000 1.908000
30.306000 32.794000 -2.993000 1.908000
31.603000 30.443000 -2.712000 1.387000
27.478000 29.909000 -2.432000 1.487000
28.470000 28.609000 -2.483000 1.487000
29.377000 30.392000 -3.770000 1.487000
28.406000 32.166000 -2.484000 1.487000
29.507000 31.878000 -1.327000 1.487000
30.140000 32.784000 -3.978000 1.487000
30.367000 28.054000 -3.605000 0.600000
30.174000 33.720000 -2.641000 1.487000
28.459000 29.579000 -1.166000 1.487000
31.242000 32.497000 -2.809000 1.487000
30.495000 28.612000 -0.350000 1.824000
30.557000 28.384000 1.090000 1.908000
32.015000 28.156000 1.486000 1.908000
32.416000 28.397000 2.625000 1.661200
29.715000 27.163000 1.470000 1.908000
30.216000 25.991000 0.855000 1.721000
30.089000 27.936000 -1.021000 0.600000
30.239000 29.209000 1.552000 1.387000
28.779000 27.314000 1.168000 1.387000
29.743000 27.050000 2.458000 1.387000
31.184000 26.114000 0.641000 0.600000
32.799000 27.681000 0.527000 1.824000
34.216000 27.431000 0.743000 1.908000
34.865000 28.802000 0.902000 1.908000
35.723000 29.012000 1.758000 1.661200
34.808000 26.727000 -0.478000 1.908000
35.752000 25.608000 -0.107000 1.908000
35.269000 24.496000 0.204000 1.661200
36.978000 25.845000 -0.121000 1.661200
32.319000 27.505000 -0.380000 0.600000
34.308000 26.964000 1.610000 1.387000
35.304000 27.404000 -1.011000 1.487000
34.056000 26.351000 -1.009000 1.487000
34.429000 29.738000 0.070000 1.824000
34.962000 31.089000 0.100000 1.908000
34.621000 31.795000 1.412000 1.908000
35.474000 32.463000 1.998000 1.661200
34.428000 31.882000 -1.098000 1.908000
34.933000 33.305000 -1.331000 1.908000
36.457000 33.338000 -1.279000 1.908000
34.429000 33.798000 -2.693000 1.908000
33.431000 33.788000 -2.698000 1.487000
34.757000 34.728000 -2.848000 1.487000
34.774000 33.195000 -3.410000 1.487000
33.690000 29.426000 -0.590000 0.600000
36.827000 32.739000 -1.989000 1.487000
36.775000 34.273000 -1.433000 1.487000
36.766000 33.024000 -0.382000 1.487000
35.966000 31.044000 0.019000 1.387000
34.566000 33.902000 -0.621000 1.487000
33.425000 31.933000 -1.005000 1.487000
34.639000 31.352000 -1.930000 1.487000
33.382000 31.641000 1.878000 1.824000
32.953000 32.279000 3.124000 1.908000
33.644000 31.700000 4.352000 1.908000
33.965000 32.434000 5.287000 1.661200
31.430000 32.179000 3.290000 1.908000
30.664000 32.968000 2.276000 1.908000
32.766000 31.047000 1.297000 0.600000
33.180000 33.265000 3.068000 1.387000
31.182000 32.512000 4.205000 1.487000
31.158000 31.215000 3.214000 1.487000
29.903000 32.576000 1.226000 1.908000
31.147000 34.933000 2.904000 0.600000
29.790000 35.720000 0.977000 1.359000
29.949000 34.769000 1.226000 1.908000
30.670000 34.347000 2.249000 1.824000
29.473000 33.714000 0.588000 1.824000
29.693000 31.638000 0.965000 1.409000
33.870000 30.389000 4.356000 1.824000
34.539000 29.750000 5.482000 1.908000
35.989000 30.214000 5.528000 1.908000
36.572000 30.355000 6.604000 1.661200
34.482000 28.224000 5.356000 1.908000
33.083000 27.643000 5.529000 1.908000
33.050000 26.128000 5.414000 1.908000
32.739000 27.901000 6.433000 1.487000
34.093000 30.055000 6.323000 1.387000
32.487000 28.029000 4.824000 1.487000
33.540000 29.883000 3.519000 0.600000
35.074000 27.821000 6.056000 1.487000
34.816000 27.964000 4.450000 1.487000
35.067000 26.084000 5.307000 0.600000
31.980000 25.520000 5.417000 1.661200
34.224000 25.510000 5.315000 1.824000
34.278000 24.497000 5.248000 0.600000
36.568000 30.453000 4.356000 1.824000
37.947000 30.917000 4.275000 1.908000
38.040000 32.341000 4.813000 1.908000
38.951000 32.670000 5.573000 1.661200
38.466000 30.899000 2.826000 1.908000
38.513000 29.547000 2.352000 1.721000
39.862000 31.502000 2.754000 1.908000
38.519000 30.326000 4.847000 1.387000
40.404000 31.200000 3.542000 1.487000
40.317000 31.207000 1.910000 1.487000
35.969000 30.285000 3.528000 0.600000
37.816000 31.420000 2.237000 1.387000
39.801000 32.503000 2.761000 1.487000
37.595000 29.241000 2.078000 0.600000
37.093000 33.187000 4.415000 1.824000
37.075000 34.572000 4.879000 1.908000
36.819000 34.632000 6.380000 1.908000
37.354000 35.491000 7.075000 1.661200
35.988000 35.363000 4.156000 1.908000
36.158000 35.583000 2.651000 1.908000
34.983000 36.405000 2.129000 1.908000
37.472000 36.296000 2.377000 1.908000
38.232000 35.741000 2.716000 1.487000
37.578000 36.437000 1.392000 1.487000
37.476000 37.182000 2.841000 1.487000
36.392000 32.789000 3.768000 0.600000
34.961000 37.288000 2.597000 1.487000
35.090000 36.551000 1.146000 1.487000
34.130000 35.913000 2.303000 1.487000
37.973000 34.984000 4.693000 1.387000
36.174000 34.702000 2.193000 1.487000
35.931000 36.267000 4.583000 1.487000
35.119000 34.881000 4.287000 1.487000
35.981000 33.725000 6.872000 1.824000
35.664000 33.683000 8.291000 1.908000
36.956000 33.482000 9.072000 1.908000
37.197000 34.156000 10.066000 1.661200
34.690000 32.538000 8.578000 1.908000
34.278000 32.419000 10.036000 1.908000
33.195000 31.369000 10.217000 1.908000
32.758000 31.279000 11.672000 1.908000
31.725000 30.228000 11.871000 1.824000
35.256000 34.553000 8.562000 1.387000
33.558000 31.067000 12.238000 1.100000
32.385000 32.166000 11.954000 1.100000
35.075000 32.159000 10.580000 1.487000
33.930000 33.301000 10.351000 1.487000
31.293000 30.352000 12.764000 0.600000
31.034000 30.301000 11.152000 0.600000
32.156000 29.327000 11.830000 0.600000
33.551000 30.485000 9.939000 1.487000
32.408000 31.619000 9.665000 1.487000
35.586000 33.070000 6.174000 0.600000
35.127000 31.682000 8.303000 1.487000
33.868000 32.684000 8.030000 1.487000
37.795000 32.564000 8.603000 1.824000
39.064000 32.291000 9.266000 1.908000
40.063000 33.435000 9.108000 1.908000
40.551000 33.996000 10.094000 1.661200
39.698000 31.012000 8.711000 1.908000
41.108000 30.766000 9.237000 1.908000
41.086000 30.527000 10.743000 1.908000
42.476000 30.577000 11.347000 1.908000
43.059000 31.948000 11.273000 1.824000
38.892000 32.149000 10.255000 1.387000
42.426000 30.294000 12.308000 1.100000
43.072000 29.941000 10.851000 1.100000
41.487000 29.961000 8.789000 1.487000
41.672000 31.564000 9.045000 1.487000
44.025000 31.883000 11.027000 0.600000
42.571000 32.477000 10.580000 0.600000
42.968000 32.394000 12.162000 0.600000
40.693000 29.628000 10.918000 1.487000
40.526000 31.233000 11.170000 1.487000
37.476000 32.074000 7.749000 0.600000
39.742000 31.090000 7.721000 1.487000
39.128000 30.242000 8.973000 1.487000
40.364000 33.765000 7.857000 1.824000
41.324000 34.816000 7.533000 1.908000
41.025000 36.185000 8.134000 1.908000
41.942000 36.954000 8.410000 1.661200
41.446000 34.950000 6.011000 1.908000
42.036000 33.722000 5.325000 1.908000
43.480000 33.464000 5.739000 1.908000
44.299000 34.398000 5.634000 1.661200
43.796000 32.329000 6.162000 1.661200
41.509000 32.939000 5.589000 1.487000
42.260000 34.518000 7.830000 1.387000
42.030000 33.876000 4.357000 1.487000
39.859000 33.212000 7.130000 0.600000
42.041000 35.709000 5.823000 1.487000
40.542000 35.086000 5.649000 1.487000
39.750000 36.499000 8.335000 1.824000
39.392000 37.804000 8.883000 1.908000
38.893000 37.750000 10.324000 1.908000
38.387000 38.746000 10.847000 1.661200
38.340000 38.469000 7.992000 1.908000
38.749000 38.690000 6.527000 1.908000
37.547000 39.167000 5.727000 1.908000
39.885000 39.706000 6.447000 1.908000
40.673000 39.366000 6.960000 1.487000
40.143000 39.842000 5.491000 1.487000
39.583000 40.575000 6.838000 1.487000
39.067000 35.773000 8.081000 0.600000
37.209000 40.028000 6.110000 1.487000
37.814000 39.311000 4.773000 1.487000
36.822000 38.478000 5.768000 1.487000
40.216000 38.400000 8.855000 1.387000
39.080000 37.829000 6.153000 1.487000
38.130000 39.360000 8.377000 1.487000
37.532000 37.891000 7.987000 1.487000
39.051000 36.595000 10.966000 1.824000
38.611000 36.422000 12.346000 1.908000
37.186000 36.943000 12.498000 1.908000
36.891000 37.740000 13.387000 1.661200
39.548000 37.164000 13.296000 1.908000
39.505000 35.845000 10.410000 0.600000
38.621000 35.445000 12.570000 1.387000
40.383000 36.631000 13.422000 1.487000
39.776000 38.056000 12.908000 1.487000
39.096000 37.289000 14.178000 1.487000
36.303000 36.487000 11.616000 1.824000
34.909000 36.913000 11.646000 1.908000
34.172000 36.296000 12.835000 1.908000
34.606000 35.283000 13.385000 1.661200
34.221000 36.525000 10.331000 1.908000
34.855000 37.126000 9.067000 1.908000
33.984000 36.830000 7.846000 1.908000
35.002000 38.634000 9.235000 1.908000
35.586000 38.827000 10.023000 1.487000
35.415000 39.023000 8.412000 1.487000
34.101000 39.043000 9.381000 1.487000
36.684000 35.818000 10.921000 0.600000
33.078000 37.230000 7.980000 1.487000
34.408000 37.226000 7.033000 1.487000
33.899000 35.841000 7.731000 1.487000
34.880000 37.914000 11.742000 1.387000
35.757000 36.723000 8.935000 1.487000
33.285000 36.841000 10.371000 1.487000
34.264000 35.540000 10.243000 1.487000
33.047000 36.909000 13.253000 1.824000
32.274000 36.390000 14.386000 1.908000
31.860000 34.947000 14.161000 1.908000
31.667000 34.514000 13.022000 1.661200
31.080000 37.338000 14.457000 1.908000
30.909000 37.776000 13.036000 1.908000
32.339000 38.029000 12.612000 1.908000
30.501000 37.056000 12.492000 1.487000
32.796000 36.486000 15.245000 1.387000
32.670000 38.901000 12.958000 1.387000
32.435000 37.989000 11.624000 1.387000
30.373000 38.607000 12.986000 1.487000
31.277000 38.116000 15.049000 1.487000
30.266000 36.862000 14.783000 1.487000
31.724000 34.197000 15.246000 1.824000
31.341000 32.798000 15.130000 1.908000
29.957000 32.643000 14.496000 1.908000
29.659000 31.626000 13.869000 1.661200
31.374000 32.132000 16.508000 1.908000
31.275000 30.615000 16.455000 1.908000
32.279000 29.993000 15.486000 1.908000
33.466000 30.387000 15.514000 1.661200
31.878000 29.103000 14.701000 1.661200
31.472000 30.260000 17.348000 1.487000
32.020000 32.303000 14.569000 1.387000
30.377000 30.372000 16.142000 1.487000
31.906000 34.674000 16.141000 0.600000
30.604000 32.464000 17.020000 1.487000
32.231000 32.360000 16.930000 1.487000
29.117000 33.658000 14.647000 1.824000
27.771000 33.615000 14.076000 1.908000
27.736000 34.075000 12.612000 1.908000
26.659000 34.176000 12.016000 1.661200
26.824000 34.487000 14.908000 1.908000
27.241000 35.939000 14.984000 1.908000
27.212000 36.755000 13.850000 1.908000
27.699000 36.491000 16.182000 1.908000
27.631000 38.073000 13.905000 1.908000
28.120000 37.811000 16.249000 1.908000
28.084000 38.596000 15.108000 1.908000
28.501000 39.902000 15.167000 1.721000
27.444000 32.658000 14.107000 1.387000
27.607000 38.647000 13.086000 1.459000
28.447000 38.193000 17.112000 1.459000
29.484000 34.460000 15.187000 0.600000
27.722000 35.924000 17.003000 1.459000
26.882000 36.377000 12.983000 1.459000
26.798000 34.121000 15.834000 1.487000
25.918000 34.443000 14.497000 1.487000
28.039000 40.428000 14.454000 0.600000
28.907000 34.351000 12.041000 1.824000
29.011000 34.822000 10.654000 1.908000
27.998000 34.157000 9.727000 1.908000
27.982000 32.938000 9.590000 1.661200
30.426000 34.589000 10.118000 1.908000
30.632000 35.079000 8.698000 1.908000
30.393000 36.410000 8.358000 1.908000
31.084000 34.215000 7.699000 1.908000
30.601000 36.873000 7.059000 1.908000
31.294000 34.668000 6.394000 1.908000
31.048000 36.000000 6.086000 1.908000
31.239000 36.456000 4.802000 1.721000
28.835000 35.820000 10.649000 1.387000
30.427000 37.834000 6.838000 1.459000
31.617000 34.040000 5.692000 1.459000
29.735000 34.206000 12.654000 0.600000
31.261000 33.260000 7.918000 1.459000
30.065000 37.048000 9.057000 1.459000
30.611000 33.610000 10.137000 1.487000
31.068000 35.070000 10.709000 1.487000
30.364000 36.756000 4.427000 0.600000
27.177000 34.977000 9.072000 1.824000
26.135000 34.465000 8.194000 1.908000
26.540000 33.830000 6.879000 1.908000
25.730000 33.150000 6.248000 1.661200
27.344000 35.986000 9.240000 0.600000
25.560000 33.781000 8.730000 1.387000
25.463000 35.236000 7.997000 1.387000
27.779000 34.049000 6.456000 1.824000
28.263000 33.473000 5.208000 1.908000
27.374000 33.857000 4.017000 1.908000
26.911000 33.003000 3.260000 1.661200
28.363000 31.949000 5.346000 1.908000
29.369000 31.513000 6.415000 1.908000
29.498000 30.004000 6.550000 1.908000
29.371000 29.292000 5.532000 1.661200
29.749000 29.533000 7.676000 1.661200
30.253000 31.867000 6.163000 1.487000
29.207000 33.787000 5.030000 1.387000
29.065000 31.865000 7.283000 1.487000
28.355000 34.648000 7.074000 0.600000
28.668000 31.589000 4.490000 1.487000
27.485000 31.614000 5.614000 1.487000
27.138000 35.158000 3.879000 1.824000
26.348000 35.720000 2.788000 1.908000
26.865000 37.145000 2.602000 1.908000
27.665000 37.623000 3.417000 1.661200
24.843000 35.696000 3.116000 1.908000
24.495000 36.469000 4.375000 1.908000
26.577000 35.220000 1.969000 1.387000
27.572000 35.752000 4.628000 0.600000
24.568000 34.745000 3.237000 1.487000
24.352000 36.098000 2.347000 1.487000
24.543000 37.697000 4.396000 1.661200
24.133000 35.747000 5.433000 1.824000
23.887000 36.199000 6.288000 0.600000
24.108000 34.748000 5.370000 0.600000
26.423000 37.826000 1.548000 1.824000
26.915000 39.175000 1.279000 1.908000
26.573000 40.223000 2.333000 1.908000
27.411000 41.074000 2.656000 1.661200
26.442000 39.640000 -0.101000 1.908000
26.893000 38.723000 -1.247000 1.908000
26.431000 39.291000 -2.580000 1.908000
28.406000 38.578000 -1.236000 1.908000
28.699000 38.182000 -0.365000 1.487000
28.692000 37.979000 -1.985000 1.487000
28.830000 39.477000 -1.350000 1.487000
25.732000 37.338000 0.963000 0.600000
26.827000 40.201000 -2.712000 1.487000
26.728000 38.689000 -3.322000 1.487000
25.433000 39.359000 -2.587000 1.487000
27.936000 39.131000 1.195000 1.387000
26.494000 37.820000 -1.113000 1.487000
26.820000 40.532000 -0.270000 1.487000
25.457000 39.649000 -0.100000 1.487000
25.353000 40.177000 2.865000 1.824000
24.950000 41.138000 3.888000 1.908000
25.820000 40.964000 5.142000 1.908000
26.221000 41.942000 5.779000 1.661200
23.469000 40.950000 4.234000 1.908000
24.742000 39.430000 2.503000 0.600000
25.086000 42.066000 3.536000 1.387000
23.377000 40.204000 4.891000 1.487000
23.114000 41.794000 4.632000 1.487000
22.962000 40.731000 3.403000 1.487000
26.100000 39.713000 5.489000 1.824000
26.925000 39.389000 6.652000 1.908000
28.355000 39.878000 6.428000 1.908000
29.001000 40.387000 7.337000 1.661200
26.927000 37.882000 6.886000 1.908000
25.685000 38.986000 4.867000 0.600000
26.550000 39.856000 7.456000 1.387000
27.748000 37.483000 6.480000 1.487000
26.918000 37.698000 7.868000 1.487000
26.116000 37.479000 6.463000 1.487000
28.845000 39.706000 5.209000 1.824000
30.193000 40.125000 4.871000 1.908000
30.305000 41.638000 4.942000 1.908000
31.281000 42.167000 5.470000 1.661200
30.562000 39.644000 3.470000 1.908000
31.973000 40.022000 3.020000 1.908000
32.995000 39.459000 4.007000 1.908000
32.223000 39.467000 1.622000 1.908000
31.555000 39.852000 0.986000 1.487000
33.145000 39.713000 1.326000 1.487000
32.133000 38.472000 1.637000 1.487000
28.196000 39.257000 4.535000 0.600000
32.912000 38.464000 4.039000 1.487000
33.916000 39.708000 3.709000 1.487000
32.823000 39.839000 4.915000 1.487000
30.832000 39.727000 5.537000 1.387000
32.053000 41.014000 2.994000 1.487000
29.927000 40.049000 2.829000 1.487000
30.502000 38.656000 3.459000 1.487000
29.306000 42.337000 4.408000 1.824000
29.311000 43.794000 4.440000 1.908000
29.304000 44.269000 5.885000 1.908000
30.031000 45.197000 6.251000 1.661200
28.083000 44.359000 3.724000 1.908000
27.885000 45.824000 3.973000 1.908000
26.979000 46.399000 4.822000 1.908000
28.645000 46.902000 3.407000 1.908000
27.130000 47.768000 4.818000 1.824000
28.147000 48.101000 3.960000 1.908000
29.702000 46.968000 2.484000 1.908000
28.670000 49.355000 3.624000 1.908000
30.221000 48.217000 2.148000 1.908000
29.704000 49.393000 2.719000 1.908000
30.103000 50.270000 2.456000 1.459000
30.165000 44.107000 4.021000 1.387000
26.588000 48.414000 5.352000 0.600000
30.078000 46.143000 2.075000 1.459000
30.966000 48.271000 1.495000 1.459000
28.292000 50.187000 4.037000 1.459000
26.306000 45.902000 5.365000 1.409000
28.552000 41.772000 3.983000 0.600000
27.275000 43.891000 4.052000 1.487000
28.195000 44.238000 2.748000 1.487000
28.476000 43.617000 6.697000 1.824000
28.345000 43.950000 8.107000 1.908000
29.664000 43.730000 8.839000 1.908000
30.087000 44.568000 9.631000 1.661200
27.244000 43.103000 8.754000 1.908000
27.022000 43.453000 10.214000 1.908000
26.738000 44.634000 10.505000 1.661200
27.127000 42.550000 11.069000 1.661200
27.934000 42.853000 6.237000 0.600000
28.137000 44.933000 8.165000 1.387000
27.513000 42.150000 8.690000 1.487000
26.401000 43.263000 8.255000 1.487000
30.315000 42.605000 8.566000 1.824000
31.588000 42.299000 9.208000 1.908000
32.696000 43.269000 8.781000 1.908000
33.510000 43.690000 9.601000 1.661200
32.001000 40.870000 8.898000 1.908000
29.854000 41.985000 7.879000 0.600000
31.474000 42.370000 10.210000 1.387000
31.905000 40.698000 7.917000 1.487000
32.954000 40.730000 9.167000 1.487000
31.417000 40.235000 9.404000 1.487000
32.735000 43.619000 7.502000 1.824000
33.766000 44.534000 7.019000 1.908000
33.585000 45.951000 7.556000 1.908000
34.561000 46.669000 7.761000 1.661200
33.786000 44.568000 5.484000 1.908000
34.219000 43.283000 4.771000 1.908000
34.219000 43.490000 3.256000 1.908000
35.608000 42.887000 5.246000 1.908000
35.593000 42.731000 6.234000 1.487000
35.895000 42.048000 4.783000 1.487000
36.256000 43.620000 5.036000 1.487000
32.006000 43.207000 6.905000 0.600000
34.855000 44.224000 3.022000 1.487000
34.503000 42.644000 2.806000 1.487000
33.298000 43.736000 2.955000 1.487000
34.668000 44.191000 7.325000 1.387000
33.582000 42.551000 5.003000 1.487000
34.414000 45.290000 5.204000 1.487000
32.862000 44.783000 5.173000 1.487000
32.343000 46.346000 7.815000 1.824000
32.080000 47.697000 8.297000 1.908000
31.750000 47.805000 9.785000 1.908000
31.511000 48.905000 10.288000 1.661200
30.920000 48.343000 7.502000 1.908000
29.740000 47.534000 7.631000 1.721000
31.288000 48.467000 6.019000 1.908000
32.911000 48.268000 8.117000 1.387000
32.242000 48.760000 5.934000 1.487000
31.171000 47.580000 5.570000 1.487000
31.610000 45.640000 7.651000 0.600000
30.723000 49.260000 7.900000 1.387000
30.692000 49.142000 5.582000 1.487000
29.842000 46.684000 7.105000 0.600000
31.731000 46.679000 10.490000 1.824000
31.404000 46.728000 11.904000 1.908000
31.929000 45.582000 12.744000 1.908000
31.286000 45.177000 13.712000 1.661200
31.955000 45.824000 9.973000 0.600000
31.751000 47.615000 12.296000 1.387000
30.381000 46.776000 12.008000 1.387000
33.093000 45.052000 12.377000 1.824000
33.693000 43.963000 13.126000 1.908000
35.186000 43.834000 12.850000 1.908000
36.012000 43.908000 13.762000 1.661200
33.000000 42.646000 12.781000 1.908000
33.586000 41.483000 13.491000 1.908000
34.743000 40.825000 13.179000 1.908000
33.092000 40.883000 14.688000 1.908000
35.001000 39.858000 14.113000 1.824000
34.003000 39.870000 15.053000 1.908000
31.965000 41.105000 15.493000 1.908000
33.823000 39.075000 16.192000 1.908000
31.786000 40.313000 16.629000 1.908000
32.712000 39.312000 16.964000 1.908000
32.551000 38.765000 17.785000 1.459000
33.584000 44.167000 14.110000 1.387000
35.788000 39.241000 14.114000 0.600000
31.302000 41.811000 15.267000 1.459000
30.991000 40.465000 17.202000 1.459000
34.491000 38.362000 16.420000 1.459000
35.316000 41.022000 12.385000 1.409000
33.518000 45.476000 11.533000 0.600000
33.091000 42.483000 11.807000 1.487000
32.046000 42.710000 13.042000 1.487000
35.513000 43.632000 11.580000 1.824000
36.883000 43.462000 11.123000 1.908000
37.859000 44.548000 11.563000 1.908000
37.501000 45.719000 11.698000 1.661200
36.910000 43.346000 9.584000 1.908000
38.328000 43.479000 9.062000 1.908000
36.323000 42.004000 9.176000 1.908000
37.228000 42.569000 11.490000 1.387000
38.452000 44.383000 8.651000 1.487000
35.325000 42.072000 9.156000 1.487000
36.388000 44.110000 9.216000 1.487000
38.976000 43.367000 9.816000 1.487000
38.500000 42.776000 8.371000 1.487000
34.689000 43.605000 10.927000 0.600000
36.661000 41.758000 8.268000 1.487000
36.600000 41.307000 9.838000 1.487000
39.102000 44.131000 11.779000 1.824000
40.176000 45.025000 12.196000 1.908000
40.870000 45.594000 10.960000 1.908000
40.955000 44.929000 9.930000 1.661200
41.198000 44.248000 13.033000 1.908000
42.392000 45.066000 13.514000 1.908000
43.587000 44.192000 13.880000 1.908000
43.393000 43.149000 14.547000 1.661200
44.723000 44.551000 13.503000 1.661200
42.673000 45.659000 12.786000 1.487000
39.802000 45.774000 12.743000 1.387000
42.127000 45.555000 14.321000 1.487000
39.244000 43.105000 11.624000 0.600000
41.547000 43.513000 12.474000 1.487000
40.731000 43.905000 13.833000 1.487000
41.366000 46.822000 11.077000 1.824000
42.075000 47.497000 9.992000 1.908000
43.396000 48.074000 10.520000 1.908000
43.587000 48.184000 11.729000 1.661200
41.202000 48.619000 9.421000 1.908000
40.001000 48.101000 8.663000 1.908000
40.167000 47.369000 7.489000 1.908000
38.703000 48.307000 9.134000 1.908000
39.082000 46.851000 6.803000 1.908000
37.598000 47.790000 8.449000 1.908000
37.800000 47.059000 7.282000 1.908000
36.737000 46.518000 6.591000 1.721000
42.294000 46.822000 9.287000 1.387000
39.224000 46.324000 5.960000 1.459000
36.678000 47.945000 8.794000 1.459000
41.206000 47.264000 12.012000 0.600000
38.559000 48.828000 9.969000 1.459000
41.093000 47.215000 7.133000 1.459000
41.756000 49.158000 8.798000 1.487000
40.879000 49.177000 10.175000 1.487000
35.903000 46.646000 7.123000 0.600000
44.335000 48.421000 9.624000 1.824000
44.259000 48.315000 8.163000 1.908000
44.190000 46.848000 7.780000 1.908000
44.558000 45.977000 8.569000 1.661200
45.566000 48.956000 7.695000 1.908000
45.907000 49.899000 8.808000 1.908000
45.585000 49.084000 10.027000 1.908000
46.870000 50.139000 8.780000 1.487000
43.472000 48.818000 7.810000 1.387000
45.436000 49.661000 10.825000 1.387000
46.293000 48.412000 10.216000 1.387000
45.342000 50.713000 8.761000 1.487000
45.433000 49.449000 6.838000 1.487000
46.279000 48.266000 7.581000 1.487000
43.735000 46.577000 6.564000 1.824000
43.613000 45.206000 6.099000 1.908000
44.143000 45.038000 4.686000 1.908000
43.959000 45.902000 3.825000 1.661200
42.144000 44.765000 6.145000 1.908000
41.733000 43.493000 5.393000 1.908000
42.428000 42.278000 5.988000 1.908000
40.217000 43.331000 5.462000 1.908000
39.778000 44.124000 5.041000 1.487000
39.948000 42.502000 4.972000 1.487000
39.933000 43.260000 6.418000 1.487000
43.483000 47.404000 5.994000 0.600000
42.172000 42.184000 6.951000 1.487000
42.152000 41.456000 5.489000 1.487000
43.420000 42.391000 5.918000 1.487000
44.149000 44.608000 6.714000 1.387000
41.991000 43.588000 4.433000 1.487000
41.589000 45.519000 5.777000 1.487000
41.898000 44.629000 7.112000 1.487000
44.811000 43.915000 4.464000 1.824000
45.344000 43.585000 3.158000 1.908000
44.767000 42.233000 2.792000 1.908000
44.970000 41.245000 3.499000 1.661200
46.878000 43.491000 3.168000 1.908000
47.373000 42.814000 1.892000 1.908000
47.468000 44.883000 3.285000 1.908000
45.011000 44.251000 2.504000 1.387000
47.161000 43.393000 1.106000 1.487000
47.216000 45.278000 4.169000 1.487000
47.143000 42.906000 3.926000 1.487000
48.361000 42.678000 1.951000 1.487000
46.919000 41.930000 1.788000 1.487000
44.917000 43.301000 5.300000 0.600000
48.465000 44.829000 3.215000 1.487000
47.112000 45.459000 2.548000 1.487000
44.020000 42.207000 1.698000 1.824000
43.418000 40.980000 1.213000 1.908000
44.166000 40.558000 -0.038000 1.908000
44.174000 41.283000 -1.032000 1.661200
41.942000 41.212000 0.882000 1.908000
41.225000 40.081000 0.135000 1.908000
41.263000 38.787000 0.955000 1.908000
39.791000 40.509000 -0.146000 1.908000
39.793000 41.337000 -0.707000 1.487000
39.313000 39.778000 -0.633000 1.487000
39.322000 40.694000 0.717000 1.487000
43.906000 43.129000 1.227000 0.600000
40.808000 38.939000 1.831000 1.487000
40.792000 38.064000 0.452000 1.487000
42.214000 38.523000 1.111000 1.487000
43.528000 40.270000 1.903000 1.387000
41.680000 39.929000 -0.740000 1.487000
41.880000 42.028000 0.314000 1.487000
41.455000 41.355000 1.740000 1.487000
44.807000 39.396000 0.017000 1.824000
45.544000 38.882000 -1.133000 1.908000
44.736000 37.737000 -1.742000 1.908000
44.686000 36.639000 -1.191000 1.661200
46.916000 38.375000 -0.700000 1.908000
47.862000 38.089000 -1.855000 1.908000
49.134000 37.399000 -1.401000 1.908000
49.655000 37.760000 -0.321000 1.661200
49.616000 36.501000 -2.125000 1.661200
47.407000 37.490000 -2.485000 1.487000
45.664000 39.602000 -1.809000 1.387000
48.118000 38.943000 -2.265000 1.487000
44.740000 38.900000 0.923000 0.600000
46.785000 37.533000 -0.207000 1.487000
47.331000 39.071000 -0.141000 1.487000
44.102000 37.998000 -2.879000 1.824000
43.285000 36.988000 -3.541000 1.908000
44.048000 36.389000 -4.713000 1.908000
44.161000 37.016000 -5.761000 1.661200
41.990000 37.625000 -4.051000 1.908000
40.882000 36.656000 -4.316000 1.908000
40.992000 35.399000 -4.833000 1.908000
39.482000 36.884000 -4.113000 1.908000
39.747000 34.829000 -4.965000 1.824000
38.803000 35.720000 -4.530000 1.908000
38.736000 37.962000 -3.620000 1.908000
37.410000 35.601000 -4.469000 1.908000
37.350000 37.842000 -3.560000 1.908000
36.703000 36.668000 -3.983000 1.908000
35.706000 36.623000 -3.923000 1.459000
43.113000 36.252000 -2.882000 1.387000
39.562000 33.914000 -5.320000 0.600000
39.179000 38.799000 -3.316000 1.459000
36.814000 38.603000 -3.212000 1.459000
36.963000 34.756000 -4.776000 1.459000
41.850000 34.952000 -5.082000 1.409000
44.235000 38.958000 -3.245000 0.600000
42.181000 38.099000 -4.907000 1.487000
41.661000 38.273000 -3.369000 1.487000
44.558000 35.175000 -4.532000 1.824000
45.319000 34.486000 -5.571000 1.908000
44.408000 33.630000 -6.444000 1.908000
43.338000 33.206000 -6.007000 1.661200
46.370000 33.575000 -4.938000 1.908000
47.348000 34.275000 -4.022000 1.908000
48.124000 33.259000 -3.201000 1.908000
49.104000 33.902000 -2.332000 1.824000
49.814000 33.269000 -1.404000 1.908000
49.656000 31.965000 -1.215000 1.824000
50.685000 33.944000 -0.663000 1.824000
46.856000 34.867000 -3.395000 1.487000
45.769000 35.174000 -6.154000 1.387000
49.253000 34.893000 -2.443000 0.600000
47.997000 34.799000 -4.561000 1.487000
51.208000 33.480000 0.048000 0.600000
50.819000 34.926000 -0.819000 0.600000
44.370000 34.761000 -3.594000 0.600000
48.593000 32.646000 -3.831000 1.387000
47.474000 32.749000 -2.645000 1.387000
50.188000 31.501000 -0.494000 0.600000
49.020000 31.446000 -1.778000 0.600000
46.888000 33.141000 -5.675000 1.487000
45.893000 32.873000 -4.409000 1.487000
44.853000 33.362000 -7.669000 1.824000
44.088000 32.543000 -8.601000 1.908000
42.622000 32.949000 -8.583000 1.908000
41.748000 32.090000 -8.460000 1.661200
44.192000 31.068000 -8.212000 1.908000
45.606000 30.552000 -8.040000 1.908000
46.448000 30.744000 -9.282000 1.908000
46.038000 31.042000 -7.283000 1.487000
44.443000 32.711000 -9.526000 1.387000
45.569000 29.576000 -7.827000 1.487000
45.776000 33.780000 -7.898000 0.600000
43.742000 30.516000 -8.924000 1.487000
43.700000 30.930000 -7.345000 1.487000
47.898000 31.609000 -8.170000 0.600000
46.042000 30.377000 -10.384000 1.661200
47.633000 31.320000 -9.110000 1.824000
48.261000 31.470000 -9.899000 0.600000
42.354000 34.248000 -8.706000 1.824000
40.982000 34.741000 -8.676000 1.908000
40.088000 34.047000 -9.694000 1.908000
39.033000 33.516000 -9.341000 1.661200
40.931000 36.248000 -8.924000 1.908000
39.538000 36.811000 -8.900000 1.908000
38.873000 37.007000 -7.690000 1.908000
38.872000 37.108000 -10.086000 1.908000
37.567000 37.488000 -7.661000 1.908000
37.563000 37.590000 -10.069000 1.908000
36.908000 37.781000 -8.854000 1.908000
35.974000 38.126000 -8.834000 1.459000
40.610000 34.519000 -7.761000 1.387000
37.105000 37.621000 -6.779000 1.459000
37.095000 37.797000 -10.940000 1.459000
43.182000 34.857000 -8.821000 0.600000
39.336000 36.976000 -10.961000 1.459000
39.336000 36.802000 -6.833000 1.459000
41.316000 36.422000 -9.817000 1.487000
41.452000 36.690000 -8.212000 1.487000
40.509000 34.064000 -10.954000 1.824000
39.741000 33.439000 -12.021000 1.908000
39.357000 32.007000 -11.698000 1.908000
38.219000 31.603000 -11.931000 1.661200
40.520000 33.481000 -13.336000 1.908000
40.526000 34.847000 -13.990000 1.908000
39.125000 35.372000 -14.249000 1.908000
38.369000 34.705000 -14.990000 1.661200
38.783000 36.451000 -13.711000 1.661200
40.971000 35.480000 -13.385000 1.487000
38.902000 33.982000 -12.196000 1.387000
40.979000 34.776000 -14.858000 1.487000
41.413000 34.551000 -11.106000 0.600000
40.092000 32.852000 -13.957000 1.487000
41.451000 33.238000 -13.139000 1.487000
40.300000 31.237000 -11.166000 1.824000
40.009000 29.856000 -10.818000 1.908000
38.886000 29.785000 -9.790000 1.908000
38.009000 28.925000 -9.882000 1.661200
41.255000 29.156000 -10.272000 1.908000
42.314000 28.859000 -11.327000 1.908000
43.347000 27.852000 -10.850000 1.908000
41.863000 28.491000 -12.139000 1.487000
39.694000 29.383000 -11.648000 1.387000
42.782000 29.710000 -11.559000 1.487000
41.215000 31.689000 -11.029000 0.600000
40.980000 28.286000 -9.856000 1.487000
41.671000 29.739000 -9.571000 1.487000
44.831000 29.141000 -11.320000 0.600000
43.001000 26.751000 -10.416000 1.661200
44.621000 28.221000 -10.933000 1.824000
45.367000 27.603000 -10.619000 0.600000
38.904000 30.693000 -8.816000 1.824000
37.869000 30.699000 -7.787000 1.908000
36.548000 31.187000 -8.373000 1.908000
35.473000 30.816000 -7.900000 1.661200
38.283000 31.581000 -6.598000 1.908000
38.387000 32.948000 -6.958000 1.721000
39.684000 31.365000 -8.853000 0.600000
37.737000 29.756000 -7.471000 1.387000
39.169000 31.265000 -6.262000 1.387000
37.598000 31.485000 -5.877000 1.387000
38.632000 33.020000 -7.924000 0.600000
36.634000 32.012000 -9.411000 1.824000
35.443000 32.536000 -10.067000 1.908000
34.701000 31.412000 -10.780000 1.908000
33.471000 31.414000 -10.852000 1.661200
35.825000 33.631000 -11.071000 1.908000
34.717000 33.981000 -12.059000 1.908000
34.944000 35.324000 -12.743000 1.908000
34.712000 36.479000 -11.771000 1.908000
34.777000 37.819000 -12.426000 1.824000
34.836000 32.934000 -9.373000 1.387000
33.806000 36.365000 -11.345000 1.100000
35.409000 36.435000 -11.044000 1.100000
34.670000 33.265000 -12.762000 1.487000
33.841000 34.012000 -11.569000 1.487000
34.578000 37.720000 -13.400000 0.600000
34.103000 38.424000 -12.005000 0.600000
35.693000 38.200000 -12.307000 0.600000
34.306000 35.414000 -13.497000 1.487000
35.881000 35.367000 -13.065000 1.487000
37.601000 32.245000 -9.706000 0.600000
36.618000 33.316000 -11.588000 1.487000
36.059000 34.454000 -10.559000 1.487000
35.457000 30.448000 -11.294000 1.824000
34.877000 29.319000 -12.008000 1.908000
34.185000 28.330000 -11.076000 1.908000
33.126000 27.797000 -11.400000 1.661200
35.961000 28.583000 -12.798000 1.908000
36.675000 29.434000 -13.834000 1.908000
37.751000 28.660000 -14.576000 1.908000
37.697000 28.514000 -15.799000 1.661200
38.736000 28.159000 -13.837000 1.824000
36.006000 29.762000 -14.498000 1.487000
34.178000 29.679000 -12.647000 1.387000
37.102000 30.211000 -13.374000 1.487000
36.478000 30.568000 -11.144000 0.600000
38.721000 28.332000 -12.833000 0.600000
39.486000 27.616000 -14.264000 0.600000
35.539000 27.803000 -13.272000 1.487000
36.648000 28.235000 -12.153000 1.487000
34.784000 28.086000 -9.917000 1.824000
34.223000 27.136000 -8.967000 1.908000
33.190000 27.737000 -8.019000 1.908000
32.689000 27.052000 -7.125000 1.661200
35.352000 26.485000 -8.166000 1.908000
36.374000 25.723000 -9.016000 1.908000
37.434000 25.093000 -8.127000 1.908000
35.657000 24.655000 -9.825000 1.908000
34.980000 25.085000 -10.423000 1.487000
36.320000 24.154000 -10.382000 1.487000
35.196000 24.018000 -9.207000 1.487000
35.658000 28.615000 -9.754000 0.600000
37.001000 24.455000 -7.489000 1.487000
38.095000 24.598000 -8.692000 1.487000
37.908000 25.808000 -7.611000 1.487000
33.773000 26.385000 -9.490000 1.387000
36.807000 26.361000 -9.650000 1.487000
34.949000 25.839000 -7.537000 1.487000
35.840000 27.200000 -7.687000 1.487000
32.869000 29.012000 -8.212000 1.824000
31.886000 29.674000 -7.365000 1.908000
30.763000 30.269000 -8.201000 1.908000
29.869000 30.924000 -7.669000 1.661200
32.517000 30.808000 -6.536000 1.908000
33.039000 31.810000 -7.416000 1.721000
33.632000 30.266000 -5.656000 1.908000
31.489000 28.990000 -6.741000 1.387000
33.987000 29.411000 -6.043000 1.487000
34.378000 30.935000 -5.600000 1.487000
33.363000 29.477000 -8.992000 0.600000
31.792000 31.236000 -5.960000 1.387000
33.282000 30.087000 -4.733000 1.487000
33.978000 31.578000 -7.693000 0.600000
30.820000 30.043000 -9.510000 1.824000
29.806000 30.558000 -10.424000 1.908000
29.649000 32.068000 -10.278000 1.908000
28.569000 32.559000 -9.949000 1.661200
28.465000 29.873000 -10.155000 1.908000
28.491000 28.370000 -10.352000 1.908000
27.149000 27.724000 -10.063000 1.908000
26.726000 27.725000 -8.886000 1.661200
26.515000 27.220000 -11.017000 1.661200
28.713000 28.184000 -11.290000 1.487000
30.063000 30.338000 -11.374000 1.387000
29.145000 27.985000 -9.728000 1.487000
31.635000 29.478000 -9.820000 0.600000
27.807000 30.247000 -10.783000 1.487000
28.223000 30.049000 -9.217000 1.487000
30.734000 32.796000 -10.525000 1.824000
30.744000 34.254000 -10.428000 1.908000
30.493000 34.802000 -9.028000 1.908000
30.609000 36.009000 -8.804000 1.661200
29.728000 34.868000 -11.394000 1.908000
30.387000 35.486000 -12.612000 1.908000
31.677000 34.563000 -10.704000 1.387000
31.576000 32.239000 -10.793000 0.600000
29.224000 35.577000 -10.910000 1.487000
29.109000 34.150000 -11.697000 1.487000
30.916000 34.782000 -13.473000 1.661200
30.371000 36.812000 -12.682000 1.824000
30.785000 37.280000 -13.463000 0.600000
29.944000 37.347000 -11.951000 0.600000
30.144000 33.926000 -8.091000 1.824000
29.909000 34.377000 -6.733000 1.908000
31.162000 35.049000 -6.202000 1.908000
31.103000 35.918000 -5.336000 1.661200
30.061000 32.951000 -8.404000 0.600000
29.150000 35.030000 -6.719000 1.387000
29.679000 33.595000 -6.151000 1.387000
32.308000 34.640000 -6.734000 1.824000
33.581000 35.207000 -6.320000 1.908000
33.596000 36.700000 -6.605000 1.908000
34.161000 37.479000 -5.844000 1.661200
34.721000 34.524000 -7.058000 1.908000
32.215000 33.898000 -7.454000 0.600000
33.695000 35.067000 -5.333000 1.387000
34.618000 33.532000 -6.989000 1.487000
34.706000 34.793000 -8.021000 1.487000
35.594000 34.795000 -6.652000 1.487000
32.967000 37.098000 -7.705000 1.824000
32.922000 38.502000 -8.083000 1.908000
32.079000 39.321000 -7.117000 1.908000
32.450000 40.432000 -6.752000 1.661200
32.359000 38.657000 -9.497000 1.908000
32.474000 40.064000 -10.059000 1.908000
33.919000 40.530000 -10.192000 1.908000
34.803000 39.690000 -10.453000 1.661200
34.170000 41.742000 -10.054000 1.661200
32.079000 40.072000 -10.958000 1.487000
33.861000 38.877000 -8.109000 1.387000
32.022000 40.683000 -9.445000 1.487000
32.523000 36.339000 -8.255000 0.600000
31.403000 38.425000 -9.466000 1.487000
32.867000 38.056000 -10.089000 1.487000
30.941000 38.774000 -6.709000 1.824000
30.060000 39.485000 -5.792000 1.908000
30.754000 39.700000 -4.448000 1.908000
30.549000 40.717000 -3.794000 1.661200
28.749000 38.710000 -5.602000 1.908000
28.993000 37.388000 -5.159000 1.721000
30.742000 37.833000 -7.086000 0.600000
29.862000 40.388000 -6.183000 1.387000
28.270000 38.678000 -6.475000 1.387000
28.194000 39.184000 -4.924000 1.387000
29.379000 36.851000 -5.908000 0.600000
31.582000 38.743000 -4.044000 1.824000
32.305000 38.868000 -2.784000 1.908000
33.354000 39.972000 -2.914000 1.908000
33.495000 40.805000 -2.018000 1.661200
32.989000 37.540000 -2.395000 1.908000
33.892000 37.747000 -1.190000 1.908000
31.931000 36.489000 -2.080000 1.908000
31.656000 39.142000 -2.074000 1.387000
33.393000 37.517000 -0.354000 1.487000
31.191000 36.556000 -2.749000 1.487000
33.571000 37.268000 -3.154000 1.487000
34.697000 37.158000 -1.269000 1.487000
34.183000 38.703000 -1.150000 1.487000
31.665000 37.933000 -4.678000 0.600000
32.346000 35.581000 -2.126000 1.487000
31.571000 36.649000 -1.161000 1.487000
34.081000 39.981000 -4.033000 1.824000
35.093000 41.011000 -4.282000 1.908000
34.420000 42.381000 -4.267000 1.908000
34.957000 43.350000 -3.737000 1.661200
35.767000 40.793000 -5.646000 1.908000
36.765000 41.864000 -6.121000 1.908000
37.970000 41.908000 -5.187000 1.908000
37.225000 41.550000 -7.538000 1.908000
36.435000 41.540000 -8.152000 1.487000
37.873000 42.248000 -7.842000 1.487000
37.670000 40.655000 -7.555000 1.487000
33.872000 39.213000 -4.696000 0.600000
38.422000 41.016000 -5.184000 1.487000
38.612000 42.606000 -5.504000 1.487000
37.666000 42.130000 -4.261000 1.487000
35.767000 40.980000 -3.547000 1.387000
36.310000 42.750000 -6.119000 1.487000
35.047000 40.734000 -6.336000 1.487000
36.264000 39.926000 -5.605000 1.487000
33.230000 42.447000 -4.853000 1.824000
32.466000 43.681000 -4.920000 1.908000
32.226000 44.271000 -3.530000 1.908000
32.361000 45.476000 -3.333000 1.661200
31.132000 43.409000 -5.617000 1.908000
30.321000 44.642000 -5.950000 1.908000
31.095000 45.647000 -6.789000 1.908000
29.506000 44.367000 -6.461000 1.487000
33.001000 44.354000 -5.448000 1.387000
30.044000 45.089000 -5.099000 1.487000
32.896000 41.544000 -5.256000 0.600000
30.575000 42.818000 -5.021000 1.487000
31.315000 42.912000 -6.473000 1.487000
30.137000 47.164000 -5.855000 0.600000
31.904000 45.275000 -7.644000 1.661200
30.836000 46.931000 -6.557000 1.824000
31.325000 47.663000 -7.071000 0.600000
31.867000 43.423000 -2.569000 1.824000
31.621000 43.885000 -1.207000 1.908000
32.902000 44.520000 -0.650000 1.908000
32.869000 45.610000 -0.074000 1.661200
31.159000 42.709000 -0.296000 1.908000
30.897000 43.200000 1.123000 1.908000
29.896000 42.080000 -0.866000 1.908000
30.917000 44.593000 -1.236000 1.387000
31.768000 43.343000 1.592000 1.487000
29.394000 41.623000 -0.132000 1.487000
31.909000 42.059000 -0.249000 1.487000
30.391000 44.061000 1.089000 1.487000
30.360000 42.517000 1.618000 1.487000
31.780000 42.436000 -2.865000 0.600000
29.325000 42.794000 -1.270000 1.487000
30.147000 41.413000 -1.567000 1.487000
34.031000 43.843000 -0.836000 1.824000
35.312000 44.364000 -0.369000 1.908000
35.587000 45.718000 -1.005000 1.908000
36.010000 46.659000 -0.336000 1.661200
36.440000 43.398000 -0.727000 1.908000
36.585000 42.260000 0.232000 1.908000
37.261000 42.434000 1.437000 1.908000
36.027000 41.018000 -0.054000 1.908000
37.381000 41.386000 2.346000 1.908000
36.140000 39.964000 0.846000 1.908000
36.822000 40.152000 2.053000 1.908000
36.904000 39.397000 2.701000 1.459000
35.223000 44.518000 0.618000 1.387000
37.875000 41.533000 3.209000 1.459000
35.732000 39.067000 0.627000 1.459000
33.925000 42.938000 -1.328000 0.600000
35.539000 40.882000 -0.915000 1.459000
37.664000 43.317000 1.656000 1.459000
37.286000 43.910000 -0.729000 1.487000
36.245000 43.025000 -1.622000 1.487000
35.336000 45.820000 -2.304000 1.824000
35.575000 47.072000 -3.003000 1.908000
34.637000 48.182000 -2.581000 1.908000
35.030000 49.346000 -2.544000 1.661200
35.495000 46.864000 -4.512000 1.908000
36.733000 46.211000 -5.063000 1.908000
37.124000 46.868000 -6.371000 1.908000
36.428000 46.274000 -7.495000 1.824000
36.229000 46.884000 -8.657000 1.908000
36.667000 48.121000 -8.855000 1.824000
35.601000 46.242000 -9.624000 1.824000
36.558000 45.250000 -5.240000 1.487000
36.532000 47.368000 -2.819000 1.387000
36.070000 45.337000 -7.391000 0.600000
37.485000 46.319000 -4.425000 1.487000
35.427000 46.697000 -10.503000 0.600000
35.295000 45.297000 -9.490000 0.600000
34.972000 44.967000 -2.753000 0.600000
38.107000 46.756000 -6.490000 1.387000
36.895000 47.836000 -6.311000 1.387000
36.491000 48.576000 -9.736000 0.600000
37.169000 48.599000 -8.139000 0.600000
35.388000 47.750000 -4.941000 1.487000
34.718000 46.280000 -4.703000 1.487000
33.395000 47.828000 -2.268000 1.824000
32.430000 48.820000 -1.836000 1.908000
32.771000 49.310000 -0.429000 1.908000
32.560000 50.483000 -0.107000 1.661200
31.012000 48.237000 -1.896000 1.908000
30.461000 48.201000 -3.321000 1.908000
29.096000 47.544000 -3.435000 1.908000
28.219000 47.846000 -2.605000 1.661200
28.898000 46.737000 -4.369000 1.661200
30.372000 49.131000 -3.638000 1.487000
32.433000 49.601000 -2.468000 1.387000
31.088000 47.684000 -3.879000 1.487000
33.190000 46.820000 -2.358000 0.600000
30.429000 48.813000 -1.368000 1.487000
31.053000 47.318000 -1.571000 1.487000
33.316000 48.422000 0.402000 1.824000
33.693000 48.804000 1.761000 1.908000
34.865000 49.781000 1.697000 1.908000
34.946000 50.723000 2.487000 1.661200
34.076000 47.568000 2.583000 1.908000
33.443000 47.475000 0.014000 0.600000
32.919000 49.262000 2.196000 1.387000
33.518000 46.794000 2.292000 1.487000
35.041000 47.361000 2.436000 1.487000
33.915000 47.754000 3.550000 1.487000
35.773000 49.558000 0.753000 1.824000
36.915000 50.453000 0.608000 1.908000
36.397000 51.794000 0.106000 1.908000
36.788000 52.845000 0.606000 1.661200
37.937000 49.886000 -0.387000 1.908000
39.331000 50.512000 -0.279000 1.908000
39.342000 51.987000 -0.653000 1.908000
40.618000 52.677000 -0.177000 1.908000
41.840000 51.991000 -0.677000 1.824000
37.342000 50.585000 1.498000 1.387000
40.613000 53.625000 -0.505000 1.100000
40.628000 52.680000 0.826000 1.100000
39.655000 50.414000 0.666000 1.487000
39.955000 50.017000 -0.889000 1.487000
42.481000 52.671000 -1.032000 0.600000
42.268000 51.487000 0.073000 0.600000
41.589000 51.356000 -1.407000 0.600000
38.564000 52.435000 -0.226000 1.487000
39.290000 52.070000 -1.643000 1.487000
35.606000 48.735000 0.160000 0.600000
37.595000 50.046000 -1.310000 1.487000
38.023000 48.907000 -0.222000 1.487000
35.508000 51.748000 -0.881000 1.824000
34.941000 52.962000 -1.452000 1.908000
34.357000 53.859000 -0.371000 1.908000
34.376000 55.083000 -0.492000 1.661200
33.865000 52.609000 -2.477000 1.908000
35.260000 50.793000 -1.201000 0.600000
35.672000 53.468000 -1.930000 1.387000
33.497000 51.703000 -2.273000 1.487000
33.131000 53.285000 -2.434000 1.487000
34.266000 52.609000 -3.392000 1.487000
33.841000 53.257000 0.695000 1.824000
33.256000 54.047000 1.766000 1.908000
34.196000 54.416000 2.906000 1.908000
33.773000 55.048000 3.874000 1.661200
32.014000 53.352000 2.323000 1.908000
30.767000 53.626000 1.505000 1.908000
29.530000 53.013000 2.118000 1.908000
29.297000 53.238000 3.325000 1.661200
28.789000 52.315000 1.392000 1.661200
30.631000 54.598000 1.466000 1.487000
32.858000 54.909000 1.370000 1.387000
30.887000 53.229000 0.614000 1.487000
33.891000 52.230000 0.693000 0.600000
31.860000 53.694000 3.228000 1.487000
32.179000 52.386000 2.304000 1.487000
35.464000 54.032000 2.807000 1.824000
36.393000 54.401000 3.859000 1.908000
37.165000 53.296000 4.546000 1.908000
38.124000 53.572000 5.264000 1.661200
35.706000 53.490000 1.977000 0.600000
37.070000 55.091000 3.476000 1.387000
35.877000 54.944000 4.580000 1.387000
36.759000 52.046000 4.356000 1.824000
37.478000 50.955000 4.993000 1.908000
38.894000 50.927000 4.423000 1.908000
39.083000 50.911000 3.205000 1.661200
36.772000 49.634000 4.729000 1.908000
35.939000 51.929000 3.753000 0.600000
37.533000 51.127000 5.973000 1.387000
36.343000 49.309000 5.572000 1.487000
36.070000 49.764000 4.029000 1.487000
37.436000 48.957000 4.412000 1.487000
39.886000 50.945000 5.307000 1.824000
41.279000 50.918000 4.890000 1.908000
41.609000 49.494000 4.458000 1.908000
42.150000 48.709000 5.227000 1.661200
42.177000 51.354000 6.049000 1.908000
43.637000 51.431000 5.663000 1.908000
44.422000 51.996000 6.451000 1.661200
44.006000 50.925000 4.582000 1.661200
39.584000 50.979000 6.300000 0.600000
41.361000 51.495000 4.082000 1.387000
42.072000 50.692000 6.783000 1.487000
41.876000 52.253000 6.348000 1.487000
41.265000 49.174000 3.218000 1.824000
41.494000 47.848000 2.672000 1.908000
42.313000 47.901000 1.395000 1.908000
41.978000 48.638000 0.470000 1.661200
40.166000 47.153000 2.301000 1.908000
39.232000 47.100000 3.506000 1.908000
40.449000 45.748000 1.783000 1.908000
37.836000 46.606000 3.163000 1.908000
42.051000 47.353000 3.352000 1.387000
39.587000 45.324000 1.513000 1.487000
41.061000 45.811000 0.997000 1.487000
39.728000 47.695000 1.591000 1.487000
39.628000 46.494000 4.191000 1.487000
39.158000 48.018000 3.889000 1.487000
37.898000 45.684000 2.787000 1.487000
40.822000 49.948000 2.677000 0.600000
37.279000 46.596000 3.991000 1.487000
40.879000 45.217000 2.510000 1.487000
37.428000 47.219000 2.490000 1.487000
43.381000 47.118000 1.347000 1.824000
44.206000 47.035000 0.150000 1.908000
43.906000 45.657000 -0.425000 1.908000
44.022000 44.649000 0.274000 1.661200
45.713000 47.119000 0.468000 1.908000
46.003000 48.373000 1.098000 1.721000
46.527000 47.012000 -0.810000 1.908000
43.906000 47.715000 -0.493000 1.387000
47.425000 46.611000 -0.610000 1.487000
46.048000 46.430000 -1.472000 1.487000
43.573000 46.583000 2.214000 0.600000
45.953000 46.372000 1.120000 1.387000
46.657000 47.923000 -1.209000 1.487000
45.862000 48.306000 2.091000 0.600000
43.503000 45.615000 -1.689000 1.824000
43.183000 44.354000 -2.334000 1.908000
44.262000 44.015000 -3.344000 1.908000
44.633000 44.845000 -4.167000 1.661200
41.821000 44.431000 -3.060000 1.908000
40.719000 44.812000 -2.066000 1.908000
41.500000 43.092000 -3.712000 1.908000
39.341000 44.969000 -2.714000 1.908000
43.225000 43.653000 -1.621000 1.387000
40.630000 43.168000 -4.194000 1.487000
42.228000 42.863000 -4.354000 1.487000
41.880000 45.146000 -3.744000 1.487000
40.662000 44.107000 -1.366000 1.487000
40.965000 45.678000 -1.639000 1.487000
39.083000 44.105000 -3.137000 1.487000
43.439000 46.536000 -2.159000 0.600000
38.680000 45.216000 -2.011000 1.487000
41.438000 42.394000 -3.002000 1.487000
39.389000 45.686000 -3.404000 1.487000
44.770000 42.793000 -3.269000 1.824000
45.799000 42.343000 -4.187000 1.908000
45.271000 41.165000 -4.983000 1.908000
45.068000 40.072000 -4.444000 1.661200
47.073000 41.903000 -3.446000 1.908000
47.644000 43.077000 -2.651000 1.908000
48.103000 41.385000 -4.452000 1.908000
48.872000 42.720000 -1.836000 1.908000
45.944000 43.087000 -4.838000 1.387000
48.913000 41.084000 -3.954000 1.487000
47.704000 40.622000 -4.954000 1.487000
46.824000 41.188000 -2.804000 1.487000
47.881000 43.807000 -3.289000 1.487000
46.935000 43.410000 -2.031000 1.487000
49.591000 42.395000 -2.448000 1.487000
44.374000 42.201000 -2.512000 0.600000
49.189000 43.530000 -1.346000 1.487000
48.338000 42.124000 -5.078000 1.487000
48.637000 42.002000 -1.183000 1.487000
45.043000 41.399000 -6.270000 1.824000
44.543000 40.363000 -7.154000 1.908000
45.693000 39.742000 -7.936000 1.908000
46.199000 40.320000 -8.898000 1.661200
43.508000 40.948000 -8.116000 1.908000
42.227000 41.469000 -7.461000 1.908000
41.356000 42.143000 -8.503000 1.908000
41.480000 40.315000 -6.806000 1.908000
42.060000 39.894000 -6.109000 1.487000
40.643000 40.658000 -6.379000 1.487000
41.244000 39.633000 -7.499000 1.487000
45.251000 42.370000 -6.579000 0.600000
41.116000 41.485000 -9.219000 1.487000
40.518000 42.484000 -8.073000 1.487000
41.852000 42.910000 -8.913000 1.487000
44.113000 39.644000 -6.601000 1.387000
42.471000 42.126000 -6.752000 1.487000
43.247000 40.236000 -8.755000 1.487000
43.929000 41.711000 -8.592000 1.487000
46.113000 38.564000 -7.500000 1.824000
47.191000 37.847000 -8.157000 1.908000
46.622000 36.568000 -8.761000 1.908000
45.377000 36.474000 -8.865000 1.661200
48.302000 37.521000 -7.153000 1.908000
47.800000 36.833000 -6.018000 1.721000
47.421000 35.683000 -9.129000 1.661200
45.612000 38.205000 -6.662000 0.600000
47.536000 38.411000 -8.904000 1.387000
48.723000 38.375000 -6.854000 1.387000
48.983000 36.948000 -7.604000 1.387000
46.805000 36.915000 -5.993000 0.600000
