0 2.597519418081e+01
1 5.602488854953e+00
2 3.737104512390e+00
3 1.769571020485e+01
4 5.183714416332e+00
5 0.000000000000e+00
6 0.000000000000e+00
7 0.000000000000e+00
8 2.381183336382e+00
9 1.101188244015e+01
10 1.204286562756e+01
11 7.722957318231e+00
12 9.547738011498e+00
13 8.086569869405e-01
14 0.000000000000e+00
15 9.698834838223e+00
16 6.849605193282e-02
17 1.054025208159e+00
18 4.199643329776e+00
19 2.589632777013e+00
20 7.913589678555e+00
21 1.309441797757e+01
22 0.000000000000e+00
23 9.990004461018e+00
24 1.172777561203e+01
25 0.000000000000e+00
26 1.925489841971e+01
27 2.325002514305e+01
28 0.000000000000e+00
29 0.000000000000e+00
30 0.000000000000e+00
31 0.000000000000e+00
32 8.371160208964e+00
33 0.000000000000e+00
34 7.121393851062e-01
35 4.488322478311e+00
36 0.000000000000e+00
37 5.987862210920e+00
38 1.264600649432e+01
39 8.247483413830e+00
40 0.000000000000e+00
41 7.772925928161e+00
42 0.000000000000e+00
43 5.163444970525e+00
44 8.886126640613e+00
45 0.000000000000e+00
46 0.000000000000e+00
47 0.000000000000e+00
48 0.000000000000e+00
49 0.000000000000e+00
50 0.000000000000e+00
51 0.000000000000e+00
52 5.527336415255e-01
53 6.419917351402e+00
54 1.095038840242e+00
55 0.000000000000e+00
56 0.000000000000e+00
57 1.088031063268e+01
58 2.858953967227e+00
59 7.062657037979e+00
60 0.000000000000e+00
61 1.488377171166e+01
62 8.460950188015e+00
63 4.252489768981e+00
64 0.000000000000e+00
65 0.000000000000e+00
66 0.000000000000e+00
67 0.000000000000e+00
68 0.000000000000e+00
69 0.000000000000e+00
70 0.000000000000e+00
71 0.000000000000e+00
72 0.000000000000e+00
73 0.000000000000e+00
74 1.313654806176e+01
75 1.104577700398e+01
76 0.000000000000e+00
77 0.000000000000e+00
78 0.000000000000e+00
79 0.000000000000e+00
80 0.000000000000e+00
81 0.000000000000e+00
82 9.209816650717e-01
83 1.240891034147e+01
84 3.669286723139e+00
85 0.000000000000e+00
86 9.205882428861e+00
87 8.444016660478e+00
88 0.000000000000e+00
89 1.054872165525e+01
90 1.210565815689e+01
91 0.000000000000e+00
92 0.000000000000e+00
93 0.000000000000e+00
94 0.000000000000e+00
95 0.000000000000e+00
96 1.818721539340e+00
97 0.000000000000e+00
98 0.000000000000e+00
99 9.114444694790e-01
100 0.000000000000e+00
101 9.181364373365e-01
102 0.000000000000e+00
103 0.000000000000e+00
104 0.000000000000e+00
105 0.000000000000e+00
106 1.002279234233e+01
107 0.000000000000e+00
108 1.512195060529e+01
109 0.000000000000e+00
110 3.621379840284e+00
111 9.818298079723e+00
112 1.613098048262e+00
113 0.000000000000e+00
114 0.000000000000e+00
115 0.000000000000e+00
116 2.417919706973e+00
117 6.971923534780e+00
118 1.111501897527e+01
119 1.998161204360e+01
120 0.000000000000e+00
121 0.000000000000e+00
122 8.410391550375e+00
123 1.053010590173e+01
124 4.061487835403e+00
125 3.729574677790e+00
126 0.000000000000e+00
127 4.009981425077e+00
128 0.000000000000e+00
129 8.009435753612e+00
130 2.363050957653e+00
131 0.000000000000e+00
132 0.000000000000e+00
133 0.000000000000e+00
134 0.000000000000e+00
135 0.000000000000e+00
136 0.000000000000e+00
137 0.000000000000e+00
138 0.000000000000e+00
139 0.000000000000e+00
140 0.000000000000e+00
141 0.000000000000e+00
142 0.000000000000e+00
143 0.000000000000e+00
144 0.000000000000e+00
145 0.000000000000e+00
146 0.000000000000e+00
147 0.000000000000e+00
148 0.000000000000e+00
149 0.000000000000e+00
150 0.000000000000e+00
151 0.000000000000e+00
152 0.000000000000e+00
153 0.000000000000e+00
154 0.000000000000e+00
155 0.000000000000e+00
156 0.000000000000e+00
157 0.000000000000e+00
158 0.000000000000e+00
159 1.345102907929e+00
160 0.000000000000e+00
161 1.160570705093e+00
162 3.812536762814e+00
163 1.294458339258e+01
164 1.686126796699e+01
165 0.000000000000e+00
166 5.951416065444e+00
167 1.145641946793e+01
168 4.529765512632e+00
169 3.278269605634e+00
170 0.000000000000e+00
171 0.000000000000e+00
172 0.000000000000e+00
173 0.000000000000e+00
174 0.000000000000e+00
175 0.000000000000e+00
176 0.000000000000e+00
177 0.000000000000e+00
178 2.509083572671e+00
179 0.000000000000e+00
180 2.182354308823e+01
181 3.233511469296e+00
182 0.000000000000e+00
183 1.130439555645e+01
184 0.000000000000e+00
185 8.243966148701e+00
186 0.000000000000e+00
187 0.000000000000e+00
188 1.885913375494e+00
189 0.000000000000e+00
190 0.000000000000e+00
191 0.000000000000e+00
192 0.000000000000e+00
193 0.000000000000e+00
194 0.000000000000e+00
195 0.000000000000e+00
196 0.000000000000e+00
197 0.000000000000e+00
198 0.000000000000e+00
199 0.000000000000e+00
200 0.000000000000e+00
201 0.000000000000e+00
202 0.000000000000e+00
203 0.000000000000e+00
204 0.000000000000e+00
205 0.000000000000e+00
206 0.000000000000e+00
207 0.000000000000e+00
208 0.000000000000e+00
209 0.000000000000e+00
210 0.000000000000e+00
211 2.492516893475e+00
212 9.959816721124e+00
213 5.624139588995e-01
214 0.000000000000e+00
215 1.350387623668e+00
216 0.000000000000e+00
217 0.000000000000e+00
218 0.000000000000e+00
219 0.000000000000e+00
220 1.065060426780e+01
221 5.010071455007e+00
222 0.000000000000e+00
223 1.340565506005e+01
224 1.663620836144e+01
225 0.000000000000e+00
226 0.000000000000e+00
227 0.000000000000e+00
228 0.000000000000e+00
229 1.512711194323e+01
230 1.129111610133e+00
231 1.709214473130e+01
232 6.624113159140e+00
233 6.821914352074e+00
234 9.166776324573e+00
235 1.191114536687e+01
236 0.000000000000e+00
237 1.536786554335e+00
238 6.746180842925e-01
239 0.000000000000e+00
240 0.000000000000e+00
241 0.000000000000e+00
242 3.387422445810e+00
243 1.059408846152e+01
244 0.000000000000e+00
245 3.081776475217e+00
246 5.961779313792e+00
247 1.336201014278e+00
248 4.177041395348e+00
249 4.952797671638e+00
250 3.453157703975e+00
251 2.317274984437e+01
252 4.877738959352e+00
253 1.233821926922e+01
254 9.248184717506e+00
255 0.000000000000e+00
256 0.000000000000e+00
257 1.045182617394e+01
258 5.642342524141e+00
259 0.000000000000e+00
260 0.000000000000e+00
261 0.000000000000e+00
262 0.000000000000e+00
263 0.000000000000e+00
264 1.140850444535e+01
265 4.470085718619e-01
266 1.972302146383e+00
267 0.000000000000e+00
268 8.843577350206e+00
269 4.500797613400e+00
270 1.430181232692e+01
271 0.000000000000e+00
272 1.113534937068e+01
273 0.000000000000e+00
274 6.958901110173e+00
275 0.000000000000e+00
276 5.203181876873e+00
277 8.335371640259e+00
278 0.000000000000e+00
279 0.000000000000e+00
280 0.000000000000e+00
281 0.000000000000e+00
282 9.000891984678e-01
283 0.000000000000e+00
284 1.055825634590e+00
285 8.508084474798e+00
286 2.848700745667e+01
287 8.833350423851e+00
288 0.000000000000e+00
289 0.000000000000e+00
290 0.000000000000e+00
291 0.000000000000e+00
292 0.000000000000e+00
293 0.000000000000e+00
294 0.000000000000e+00
295 1.097840320911e+01
296 9.672195766606e+00
297 0.000000000000e+00
298 8.373727709188e+00
299 9.069310174813e+00
300 5.943926946071e+00
301 0.000000000000e+00
302 0.000000000000e+00
303 8.667771128055e+00
304 0.000000000000e+00
305 0.000000000000e+00
306 0.000000000000e+00
307 0.000000000000e+00
308 0.000000000000e+00
309 0.000000000000e+00
310 0.000000000000e+00
311 0.000000000000e+00
312 0.000000000000e+00
313 0.000000000000e+00
314 1.015506857510e+01
315 0.000000000000e+00
316 4.064088715665e+00
317 0.000000000000e+00
318 8.276703703514e+00
319 0.000000000000e+00
320 0.000000000000e+00
321 0.000000000000e+00
322 4.849432240342e+00
323 0.000000000000e+00
324 0.000000000000e+00
325 0.000000000000e+00
326 0.000000000000e+00
327 0.000000000000e+00
328 0.000000000000e+00
329 0.000000000000e+00
330 0.000000000000e+00
331 6.140097149686e+00
332 0.000000000000e+00
333 5.843115309353e+00
334 0.000000000000e+00
335 2.202397334568e+00
336 8.643828679935e+00
337 2.207338450783e+00
338 4.635912849636e+00
339 1.961178625426e+01
340 2.118812699073e+01
341 0.000000000000e+00
342 8.221353351073e+00
343 1.114966081571e+01
344 1.102284442319e+01
345 1.379890609787e+00
346 0.000000000000e+00
347 0.000000000000e+00
348 0.000000000000e+00
349 0.000000000000e+00
350 0.000000000000e+00
351 1.208778799062e+00
352 0.000000000000e+00
353 1.117830331763e+01
354 0.000000000000e+00
355 6.175190450338e+00
356 0.000000000000e+00
357 0.000000000000e+00
358 0.000000000000e+00
359 0.000000000000e+00
360 0.000000000000e+00
361 0.000000000000e+00
362 1.634554966571e+01
363 6.796082974944e-01
364 0.000000000000e+00
365 0.000000000000e+00
366 0.000000000000e+00
367 0.000000000000e+00
368 0.000000000000e+00
369 0.000000000000e+00
370 0.000000000000e+00
371 0.000000000000e+00
372 0.000000000000e+00
373 0.000000000000e+00
374 0.000000000000e+00
375 0.000000000000e+00
376 0.000000000000e+00
377 2.459911020774e+00
378 3.393841709006e+00
379 0.000000000000e+00
380 0.000000000000e+00
381 0.000000000000e+00
382 0.000000000000e+00
383 0.000000000000e+00
384 0.000000000000e+00
385 0.000000000000e+00
386 3.909639745595e+00
387 0.000000000000e+00
388 4.184794108145e+00
389 7.789783715598e+00
390 9.149941654888e+00
391 0.000000000000e+00
392 0.000000000000e+00
393 0.000000000000e+00
394 0.000000000000e+00
395 0.000000000000e+00
396 0.000000000000e+00
397 0.000000000000e+00
398 0.000000000000e+00
399 0.000000000000e+00
400 0.000000000000e+00
401 0.000000000000e+00
402 0.000000000000e+00
403 8.365891682414e-01
404 7.858426162426e+00
405 4.187380901143e+00
406 0.000000000000e+00
407 8.483289776928e+00
408 1.181199474429e+01
409 0.000000000000e+00
410 1.771937290306e-01
411 1.048422428269e+00
412 0.000000000000e+00
413 0.000000000000e+00
414 0.000000000000e+00
415 0.000000000000e+00
416 0.000000000000e+00
417 0.000000000000e+00
418 0.000000000000e+00
419 4.922981422198e-01
420 5.742171686461e+00
421 2.637469044144e+01
422 0.000000000000e+00
423 4.876971287460e+00
424 5.678578034403e+00
425 2.806246602715e+00
426 0.000000000000e+00
427 0.000000000000e+00
428 0.000000000000e+00
429 0.000000000000e+00
430 1.222834709760e+01
431 5.713517938375e+00
432 0.000000000000e+00
433 3.418602645579e+00
434 1.026466049470e+01
435 0.000000000000e+00
436 0.000000000000e+00
437 1.993563890807e+00
438 4.129002162338e+00
439 4.697399165568e+00
440 2.628303584809e+01
441 0.000000000000e+00
442 3.491930674217e+00
443 9.260212527391e+00
444 6.742081652176e+00
445 0.000000000000e+00
446 2.111206364146e+00
447 0.000000000000e+00
448 0.000000000000e+00
449 0.000000000000e+00
450 0.000000000000e+00
451 7.699528162869e-01
452 4.297279221210e+00
453 5.702044821843e+00
454 1.921262649135e+01
455 1.188574116089e+01
456 5.117703266967e+00
457 3.949580437102e+00
458 0.000000000000e+00
459 1.090119506291e+01
460 0.000000000000e+00
461 0.000000000000e+00
462 0.000000000000e+00
463 0.000000000000e+00
464 0.000000000000e+00
465 0.000000000000e+00
466 0.000000000000e+00
467 0.000000000000e+00
468 0.000000000000e+00
469 0.000000000000e+00
470 0.000000000000e+00
471 0.000000000000e+00
472 0.000000000000e+00
473 2.293278906093e+00
474 1.068965660496e+01
475 0.000000000000e+00
476 0.000000000000e+00
477 2.938054982555e+00
478 1.006174660978e+01
479 0.000000000000e+00
480 0.000000000000e+00
481 0.000000000000e+00
482 1.002058140868e+01
483 3.621405840256e+00
484 0.000000000000e+00
485 1.876494109172e+01
486 2.260803859273e+01
487 0.000000000000e+00
488 2.378112601757e+00
489 0.000000000000e+00
490 0.000000000000e+00
491 1.902517595628e+01
492 4.516246217889e+00
493 0.000000000000e+00
494 8.781015034019e+00
495 1.134254213445e+01
496 9.181307500532e+00
497 7.396593142047e+00
498 0.000000000000e+00
499 0.000000000000e+00
500 3.111581709721e+00
501 9.815226540165e+00
502 0.000000000000e+00
503 0.000000000000e+00
504 1.089689775540e+00
505 4.844120553676e+00
506 1.113051163319e+01
507 1.128766748800e+01
508 9.661022447485e+00
509 0.000000000000e+00
510 5.642988453238e+00
511 1.232667851987e+01
512 0.000000000000e+00
513 5.437858851409e+00
514 4.704305580392e+00
515 3.678832891828e+00
516 0.000000000000e+00
517 2.785947488439e+00
518 1.654920477073e+00
519 2.954126596009e+00
520 6.931316456943e+00
521 0.000000000000e+00
522 1.091036932851e+01
523 5.293425796822e+00
524 0.000000000000e+00
525 0.000000000000e+00
526 0.000000000000e+00
527 7.864436303811e+00
528 0.000000000000e+00
529 0.000000000000e+00
530 0.000000000000e+00
531 0.000000000000e+00
532 0.000000000000e+00
533 0.000000000000e+00
534 4.670363757000e+00
535 0.000000000000e+00
536 3.914307651653e+00
537 1.760961966823e+00
538 9.348859709645e+00
539 0.000000000000e+00
540 0.000000000000e+00
541 0.000000000000e+00
542 2.647113176641e+00
543 7.861171128134e+00
544 0.000000000000e+00
545 0.000000000000e+00
546 0.000000000000e+00
547 0.000000000000e+00
548 0.000000000000e+00
549 0.000000000000e+00
550 0.000000000000e+00
551 0.000000000000e+00
552 0.000000000000e+00
553 1.650079785368e+00
554 2.371436464113e+00
555 6.426048235366e+00
556 1.259899776973e+01
557 6.321873379339e+00
558 0.000000000000e+00
559 4.795651020422e+00
560 3.391871202401e+00
561 0.000000000000e+00
562 8.507631542510e+00
563 9.427678786418e+00
564 7.709146973354e+00
565 0.000000000000e+00
566 1.078776392629e+00
567 1.042464958284e+01
568 2.920360066733e+00
569 0.000000000000e+00
570 0.000000000000e+00
571 1.182871633455e+01
572 1.335115486723e+01
573 6.645518252625e+00
574 3.530756161431e+00
575 3.950531649097e-04
576 2.209477755278e+00
577 1.380558262452e+01
578 5.107706377786e+00
579 2.011057201795e+01
580 0.000000000000e+00
581 7.599741043707e+00
582 9.258778175428e+00
583 8.388754211054e+00
584 0.000000000000e+00
585 0.000000000000e+00
586 0.000000000000e+00
587 0.000000000000e+00
588 1.596679366351e+01
589 0.000000000000e+00
590 9.782358215295e-01
591 2.479644250752e+00
592 8.895089288957e+00
593 2.494353966130e+01
594 5.804397566212e+00
595 2.834284703527e+00
596 0.000000000000e+00
597 1.157069233693e+01
598 9.356387979978e+00
599 0.000000000000e+00
600 0.000000000000e+00
601 0.000000000000e+00
602 1.152511137044e+01
603 3.545702120788e+00
604 0.000000000000e+00
605 0.000000000000e+00
606 0.000000000000e+00
607 0.000000000000e+00
608 0.000000000000e+00
609 0.000000000000e+00
610 1.397736358917e+01
611 0.000000000000e+00
612 6.177485684119e+00
613 0.000000000000e+00
614 0.000000000000e+00
615 0.000000000000e+00
616 0.000000000000e+00
617 0.000000000000e+00
618 4.737854037183e-01
619 0.000000000000e+00
620 8.675766949183e+00
621 0.000000000000e+00
622 8.937223594253e+00
623 4.438172027883e+00
624 0.000000000000e+00
625 1.300139236657e+01
626 0.000000000000e+00
627 0.000000000000e+00
628 0.000000000000e+00
629 0.000000000000e+00
630 0.000000000000e+00
631 0.000000000000e+00
632 0.000000000000e+00
633 0.000000000000e+00
634 0.000000000000e+00
635 0.000000000000e+00
636 0.000000000000e+00
637 0.000000000000e+00
638 0.000000000000e+00
639 0.000000000000e+00
640 0.000000000000e+00
641 0.000000000000e+00
642 0.000000000000e+00
643 0.000000000000e+00
644 0.000000000000e+00
645 0.000000000000e+00
646 0.000000000000e+00
647 2.439391430764e+00
648 0.000000000000e+00
649 1.220697881415e+00
650 6.625189677275e+00
651 3.387980136214e+00
652 0.000000000000e+00
653 0.000000000000e+00
654 8.615025789408e+00
655 2.833552129354e+00
656 9.792420155359e+00
657 0.000000000000e+00
658 0.000000000000e+00
659 0.000000000000e+00
660 1.433698015431e+01
661 5.530148650298e-01
662 4.922670533239e+00
663 2.066660891543e+01
664 1.778506661093e+01
665 0.000000000000e+00
666 8.687815561390e+00
667 1.099075024310e+01
668 9.842206358471e-01
669 0.000000000000e+00
670 0.000000000000e+00
671 1.077075522861e+00
672 1.103489809852e+01
673 0.000000000000e+00
674 2.633833163869e+00
675 0.000000000000e+00
676 7.522146684939e+00
677 8.612622161875e+00
678 0.000000000000e+00
679 2.994278978882e+00
680 7.237633302734e+00
681 0.000000000000e+00
682 0.000000000000e+00
683 0.000000000000e+00
684 0.000000000000e+00
685 0.000000000000e+00
686 0.000000000000e+00
687 1.219393796515e+00
688 0.000000000000e+00
689 0.000000000000e+00
690 0.000000000000e+00
691 5.947382726490e+00
692 0.000000000000e+00
693 2.446660872978e+00
694 0.000000000000e+00
695 0.000000000000e+00
696 0.000000000000e+00
697 1.802752410721e+00
698 1.201497773344e+01
699 1.245798516598e+00
700 3.110462234770e+00
701 2.914307723398e+00
702 1.137146198410e+01
703 3.270492068128e+00
704 1.265283777434e+00
705 8.843530316975e+00
706 8.594988696902e+00
707 1.213954059659e+01
708 1.094173698026e+01
709 9.600991886168e+00
710 1.824601484110e+00
711 8.435696890293e+00
712 4.161343929212e+00
713 0.000000000000e+00
714 1.098384294733e+01
715 9.452994649914e+00
716 0.000000000000e+00
717 0.000000000000e+00
718 0.000000000000e+00
719 5.533923373249e+00
720 0.000000000000e+00
721 5.108209825216e-01
722 0.000000000000e+00
723 1.033529872882e+01
724 2.275368570073e+01
725 0.000000000000e+00
726 3.543665797087e+00
727 1.504037470906e+00
728 2.033001833508e+00
729 5.434919698682e+00
730 0.000000000000e+00
731 0.000000000000e+00
732 0.000000000000e+00
733 4.554705230992e+00
734 0.000000000000e+00
735 0.000000000000e+00
736 0.000000000000e+00
737 0.000000000000e+00
738 0.000000000000e+00
739 0.000000000000e+00
740 0.000000000000e+00
741 0.000000000000e+00
742 0.000000000000e+00
743 6.008503636867e+00
744 0.000000000000e+00
745 0.000000000000e+00
746 0.000000000000e+00
747 0.000000000000e+00
748 0.000000000000e+00
749 0.000000000000e+00
750 0.000000000000e+00
751 0.000000000000e+00
752 0.000000000000e+00
753 0.000000000000e+00
754 0.000000000000e+00
755 0.000000000000e+00
756 0.000000000000e+00
757 0.000000000000e+00
758 0.000000000000e+00
759 9.077767680832e+00
760 0.000000000000e+00
761 0.000000000000e+00
762 0.000000000000e+00
763 0.000000000000e+00
764 0.000000000000e+00
765 0.000000000000e+00
766 0.000000000000e+00
767 0.000000000000e+00
768 0.000000000000e+00
769 0.000000000000e+00
770 0.000000000000e+00
771 5.126605547377e+00
772 0.000000000000e+00
773 0.000000000000e+00
774 0.000000000000e+00
775 0.000000000000e+00
776 1.849837485971e+00
777 0.000000000000e+00
778 5.504182190758e+00
779 0.000000000000e+00
780 1.984393594622e+00
781 5.920949718524e+00
782 0.000000000000e+00
783 0.000000000000e+00
784 0.000000000000e+00
785 0.000000000000e+00
786 0.000000000000e+00
787 1.623052058399e+00
788 1.660643063998e+01
789 0.000000000000e+00
790 0.000000000000e+00
791 6.130165626451e+00
792 9.116852360984e+00
793 5.290592222478e+00
794 0.000000000000e+00
795 0.000000000000e+00
796 0.000000000000e+00
797 1.380952467465e+01
798 0.000000000000e+00
799 0.000000000000e+00
800 4.630615290215e+00
801 4.930186150436e+00
802 0.000000000000e+00
803 1.067035637630e+01
804 2.280943047621e+00
805 7.807574109630e+00
806 1.138686685416e+01
807 0.000000000000e+00
808 9.841312412711e+00
809 0.000000000000e+00
810 1.259610060561e+01
811 5.542760558177e+00
812 1.177324150558e+01
813 0.000000000000e+00
814 0.000000000000e+00
815 0.000000000000e+00
816 7.279273681077e+00
817 0.000000000000e+00
818 0.000000000000e+00
819 1.090858681896e+00
820 0.000000000000e+00
821 3.296115759654e+00
822 0.000000000000e+00
823 1.190845685823e+00
824 8.558469508175e+00
825 3.608615273936e+00
826 1.240863633572e+01
827 0.000000000000e+00
828 0.000000000000e+00
829 0.000000000000e+00
830 5.528152245723e+00
831 0.000000000000e+00
832 0.000000000000e+00
833 6.003111814628e+00
834 0.000000000000e+00
835 2.207715527848e+00
836 1.184547725330e+01
837 4.753745929563e-01
838 2.056918811431e+01
839 0.000000000000e+00
840 6.710440783055e+00
841 5.234607330699e+00
842 7.902394217140e-01
843 0.000000000000e+00
844 0.000000000000e+00
845 0.000000000000e+00
846 0.000000000000e+00
847 8.392550314393e+00
848 0.000000000000e+00
849 0.000000000000e+00
850 2.789084405453e+00
851 0.000000000000e+00
852 8.903927200761e+00
853 2.134663786600e+00
854 6.717829875834e+00
855 1.199259521137e+01
856 0.000000000000e+00
857 0.000000000000e+00
858 4.280028063581e+00
859 0.000000000000e+00
860 1.415115043444e+00
861 1.820819094518e+01
862 9.759601511352e-01
863 0.000000000000e+00
864 3.501927243737e+00
865 1.253620049833e+01
866 3.134977171263e+00
867 2.197964200771e+01
868 2.412052161234e+01
869 0.000000000000e+00
870 7.167363913823e+00
871 0.000000000000e+00
872 7.066083837645e+00
873 0.000000000000e+00
874 0.000000000000e+00
875 0.000000000000e+00
876 7.549525436576e+00
877 8.968432432247e+00
878 0.000000000000e+00
879 0.000000000000e+00
880 1.108750299020e+01
881 9.254188862150e+00
882 2.146698648117e+00
883 0.000000000000e+00
884 3.316477155234e+00
885 1.460643996139e+01
886 0.000000000000e+00
887 2.069486088779e+00
888 8.328057667476e+00
889 1.747842987348e+01
890 1.974756989520e+01
891 7.239148644554e+00
892 5.291381363789e+00
893 8.014922481452e+00
894 0.000000000000e+00
895 3.762484465775e+00
896 8.807644444346e+00
897 2.058096592219e+00
898 4.216388984684e+00
899 0.000000000000e+00
900 1.772713449060e+01
901 0.000000000000e+00
902 4.316775059765e+00
903 8.103639092210e+00
904 0.000000000000e+00
905 0.000000000000e+00
906 0.000000000000e+00
907 1.787442416119e+01
908 0.000000000000e+00
909 1.255715616355e+00
910 0.000000000000e+00
911 8.588803145896e+00
912 1.143571496143e+01
913 6.406352585134e+00
914 3.244351081123e+00
915 3.068502918872e+00
916 1.154032060911e+01
917 5.212115732895e+00
918 0.000000000000e+00
919 0.000000000000e+00
920 0.000000000000e+00
921 0.000000000000e+00
922 3.677316747791e+00
923 0.000000000000e+00
924 7.992539653140e+00
925 0.000000000000e+00
926 0.000000000000e+00
927 0.000000000000e+00
928 1.126309511603e+00
929 8.454210950296e+00
930 0.000000000000e+00
931 0.000000000000e+00
932 0.000000000000e+00
933 0.000000000000e+00
934 0.000000000000e+00
935 0.000000000000e+00
936 0.000000000000e+00
937 0.000000000000e+00
938 0.000000000000e+00
939 0.000000000000e+00
940 0.000000000000e+00
941 0.000000000000e+00
942 0.000000000000e+00
943 0.000000000000e+00
944 0.000000000000e+00
945 1.993658028208e+00
946 0.000000000000e+00
947 0.000000000000e+00
948 0.000000000000e+00
949 2.555091371706e+00
950 9.775543126480e-01
951 0.000000000000e+00
952 0.000000000000e+00
953 8.239389638298e+00
954 6.648900499774e+00
955 0.000000000000e+00
956 7.160272284592e+00
957 1.193275865759e+01
958 7.056529720565e+00
959 9.225124263245e+00
960 3.411429417049e+00
961 3.258964242624e+00
962 1.563629087787e+01
963 0.000000000000e+00
964 6.877119789421e+00
965 1.047107095562e+01
966 7.588833041591e+00
967 9.512983691121e-01
968 3.024096805146e+00
969 6.747459769679e+00
970 0.000000000000e+00
971 1.047497256394e+00
972 0.000000000000e+00
973 1.436258279096e+01
974 2.599465026896e+01
975 6.872038093011e+00
976 3.215961074971e+00
977 2.852412118769e+00
978 4.996087248403e+00
979 9.945213375219e+00
980 0.000000000000e+00
981 0.000000000000e+00
982 0.000000000000e+00
983 5.690439825610e+00
984 9.402703933294e+00
985 0.000000000000e+00
986 0.000000000000e+00
987 0.000000000000e+00
988 7.980810971682e+00
989 8.934557576970e-02
990 1.152411279308e+00
991 1.376799342951e+01
992 3.993219495514e+00
993 2.281416769623e+01
994 0.000000000000e+00
995 8.952075642163e+00
996 9.176090880975e+00
997 8.454228175512e+00
998 0.000000000000e+00
999 1.171581452761e+01
1000 3.580045303725e+00
1001 7.938229254561e+00
1002 1.696044831211e+01
1003 0.000000000000e+00
1004 9.638883996167e+00
1005 8.455666553402e+00
1006 3.029079535986e+00
1007 0.000000000000e+00
1008 0.000000000000e+00
1009 1.592010640801e+01
1010 0.000000000000e+00
1011 0.000000000000e+00
1012 0.000000000000e+00
1013 0.000000000000e+00
1014 0.000000000000e+00
1015 7.228086181446e+00
1016 9.717104977742e+00
1017 0.000000000000e+00
1018 3.272621753149e+00
1019 0.000000000000e+00
1020 0.000000000000e+00
1021 0.000000000000e+00
1022 0.000000000000e+00
1023 0.000000000000e+00
1024 0.000000000000e+00
1025 0.000000000000e+00
1026 0.000000000000e+00
1027 0.000000000000e+00
1028 0.000000000000e+00
1029 7.136853369407e+00
1030 0.000000000000e+00
1031 0.000000000000e+00
1032 3.036118186135e+00
1033 3.367291632881e+00
1034 2.051826922901e+00
1035 1.667647853174e+01
1036 4.365828216148e+00
1037 5.096251822052e+00
1038 1.263285963451e+01
1039 1.322250631913e+01
1040 0.000000000000e+00
1041 6.516814468337e+00
1042 8.197771059814e+00
1043 0.000000000000e+00
1044 4.912151782940e+00
1045 0.000000000000e+00
1046 3.085492059654e+00
1047 0.000000000000e+00
1048 0.000000000000e+00
1049 0.000000000000e+00
1050 0.000000000000e+00
1051 0.000000000000e+00
1052 1.775596339100e+00
1053 0.000000000000e+00
1054 0.000000000000e+00
1055 0.000000000000e+00
1056 0.000000000000e+00
1057 0.000000000000e+00
1058 0.000000000000e+00
1059 1.374810559116e+00
1060 0.000000000000e+00
1061 0.000000000000e+00
1062 0.000000000000e+00
1063 0.000000000000e+00
1064 1.122120968064e+01
1065 0.000000000000e+00
1066 0.000000000000e+00
1067 0.000000000000e+00
1068 0.000000000000e+00
1069 0.000000000000e+00
1070 0.000000000000e+00
1071 0.000000000000e+00
1072 0.000000000000e+00
1073 0.000000000000e+00
1074 3.391923122283e+00
1075 1.207026286897e+01
1076 3.003976504956e+00
1077 1.474977177298e+01
1078 2.521563062839e+01
1079 6.987100243566e+00
1080 0.000000000000e+00
1081 0.000000000000e+00
1082 0.000000000000e+00
1083 0.000000000000e+00
1084 0.000000000000e+00
1085 0.000000000000e+00
1086 4.446924688700e+00
1087 5.299470822803e+00
1088 0.000000000000e+00
1089 0.000000000000e+00
1090 0.000000000000e+00
1091 3.622299835251e+00
1092 0.000000000000e+00
1093 0.000000000000e+00
1094 0.000000000000e+00
1095 0.000000000000e+00
1096 0.000000000000e+00
1097 0.000000000000e+00
1098 6.600471054076e+00
1099 3.599056295195e+00
1100 1.271604394650e+01
1101 0.000000000000e+00
1102 0.000000000000e+00
1103 6.562046311298e+00
1104 0.000000000000e+00
1105 0.000000000000e+00
1106 0.000000000000e+00
1107 0.000000000000e+00
1108 0.000000000000e+00
1109 0.000000000000e+00
1110 0.000000000000e+00
1111 0.000000000000e+00
1112 0.000000000000e+00
1113 0.000000000000e+00
1114 0.000000000000e+00
1115 0.000000000000e+00
1116 0.000000000000e+00
1117 0.000000000000e+00
1118 0.000000000000e+00
1119 0.000000000000e+00
1120 0.000000000000e+00
1121 0.000000000000e+00
1122 0.000000000000e+00
1123 3.689591892060e+00
1124 0.000000000000e+00
1125 0.000000000000e+00
1126 0.000000000000e+00
1127 0.000000000000e+00
1128 0.000000000000e+00
1129 0.000000000000e+00
1130 0.000000000000e+00
1131 0.000000000000e+00
1132 0.000000000000e+00
1133 0.000000000000e+00
1134 0.000000000000e+00
1135 0.000000000000e+00
1136 0.000000000000e+00
1137 0.000000000000e+00
1138 0.000000000000e+00
1139 0.000000000000e+00
1140 0.000000000000e+00
1141 0.000000000000e+00
1142 0.000000000000e+00
1143 0.000000000000e+00
1144 0.000000000000e+00
1145 0.000000000000e+00
1146 0.000000000000e+00
1147 0.000000000000e+00
1148 0.000000000000e+00
1149 0.000000000000e+00
1150 2.594654527668e+00
1151 1.395177195172e+01
1152 5.309779193685e-01
1153 3.532570967627e+00
1154 5.538749035575e+00
1155 0.000000000000e+00
1156 1.022237642579e+01
1157 1.249251663759e+00
1158 1.288248548865e+01
1159 1.418370643397e+01
1160 0.000000000000e+00
1161 0.000000000000e+00
1162 0.000000000000e+00
1163 0.000000000000e+00
1164 0.000000000000e+00
1165 7.798434912397e+00
1166 0.000000000000e+00
1167 0.000000000000e+00
1168 2.174227255254e+00
1169 0.000000000000e+00
1170 0.000000000000e+00
1171 0.000000000000e+00
1172 0.000000000000e+00
1173 0.000000000000e+00
1174 4.486440806531e+00
1175 0.000000000000e+00
1176 0.000000000000e+00
1177 0.000000000000e+00
1178 0.000000000000e+00
1179 5.056113925657e+00
1180 0.000000000000e+00
1181 0.000000000000e+00
1182 0.000000000000e+00
1183 5.410204926934e+00
1184 0.000000000000e+00
1185 0.000000000000e+00
1186 7.993507256054e+00
1187 7.293415103104e-01
1188 2.053807690286e+01
1189 4.573595895320e+00
1190 7.781936059685e+00
1191 1.176323689640e+01
1192 6.403731052826e+00
1193 0.000000000000e+00
1194 8.990322306387e+00
1195 1.053430829513e+01
1196 0.000000000000e+00
1197 8.665221509520e-01
1198 0.000000000000e+00
1199 0.000000000000e+00
1200 1.550278582377e+01
1201 2.492850451522e+00
1202 2.009369654311e+01
1203 0.000000000000e+00
1204 0.000000000000e+00
1205 4.567671425730e+00
1206 5.399715004185e+00
1207 0.000000000000e+00
1208 5.895708844268e+00
1209 4.681783942756e+00
1210 0.000000000000e+00
1211 0.000000000000e+00
1212 0.000000000000e+00
1213 8.010718929204e+00
1214 8.664322205545e+00
1215 3.542557055471e+00
1216 0.000000000000e+00
1217 0.000000000000e+00
1218 1.275585356920e+01
1219 1.530413349015e+00
1220 2.252353387835e+00
1221 5.103221467514e+00
1222 7.460699361771e+00
1223 4.350889320248e+00
1224 8.259021644936e+00
1225 1.076551487978e+01
1226 1.258921017319e+01
1227 4.899552689222e+00
1228 0.000000000000e+00
1229 1.269007935563e+01
1230 0.000000000000e+00
1231 1.006197031552e+01
1232 4.781108420527e+00
1233 8.466759861950e+00
1234 9.867891157413e+00
1235 6.205145687485e+00
1236 0.000000000000e+00
1237 1.546625973839e+00
1238 1.675586412848e+01
1239 0.000000000000e+00
1240 0.000000000000e+00
1241 9.433353305686e-01
1242 0.000000000000e+00
1243 0.000000000000e+00
1244 2.190322236196e+01
1245 1.399301771356e+01
1246 5.959742843503e+00
1247 0.000000000000e+00
1248 0.000000000000e+00
1249 0.000000000000e+00
1250 0.000000000000e+00
1251 0.000000000000e+00
1252 0.000000000000e+00
1253 5.692707909516e+00
1254 0.000000000000e+00
1255 0.000000000000e+00
1256 0.000000000000e+00
1257 0.000000000000e+00
1258 1.009515420087e+01
1259 0.000000000000e+00
1260 0.000000000000e+00
1261 4.072984545066e+00
1262 7.474711512625e+00
1263 1.427235325058e+00
1264 0.000000000000e+00
1265 7.863443528052e+00
1266 0.000000000000e+00
1267 1.215665101171e+01
1268 1.121771112432e+01
1269 0.000000000000e+00
1270 6.399915136511e+00
1271 0.000000000000e+00
1272 0.000000000000e+00
1273 4.129225791435e+00
1274 0.000000000000e+00
1275 0.000000000000e+00
1276 0.000000000000e+00
1277 1.653361074806e+00
1278 2.165544028732e+01
1279 0.000000000000e+00
1280 1.742121167119e+00
1281 0.000000000000e+00
1282 9.189946441270e+00
1283 0.000000000000e+00
1284 0.000000000000e+00
1285 0.000000000000e+00
1286 0.000000000000e+00
1287 0.000000000000e+00
1288 0.000000000000e+00
1289 3.047983665717e+00
1290 7.719845572519e+00
1291 1.209138608347e+01
1292 0.000000000000e+00
1293 0.000000000000e+00
1294 0.000000000000e+00
1295 0.000000000000e+00
1296 0.000000000000e+00
1297 0.000000000000e+00
1298 0.000000000000e+00
1299 0.000000000000e+00
1300 0.000000000000e+00
1301 0.000000000000e+00
1302 0.000000000000e+00
1303 0.000000000000e+00
1304 0.000000000000e+00
1305 0.000000000000e+00
1306 1.530489382241e+01
1307 0.000000000000e+00
1308 0.000000000000e+00
1309 0.000000000000e+00
1310 0.000000000000e+00
1311 0.000000000000e+00
1312 0.000000000000e+00
1313 0.000000000000e+00
1314 0.000000000000e+00
1315 0.000000000000e+00
1316 0.000000000000e+00
1317 0.000000000000e+00
1318 0.000000000000e+00
1319 0.000000000000e+00
1320 0.000000000000e+00
1321 0.000000000000e+00
1322 0.000000000000e+00
1323 0.000000000000e+00
1324 0.000000000000e+00
1325 0.000000000000e+00
1326 0.000000000000e+00
1327 0.000000000000e+00
1328 0.000000000000e+00
1329 0.000000000000e+00
1330 0.000000000000e+00
1331 0.000000000000e+00
1332 0.000000000000e+00
1333 0.000000000000e+00
1334 0.000000000000e+00
1335 0.000000000000e+00
1336 0.000000000000e+00
1337 0.000000000000e+00
1338 0.000000000000e+00
1339 0.000000000000e+00
1340 0.000000000000e+00
1341 0.000000000000e+00
1342 0.000000000000e+00
1343 0.000000000000e+00
1344 0.000000000000e+00
1345 0.000000000000e+00
1346 0.000000000000e+00
1347 0.000000000000e+00
1348 0.000000000000e+00
1349 0.000000000000e+00
1350 0.000000000000e+00
1351 0.000000000000e+00
1352 0.000000000000e+00
1353 0.000000000000e+00
1354 0.000000000000e+00
1355 0.000000000000e+00
1356 0.000000000000e+00
1357 0.000000000000e+00
1358 0.000000000000e+00
1359 0.000000000000e+00
1360 0.000000000000e+00
1361 4.004654171724e+00
1362 0.000000000000e+00
1363 0.000000000000e+00
1364 0.000000000000e+00
1365 2.202275039770e+00
1366 0.000000000000e+00
1367 0.000000000000e+00
1368 0.000000000000e+00
1369 4.307873406540e+00
1370 0.000000000000e+00
1371 0.000000000000e+00
1372 1.104988770452e+01
1373 0.000000000000e+00
1374 3.028079946675e+00
1375 0.000000000000e+00
1376 0.000000000000e+00
1377 0.000000000000e+00
1378 0.000000000000e+00
1379 0.000000000000e+00
1380 0.000000000000e+00
1381 3.431830449223e+00
1382 3.163324423895e+00
1383 0.000000000000e+00
1384 0.000000000000e+00
1385 0.000000000000e+00
1386 0.000000000000e+00
1387 0.000000000000e+00
1388 0.000000000000e+00
1389 0.000000000000e+00
1390 2.846401184959e+00
1391 0.000000000000e+00
1392 2.307697542576e+00
1393 1.344525570454e+01
1394 4.944521470814e+00
1395 4.973711979752e+00
1396 0.000000000000e+00
1397 8.434985035072e+00
1398 7.514105036062e+00
1399 9.922596744878e+00
1400 0.000000000000e+00
1401 0.000000000000e+00
1402 0.000000000000e+00
1403 0.000000000000e+00
1404 1.138289858977e+01
1405 1.893847474646e+00
1406 3.155191610571e+00
1407 0.000000000000e+00
1408 9.626200081051e+00
1409 0.000000000000e+00
1410 6.509346534560e+00
1411 1.277633049523e+01
1412 9.548030279646e+00
1413 0.000000000000e+00
1414 0.000000000000e+00
1415 0.000000000000e+00
1416 4.615562678733e+00
1417 1.731369393968e+00
1418 0.000000000000e+00
1419 1.357631000418e+00
1420 0.000000000000e+00
1421 9.783921000560e+00
1422 0.000000000000e+00
1423 0.000000000000e+00
1424 4.219685976469e+00
1425 0.000000000000e+00
1426 6.491352469821e+00
1427 8.302928765099e+00
1428 0.000000000000e+00
1429 0.000000000000e+00
1430 0.000000000000e+00
1431 0.000000000000e+00
1432 1.021503361824e+01
1433 1.026566420715e+01
1434 0.000000000000e+00
1435 2.255177248582e+00
1436 7.956129734059e+00
1437 0.000000000000e+00
1438 0.000000000000e+00
1439 0.000000000000e+00
1440 0.000000000000e+00
1441 0.000000000000e+00
1442 0.000000000000e+00
1443 1.983195438326e+00
1444 3.055626102723e+00
1445 6.357347278921e+00
1446 1.052458436009e+01
1447 7.381452045175e+00
1448 0.000000000000e+00
1449 5.609062079021e+00
1450 3.567580827510e+00
1451 0.000000000000e+00
1452 1.602747377572e+00
1453 0.000000000000e+00
1454 0.000000000000e+00
1455 0.000000000000e+00
1456 0.000000000000e+00
1457 0.000000000000e+00
1458 0.000000000000e+00
1459 0.000000000000e+00
1460 0.000000000000e+00
1461 0.000000000000e+00
1462 0.000000000000e+00
1463 0.000000000000e+00
1464 0.000000000000e+00
1465 0.000000000000e+00
1466 0.000000000000e+00
1467 0.000000000000e+00
1468 0.000000000000e+00
1469 0.000000000000e+00
1470 0.000000000000e+00
1471 0.000000000000e+00
1472 0.000000000000e+00
1473 0.000000000000e+00
1474 0.000000000000e+00
1475 0.000000000000e+00
1476 0.000000000000e+00
1477 0.000000000000e+00
1478 0.000000000000e+00
1479 0.000000000000e+00
1480 0.000000000000e+00
1481 0.000000000000e+00
1482 0.000000000000e+00
1483 0.000000000000e+00
1484 0.000000000000e+00
1485 0.000000000000e+00
1486 1.289836502906e+01
1487 0.000000000000e+00
1488 0.000000000000e+00
1489 1.361385358827e+01
1490 0.000000000000e+00
1491 0.000000000000e+00
1492 0.000000000000e+00
1493 0.000000000000e+00
1494 0.000000000000e+00
1495 0.000000000000e+00
1496 0.000000000000e+00
1497 0.000000000000e+00
1498 0.000000000000e+00
1499 0.000000000000e+00
1500 0.000000000000e+00
1501 0.000000000000e+00
1502 0.000000000000e+00
1503 6.328812859264e+00
1504 2.952352236599e+01
1505 0.000000000000e+00
1506 0.000000000000e+00
1507 0.000000000000e+00
1508 0.000000000000e+00
1509 6.012530166340e+00
1510 0.000000000000e+00
1511 0.000000000000e+00
1512 0.000000000000e+00
1513 0.000000000000e+00
1514 0.000000000000e+00
1515 0.000000000000e+00
1516 0.000000000000e+00
1517 0.000000000000e+00
1518 0.000000000000e+00
1519 0.000000000000e+00
1520 0.000000000000e+00
1521 0.000000000000e+00
1522 0.000000000000e+00
1523 0.000000000000e+00
1524 0.000000000000e+00
1525 7.610899290876e+00
1526 0.000000000000e+00
1527 0.000000000000e+00
1528 0.000000000000e+00
1529 0.000000000000e+00
1530 0.000000000000e+00
1531 0.000000000000e+00
1532 4.955453801875e+00
1533 0.000000000000e+00
1534 0.000000000000e+00
1535 1.269802785710e+01
1536 7.001531089711e-01
1537 2.072169562651e+01
1538 2.552496079312e+00
1539 0.000000000000e+00
1540 2.699113724163e+00
1541 1.185831171912e+01
1542 0.000000000000e+00
1543 7.177329616909e+00
1544 2.324960514549e+00
1545 0.000000000000e+00
1546 0.000000000000e+00
1547 0.000000000000e+00
1548 2.414480121884e+00
1549 0.000000000000e+00
1550 9.186117598663e-01
1551 0.000000000000e+00
1552 0.000000000000e+00
1553 1.394505485791e+01
1554 0.000000000000e+00
1555 6.759194703117e+00
1556 1.004384947641e+01
1557 1.000061029982e+01
1558 0.000000000000e+00
1559 0.000000000000e+00
1560 0.000000000000e+00
1561 8.143120624093e+00
1562 2.568790175227e+00
1563 0.000000000000e+00
1564 0.000000000000e+00
1565 8.196027660110e+00
1566 1.270321814847e+01
1567 8.056461604684e+00
1568 0.000000000000e+00
1569 0.000000000000e+00
1570 2.273098777767e+00
1571 3.617463969382e+00
1572 1.226033402922e+00
1573 1.618192884777e+00
1574 0.000000000000e+00
1575 4.521534962675e+00
1576 0.000000000000e+00
1577 5.446044191017e+00
1578 2.535488050361e+00
1579 7.740143265114e+00
1580 0.000000000000e+00
1581 0.000000000000e+00
1582 1.175828644375e+01
1583 0.000000000000e+00
1584 8.415582373878e+00
1585 0.000000000000e+00
1586 7.990032969489e+00
1587 7.270919764735e+00
1588 0.000000000000e+00
1589 0.000000000000e+00
1590 0.000000000000e+00
1591 0.000000000000e+00
1592 8.233930172300e+00
1593 4.235061528354e-01
1594 5.794721765535e-01
1595 6.922853015054e+00
1596 1.186606584288e+01
1597 5.222020758143e+00
1598 1.543288151012e+00
1599 0.000000000000e+00
1600 1.054932897301e+01
1601 1.231460731693e+00
1602 0.000000000000e+00
1603 1.965100759191e+01
1604 2.033765671862e+01
1605 0.000000000000e+00
1606 0.000000000000e+00
1607 0.000000000000e+00
1608 4.420194594063e+00
1609 1.217276143271e+00
1610 1.033029196885e+00
1611 1.445019095279e+01
1612 5.343253241275e+00
1613 5.692126374050e+00
1614 9.591947229743e+00
1615 1.078578824139e+01
1616 0.000000000000e+00
1617 9.051501421403e+00
1618 6.148310220560e+00
1619 0.000000000000e+00
1620 4.078201370217e+00
1621 0.000000000000e+00
1622 0.000000000000e+00
1623 1.753708745392e+01
1624 0.000000000000e+00
1625 0.000000000000e+00
1626 0.000000000000e+00
1627 0.000000000000e+00
1628 4.336921425368e+00
1629 0.000000000000e+00
1630 0.000000000000e+00
1631 4.235661030795e+00
1632 0.000000000000e+00
1633 1.170714583179e+00
1634 0.000000000000e+00
1635 0.000000000000e+00
1636 0.000000000000e+00
1637 3.802978265443e+00
1638 0.000000000000e+00
1639 8.933908080269e+00
1640 0.000000000000e+00
1641 0.000000000000e+00
1642 0.000000000000e+00
1643 0.000000000000e+00
1644 0.000000000000e+00
1645 2.261203487171e+01
1646 3.280328072477e+00
1647 5.967542988489e+00
1648 2.329896774844e+00
1649 9.380810722724e+00
1650 0.000000000000e+00
1651 0.000000000000e+00
1652 1.340051239610e+01
1653 0.000000000000e+00
1654 5.115106628028e+00
1655 0.000000000000e+00
1656 0.000000000000e+00
1657 1.202927473688e+01
1658 1.381370149698e-01
1659 0.000000000000e+00
1660 1.200268421631e+00
1661 8.195665867394e+00
1662 1.701446908137e+01
1663 0.000000000000e+00
1664 3.459826676221e+00
1665 0.000000000000e+00
1666 7.650080729249e+00
1667 0.000000000000e+00
1668 0.000000000000e+00
1669 0.000000000000e+00
1670 0.000000000000e+00
1671 1.192289032147e+01
1672 1.229644760894e+00
1673 0.000000000000e+00
1674 1.017932841516e+01
1675 5.463968555256e+00
1676 0.000000000000e+00
1677 0.000000000000e+00
1678 4.017629253660e+00
1679 9.000581587599e+00
1680 0.000000000000e+00
1681 0.000000000000e+00
1682 4.293144570998e-01
1683 0.000000000000e+00
1684 4.288995807232e+00
1685 7.425909701335e+00
1686 1.054906116739e+01
1687 4.646127633144e+00
1688 0.000000000000e+00
1689 0.000000000000e+00
1690 0.000000000000e+00
1691 0.000000000000e+00
1692 0.000000000000e+00
1693 0.000000000000e+00
1694 3.760160502194e+00
1695 0.000000000000e+00
1696 0.000000000000e+00
1697 3.346565086878e+00
1698 4.468552103480e+00
1699 0.000000000000e+00
1700 0.000000000000e+00
1701 2.921925722105e+00
1702 8.724424747335e+00
1703 3.230090003552e+00
1704 8.882979091814e+00
1705 6.508956930946e+00
1706 1.733688744174e+01
1707 6.498024313332e+00
1708 0.000000000000e+00
1709 0.000000000000e+00
1710 0.000000000000e+00
1711 0.000000000000e+00
1712 0.000000000000e+00
1713 0.000000000000e+00
1714 2.146110075163e+00
1715 9.591215675165e+00
1716 0.000000000000e+00
1717 0.000000000000e+00
1718 3.960979924555e+00
1719 0.000000000000e+00
