16.617 55.653 26.668
15.578 54.605 26.879
16.2 53.261 27.235
17.408 53.052 27.083
14.716 54.477 25.626
16.508 56.36 27.363
17.519 55.234 26.745
16.499 56.046 25.759
14.986 54.904 27.636
14.842 53.57 25.227
13.755 54.604 25.869
14.988 55.174 24.963
15.369 52.338 27.723
15.891 51.011 28.063
16.213 50.333 26.725
15.547 50.632 25.742
14.923 50.166 28.879
15.426 48.762 29.189
14.319 47.733 29.313
16.047 48.476 28.454
16.738 51.129 28.553
15.936 48.789 30.053
14.396 52.622 27.832
14.06 50.079 28.373
14.743 50.628 29.751
14.856 46.884 27.572
13.547 47.741 30.27
14.194 46.823 28.355
13.485 46.107 28.391
17.225 49.484 26.709
17.614 48.734 25.54
16.503 47.836 24.995
15.985 46.943 25.669
18.8 47.801 25.877
19.35 47.126 24.629
19.896 48.574 26.587
17.862 49.392 24.804
19.28 46.133 24.728
19.84 48.401 27.571
18.454 47.079 26.473
18.823 47.419 23.831
20.309 47.381 24.506
17.727 49.403 27.633
20.788 48.276 26.245
19.78 49.552 26.412
16.199 48.018 23.715
15.297 47.108 23.005
16.151 46.349 21.982
16.658 46.947 21.038
14.128 47.823 22.323
13.425 48.795 23.275
13.139 46.773 21.834
12.373 49.679 22.641
14.994 46.44 23.668
12.393 47.23 21.354
13.611 46.148 21.216
14.491 48.354 21.557
12.998 48.26 24.012
14.127 49.382 23.694
11.658 49.108 22.24
16.644 48.841 23.27
11.975 50.273 23.339
12.784 46.272 22.621
12.795 50.236 21.928
16.365 45.056 22.208
17.242 44.296 21.312
16.779 42.869 21.091
17.578 41.987 20.786
18.649 44.38 21.935
18.777 43.433 23.125
17.216 44.763 20.411
15.888 44.657 23.021
18.796 45.304 22.249
19.309 44.118 21.25
17.79 43.141 23.792
19.989 42.938 23.324
20.145 42.301 24.09
20.745 43.19 22.725
15.492 42.62 21.268
14.853 41.326 21.055
14.07 41.374 19.745
13.551 42.431 19.385
13.861 40.963 22.18
12.949 42.054 22.385
14.563 40.659 23.496
15.562 40.628 20.972
15.237 39.929 23.361
15.031 41.481 23.829
14.94 43.469 21.59
13.321 40.148 21.891
13.891 40.364 24.18
13.414 42.813 22.851
13.897 40.257 19.06
13.203 40.165 17.783
11.855 40.878 17.794
11.593 41.74 16.956
12.971 38.701 17.392
14.223 37.942 17.054
14.931 38.258 15.896
14.693 36.915 17.858
16.088 37.573 15.57
15.842 36.227 17.526
16.54 36.558 16.383
17.378 36.061 16.142
13.778 40.642 17.099
16.594 37.824 14.732
16.169 35.475 18.127
14.319 39.404 19.531
14.19 36.672 18.691
14.603 38.983 15.299
12.382 38.692 16.595
12.536 38.25 18.159
11.018 40.529 18.774
9.697 41.121 18.876
9.732 42.586 19.232
9.056 43.382 18.574
8.792 40.334 19.84
8.261 39.113 19.093
7.596 39.286 18.05
8.564 37.981 19.525
11.389 39.821 19.431
9.265 41.045 17.959
8.045 40.902 20.089
9.333 40.035 20.59
10.571 42.973 20.188
10.649 44.382 20.553
11.115 45.209 19.352
10.54 46.261 19.079
11.128 42.23 20.621
9.747 44.706 20.845
11.299 44.501 21.306
12.169 44.761 18.686
12.704 45.483 17.534
11.721 45.475 16.374
11.391 46.551 15.876
14.072 44.914 17.11
14.703 45.739 16.006
14.996 44.863 18.327
12.855 46.441 17.809
14.386 45.41 15.116
15.5 45.723 18.39
13.916 43.998 16.741
14.445 46.7 16.114
15.7 45.658 16.052
12.573 43.876 19.043
14.445 44.732 19.15
15.634 44.102 18.221
11.116 44.326 16.076
10.138 44.239 14.99
8.956 45.173 15.232
8.582 45.958 14.357
9.674 42.802 14.771
11.391 43.52 16.664
10.588 44.507 14.129
10.468 42.196 14.752
9.066 42.532 15.516
9.185 42.739 13.902
8.4 45.162 16.444
7.293 46.054 16.781
7.7 47.507 16.581
7.048 48.283 15.882
6.83 45.827 18.22
6.192 44.475 18.447
5.605 43.889 17.519
6.302 43.966 19.588
8.812 44.483 17.108
6.55 45.863 16.132
6.167 46.538 18.444
7.627 45.91 18.815
8.843 47.874 17.16
9.408 49.21 17.005
9.63 49.593 15.547
9.268 50.704 15.148
10.714 49.28 17.796
11.123 50.663 18.238
11.738 51.539 17.35
10.904 51.087 19.55
12.121 52.806 17.75
11.289 52.351 19.965
11.888 53.199 19.057
12.271 54.455 19.462
8.758 49.877 17.409
12.559 53.431 17.106
11.136 52.642 20.906
9.295 47.126 17.731
10.462 50.468 20.196
11.907 51.247 16.406
11.447 48.906 17.222
10.615 48.706 18.613
13.228 54.601 19.218
10.225 48.72 14.733
10.448 49.016 13.321
9.14 49.317 12.593
9.035 50.303 11.877
11.155 47.869 12.6
12.653 47.698 12.854
13.12 46.316 12.417
13.443 48.791 12.135
13.155 49.686 12.473
14.418 48.665 12.311
13.27 48.734 11.153
10.509 47.83 15.184
12.943 46.197 11.44
14.101 46.224 12.591
12.624 45.617 12.932
11.042 49.829 13.253
12.833 47.815 13.831
11.034 48.005 11.616
10.709 47.015 12.873
8.116 48.49 12.784
6.841 48.718 12.113
6.052 49.872 12.69
5.352 50.57 11.954
6.028 47.424 12.146
6.736 46.33 11.348
5.702 45.307 10.913
7.142 46.732 10.55
7.041 48.932 11.138
7.396 45.892 11.927
8.297 47.703 13.425
5.147 47.585 11.733
5.944 47.119 13.08
6.284 45.546 8.99
4.99 44.822 11.796
5.654 45.049 9.615
4.993 44.361 9.243
6.142 50.085 14.005
5.412 51.186 14.616
6.059 52.536 14.368
5.315 53.498 14.127
5.25 50.969 16.13
4.719 49.656 16.309
4.314 51.984 16.764
4.475 51.205 14.223
3.823 52.489 16.049
3.648 51.515 17.35
6.745 49.431 14.518
6.162 51.009 16.565
4.84 52.633 17.32
5.438 48.964 16.175
7.382 52.656 14.488
7.986 53.985 14.325
8.798 54.16 13.053
9.32 55.239 12.743
8.809 54.326 15.575
8.026 54.142 16.86
6.985 55.008 17.191
8.32 53.099 17.735
6.267 54.853 18.363
7.6 52.938 18.898
6.577 53.816 19.21
5.874 53.629 20.38
7.229 54.67 14.315
5.528 55.491 18.589
7.815 52.182 19.525
7.898 51.806 14.688
9.057 52.467 17.513
6.753 55.758 16.566
9.088 55.275 15.514
9.598 53.726 15.601
6.436 53.108 21.019
8.96 53.104 12.282
9.71 53.124 11.032
11.148 53.585 11.201
11.672 54.351 10.39
8.995 53.998 9.998
7.801 53.304 9.411
7.49 52.001 9.727
6.858 53.726 8.533
6.397 51.644 9.071
5.999 52.671 8.341
8.007 51.418 10.352
6.799 54.622 8.11
8.497 52.23 12.646
5.953 50.756 9.119
9.722 52.18 10.654
9.629 54.214 9.259
8.687 54.839 10.437
11.792 53.067 12.232
13.2 53.336 12.509
13.642 52.308 13.552
12.796 51.564 14.057
13.438 54.767 12.966
12.695 55.164 14.225
13.099 56.529 14.752
12.273 56.874 15.987
12.432 58.304 16.384
13.728 53.2 11.683
11.306 56.693 15.791
12.566 56.288 16.747
11.705 55.172 14.033
12.87 54.476 14.941
12.482 58.366 17.38
13.272 58.666 15.982
11.648 58.827 16.053
12.925 57.21 14.058
14.053 56.508 15.008
11.206 52.443 12.839
13.156 55.384 12.226
14.42 54.885 13.131
14.936 52.199 13.794
15.413 51.245 14.792
15.406 51.954 16.142
15.6 53.168 16.173
16.852 50.804 14.511
17.068 49.663 13.516
18.472 49.741 12.937
16.832 48.31 14.174
15.893 48.263 14.515
16.979 47.582 13.504
17.468 48.193 14.937
15.55 52.813 13.246
19.144 49.666 13.675
18.609 48.993 12.287
18.592 50.616 12.466
14.781 50.481 14.833
16.4 49.743 12.78
17.259 50.52 15.382
17.352 51.601 14.161
15.244 51.196 17.213
15.358 51.723 18.561
16.677 52.457 18.716
17.658 52.149 18.029
15.325 50.484 19.452
14.677 49.427 18.637
15.03 49.728 17.205
15.015 48.514 18.902
14.585 52.325 18.781
14.285 49.49 16.584
15.865 49.258 16.925
13.676 49.439 18.767
14.801 50.667 20.293
16.26 50.215 19.718
16.771 53.369 19.667
17.952 54.179 19.917
19.242 53.471 20.26
20.331 54.042 20.072
17.623 55.191 21.029
16.653 56.269 20.604
16.537 56.632 19.41
15.973 56.783 21.523
15.89 53.465 20.249
18.128 54.72 19.05
18.479 55.617 21.312
17.229 54.683 21.792
19.247 52.247 20.75
20.458 51.507 21.066
21.147 50.832 19.877
21.969 49.921 20.041
20.074 50.495 22.157
18.9 49.626 21.757
21.129 52.178 21.449
18.284 51.841 20.897
19.833 51.002 22.98
20.861 49.911 22.33
17.736 50.032 21.796
19.203 48.405 21.339
18.471 47.777 21.053
20.155 48.104 21.307
20.897 51.244 18.639
21.531 50.707 17.457
22.399 51.761 16.765
21.998 52.902 16.584
20.536 50.131 16.428
19.925 48.829 16.92
20.598 47.623 16.786
18.681 48.821 17.529
20.05 46.445 17.239
18.126 47.641 17.99
18.812 46.46 17.845
18.251 45.292 18.305
22.133 49.945 17.73
20.547 45.579 17.131
17.223 47.65 18.429
20.175 52.019 18.595
18.179 49.677 17.638
21.503 47.611 16.349
21.026 49.949 15.594
19.813 50.786 16.298
18.838 44.525 18.053
23.607 51.378 16.384
24.571 52.202 15.696
25.201 51.405 14.547
25.451 50.208 14.684
25.715 52.748 16.566
26.413 51.638 17.356
25.211 53.843 17.497
27.726 52.107 17.955
24.063 52.951 15.269
25.988 54.232 17.989
24.763 54.549 16.953
26.392 53.166 15.959
25.812 51.342 18.085
26.595 50.883 16.74
27.551 52.87 18.574
23.816 50.361 16.641
28.145 51.354 18.459
24.562 53.445 18.142
28.336 52.401 17.222
25.442 52.086 13.424
26.022 51.398 12.275
27.481 51.029 12.518
28.09 51.431 13.514
25.907 52.235 10.993
26.795 53.354 11.116
24.469 52.701 10.795
25.502 50.547 12.116
24.268 53.455 11.424
24.342 53.016 9.852
25.196 53.078 13.444
26.21 51.674 10.204
23.839 51.943 10.977
26.379 54.069 11.687
28.043 50.254 11.589
29.435 49.833 11.713
30.376 51.034 11.664
31.305 51.125 12.472
29.814 48.806 10.647
29.044 47.5 10.667
29.014 46.838 9.291
28.384 45.457 9.373
27.963 44.891 8.068
29.557 49.365 12.596
29.049 44.824 9.809
27.576 45.506 9.988
29.478 46.871 11.314
28.102 47.675 10.958
27.846 45.631 7.405
28.662 44.256 7.738
27.096 44.404 8.179
29.943 46.745 8.961
28.473 47.399 8.679
27.428 49.99 10.806
30.795 48.595 10.754
29.684 49.234 9.743
30.153 51.984 10.769
30.974 53.175 10.673
30.989 53.998 11.96
32.071 54.34 12.445
30.509 54.095 9.53
30.759 53.439 8.3
29.336 51.8 10.14
31.929 52.887 10.483
31.028 54.93 9.567
29.543 54.254 9.626
30.911 52.465 8.466
29.81 54.351 12.474
29.707 55.104 13.716
30.426 54.37 14.849
31.311 54.937 15.493
28.255 55.35 14.123
27.375 55.847 13.002
25.889 55.84 13.282
25.363 54.91 13.934
25.229 56.798 12.826
27.633 56.787 12.796
30.116 56.015 13.598
27.528 55.27 12.204
28.987 54.045 11.917
28.256 56.033 14.833
27.886 54.493 14.44
30.163 53.07 14.996
30.891 52.277 15.993
32.401 52.424 15.795
33.146 52.63 16.762
30.475 50.821 15.929
29.438 52.69 14.377
30.654 52.614 16.908
31.288 50.24 15.871
29.957 50.582 16.751
29.903 50.669 15.122
32.882 52.333 14.558
34.305 52.503 14.284
34.742 53.924 14.623
35.727 54.08 15.352
34.686 52.142 12.85
34.635 50.654 12.544
34.67 50.376 11.057
35.422 50.212 12.971
34.814 51.875 14.88
33.791 50.278 12.921
32.176 52.136 13.827
35.621 52.464 12.674
34.059 52.61 12.222
33.436 48.803 11.299
35.343 51.088 10.308
33.957 49.354 10.612
33.926 49.121 9.624
33.927 54.939 14.336
34.28 56.314 14.669
34.473 56.547 16.166
35.203 57.469 16.543
33.289 57.317 14.101
33.043 54.67 13.867
35.148 56.55 14.194
33.709 58.224 14.074
33.03 57.044 13.175
32.473 57.346 14.679
33.873 55.75 17.031
34.033 55.814 18.464
35.062 54.822 18.996
35.236 54.768 20.219
32.705 55.542 19.182
31.53 56.456 18.825
30.204 55.761 19.111
31.627 57.766 19.594
32.482 58.229 19.36
30.855 58.354 19.353
31.608 57.58 20.576
33.239 55.031 16.565
30.151 55.53 20.083
29.449 56.372 18.872
30.141 54.925 18.566
34.339 56.75 18.718
31.581 56.686 17.854
32.865 55.632 20.162
32.43 54.607 18.968
35.713 54.027 18.15
36.724 53.116 18.658
36.487 51.638 18.527
37.377 50.852 18.888
35.449 54.114 17.164
37.634 53.353 18.207
36.894 53.343 19.662
35.345 51.191 18.017
35.11 49.757 17.847
36.1 49.127 16.871
36.319 49.592 15.759
33.676 49.486 17.391
33.306 48.047 17.233
33.484 47.062 18.164
32.699 47.42 16.098
33.023 45.867 17.679
32.544 46.054 16.408
32.269 47.875 14.849
31.972 45.141 15.525
31.702 46.968 13.969
31.558 45.615 14.309
31.144 44.994 13.644
35.247 49.316 18.745
33.032 44.995 18.17
32.365 48.833 14.59
31.392 47.287 13.077
31.875 44.176 15.785
33.891 47.195 19.066
34.66 51.918 17.759
33.532 49.929 16.503
33.045 49.882 18.062
36.731 48.058 17.316
37.643 47.21 16.581
37.058 45.795 16.701
37.129 45.183 17.762
39.091 47.177 17.075
39.924 46.22 16.225
39.738 48.557 17.064
37.62 47.463 15.629
40.244 46.696 15.407
39.488 49.044 17.9
39.093 46.813 18.001
40.709 45.903 16.756
39.362 45.438 15.959
36.494 47.851 18.351
40.731 48.454 17.018
39.414 49.066 16.267
36.43 45.32 15.639
35.65 44.097 15.638
36.349 42.883 16.213
35.722 42.131 16.975
35.137 43.82 14.231
36.546 45.918 14.775
34.791 44.26 16.177
35.877 43.955 13.573
34.81 42.877 14.175
34.387 44.446 14.02
37.628 42.673 15.893
38.36 41.528 16.419
38.76 41.716 17.88
39.153 40.742 18.521
39.583 41.204 15.564
40.3 42.362 15.194
38.039 43.377 15.256
37.755 40.718 16.367
39.278 40.731 14.735
40.187 40.599 16.085
39.726 43.17 15.328
38.642 42.918 18.428
38.881 43.162 19.838
37.606 42.892 20.639
37.646 42.638 21.843
39.382 44.591 20.082
40.815 44.659 20.584
41.457 46.018 20.321
42.405 45.944 19.131
43.224 47.176 18.953
39.599 42.541 20.165
43.021 45.155 19.256
41.863 45.786 18.294
40.825 44.486 21.572
41.358 43.953 20.124
43.474 47.271 17.99
42.692 47.971 19.241
44.051 47.106 19.509
41.974 46.289 21.121
40.744 46.675 20.118
38.363 43.671 17.756
38.789 45.015 20.762
39.325 45.09 19.222
36.461 42.994 19.976
35.163 42.785 20.591
34.938 43.767 21.735
34.443 43.383 22.794
36.577 43.241 18.961
34.438 42.908 19.903
35.103 41.844 20.947
35.234 45.033 21.486
35.156 46.097 22.464
33.974 47.034 22.313
33.993 48.129 22.877
36.467 46.908 22.369
36.663 47.639 21.06
35.067 45.653 23.384
35.54 45.204 20.486
37.231 46.271 22.502
36.468 47.578 23.117
35.997 47.365 20.06
37.579 48.611 21.019
37.741 49.121 20.191
38.109 48.82 21.85
32.938 46.652 21.57
31.81 47.543 21.321
31.138 48.09 22.573
30.841 49.284 22.628
30.751 46.889 20.422
29.587 47.827 20.056
30.084 49.019 19.257
28.51 47.061 19.306
28.162 46.32 19.881
27.759 47.679 19.073
28.894 46.676 18.466
33.002 45.688 21.193
30.517 48.701 18.413
29.313 49.616 19.029
30.751 49.532 19.798
32.145 48.335 20.768
29.155 48.145 20.9
30.371 46.122 20.906
31.188 46.62 19.582
30.886 47.258 23.571
30.284 47.697 24.824
31.193 48.663 25.587
30.693 49.564 26.266
29.892 46.506 25.673
31.154 46.265 23.386
29.415 48.172 24.62
28.944 46.606 25.978
29.979 45.665 25.137
30.491 46.449 26.473
32.509 48.549 25.469
33.451 49.473 26.063
33.325 50.874 25.448
33.211 51.841 26.207
34.906 49.051 25.881
35.32 47.719 26.442
34.547 47.068 27.175
36.468 47.282 26.157
32.812 47.715 24.897
33.215 49.566 27.039
35.487 49.772 26.299
35.101 49.056 24.883
33.409 50.985 24.124
33.383 52.278 23.458
31.989 52.831 23.184
31.864 53.994 22.787
34.141 52.277 22.105
35.559 51.743 22.251
33.4 51.493 21.029
33.87 52.95 24.056
36.212 52.462 22.014
33.881 51.593 20.159
34.214 53.226 21.803
35.711 51.453 23.196
35.687 50.963 21.639
33.493 50.08 23.618
33.368 50.528 21.288
32.47 51.85 20.943
30.953 52.015 23.329
29.583 52.433 23.031
28.602 51.65 23.901
27.858 50.777 23.448
29.305 52.228 21.546
31.194 51.06 23.67
29.489 53.408 23.241
28.707 51.436 21.425
28.859 53.042 21.175
30.166 52.071 21.065
28.639 51.939 25.199
27.813 51.26 26.179
26.35 51.187 25.779
25.76 52.097 25.206
28.022 52.023 27.48
29.258 52.826 27.304
29.509 52.956 25.835
29.151 53.741 27.733
28.176 50.327 26.372
30.475 52.777 25.604
29.27 53.874 25.496
30.043 52.374 27.765
28.115 51.382 28.258
27.227 52.621 27.673
25.772 50.001 25.953
24.397 49.697 25.642
24.046 49.758 24.168
22.857 49.787 23.83
26.438 49.274 26.355
24.168 48.762 25.998
23.783 50.34 26.155
25.028 49.76 23.274
24.764 49.875 21.853
24.94 48.536 21.148
25.709 47.677 21.552
25.67 50.933 21.204
25.51 52.326 21.788
24.131 52.89 21.488
24.121 54.406 21.486
22.765 54.936 21.802
23.813 50.186 21.718
24.771 54.739 22.171
24.399 54.734 20.582
25.632 52.281 22.779
26.2 52.929 21.391
22.531 54.705 22.746
22.764 55.929 21.69
22.097 54.527 21.181
23.493 52.568 22.184
23.841 52.568 20.589
25.983 49.673 23.678
25.452 50.97 20.231
26.617 50.645 21.327
24.219 48.399 20.052
24.315 47.235 19.184
24.503 47.723 17.746
24.066 48.806 17.353
23.062 46.371 19.263
22.916 45.752 20.53
23.57 49.199 19.857
25.127 46.718 19.438
23.116 45.659 18.561
22.261 46.946 19.091
22.049 45.256 20.56
25.19 46.892 16.98
25.407 47.112 15.566
24.071 46.903 14.863
23.476 45.856 15.09
26.432 46.104 15.001
27.786 46.285 15.7
26.559 46.223 13.486
28.475 47.595 15.358
25.635 48.073 15.457
27.184 45.518 13.159
25.658 46.099 13.076
26.103 45.19 15.2
27.64 46.244 16.685
28.38 45.531 15.428
27.89 48.355 15.634
25.567 46.053 17.491
29.345 47.645 15.845
26.915 47.128 13.263
28.637 47.634 14.374
23.619 47.844 14.054
22.404 47.69 13.271
22.187 48.887 12.352
22.771 49.951 12.58
24.209 48.71 14.024
22.464 46.852 12.714
21.613 47.599 13.889
21.427 48.739 11.271
21.12 49.887 10.43
21.798 49.871 9.074
21.387 50.607 8.174
21.092 47.784 11.092
20.107 49.941 10.297
21.383 50.743 10.925
22.838 49.062 8.918
23.538 48.974 7.645
22.701 48.227 6.606
21.892 47.335 6.9
24.883 48.252 7.813
25.907 49.109 8.54
26.181 50.243 8.097
26.463 48.668 9.567
23.1 48.515 9.757
23.659 49.913 7.302
25.229 48.036 6.911
24.724 47.429 8.34
22.944 48.599 5.357
22.341 47.953 4.197
22.659 46.458 4.22
23.832 46.112 4.442
22.974 48.507 2.905
22.59 49.981 2.717
22.622 47.719 1.65
23.789 50.754 2.196
21.351 48.035 4.31
23.125 48.1 0.877
22.877 46.764 1.786
23.961 48.457 3.001
21.861 50.036 2.065
22.328 50.348 3.588
24.074 50.368 1.321
23.613 49.405 5.272
23.535 51.712 2.075
21.64 47.791 1.488
24.536 50.684 2.854
21.627 45.646 3.996
21.861 44.2 3.905
21.68 43.851 2.428
20.727 44.295 1.789
20.988 43.367 4.828
21.041 41.881 4.606
22.191 41.166 4.916
19.95 41.202 4.083
22.248 39.799 4.702
20.006 39.839 3.878
21.15 39.13 4.188
21.19 38.143 4.045
22.81 44.047 4.121
23.095 39.296 4.922
19.195 39.356 3.493
20.715 46.091 3.899
19.118 41.708 3.855
22.981 41.637 5.296
20.043 43.658 4.702
21.276 43.543 5.766
22.671 43.184 1.858
22.702 42.957 0.42
22.065 41.682 -0.068
22.11 41.436 -1.272
24.159 43.044 -0.071
24.439 44.411 -0.344
23.405 42.845 2.508
22.213 43.746 -0.026
24.245 42.523 -0.897
24.752 42.726 0.642
23.603 44.947 -0.242
21.538 40.839 0.817
20.822 39.637 0.408
21.622 38.873 -0.627
21.152 38.539 -1.717
19.497 40.134 -0.176
18.402 39.09 -0.234
20.744 39.048 1.219
21.68 41.11 1.812
19.671 40.466 -1.108
19.176 40.903 0.386
18.55 38.005 0.337
17.311 39.456 -0.903
16.537 38.812 -0.979
17.256 40.354 -1.326
22.888 38.603 -0.322
23.841 38.05 -1.274
23.459 36.705 -1.845
23.681 36.421 -3.027
25.238 38.056 -0.637
25.676 39.48 -0.316
26.899 39.545 0.58
27.105 40.912 1.053
27.627 41.915 0.367
28.027 41.757 -0.882
27.737 43.111 0.923
24.925 39.96 0.146
23.946 38.715 -2.047
26.815 41.113 2.016
25.889 39.961 -1.171
28.147 43.87 0.419
27.406 43.262 1.859
23.143 38.825 0.673
27.685 39.258 0.052
26.749 38.948 1.355
28.439 42.527 -1.382
27.922 40.873 -1.339
25.873 37.676 -1.28
25.198 37.549 0.201
22.839 35.865 -1.033
22.363 34.555 -1.437
20.967 34.608 -2.037
20.443 33.583 -2.464
22.362 33.624 -0.214
23.736 33.47 0.42
24.624 32.514 -0.339
24.134 31.923 -1.316
25.805 32.304 0
24.173 34.351 0.421
23.003 34.154 -2.114
23.617 33.113 1.328
22.718 36.234 -0.051
22.069 32.739 -0.515
21.765 34.016 0.456
20.293 35.746 -1.984
18.972 35.947 -2.514
17.881 35.146 -1.829
16.923 34.718 -2.497
20.835 36.525 -1.497
18.731 36.944 -2.461
18.968 35.72 -3.515
17.967 34.934 -0.515
16.912 34.179 0.16
15.772 35.109 0.544
14.652 34.607 0.654
17.408 33.385 1.354
18.402 32.269 1.066
19.495 32.301 2.122
20.304 31.018 2.196
21.554 31.243 3.007
16.562 33.479 -0.468
19.761 30.31 2.634
20.564 30.737 1.278
17.935 31.398 1.11
18.807 32.415 0.176
22.267 31.599 2.408
21.355 31.9 3.73
21.842 30.375 3.403
19.073 32.462 3.018
20.12 33.059 1.915
18.788 35.324 -0.051
16.607 32.975 1.816
17.843 34.026 2.003
16.001 36.401 0.771
14.849 37.255 1.11
14.267 37.748 -0.223
14.973 37.803 -1.23
15.164 38.381 2.061
15.899 38.094 3.369
16.188 39.385 4.113
15.109 37.141 4.256
14.97 36.275 3.776
15.616 36.974 5.102
14.221 37.546 4.475
16.955 36.719 0.697
15.328 39.853 4.322
16.669 39.181 4.967
16.759 39.98 3.546
14.169 36.704 1.564
16.76 37.628 3.162
14.29 38.833 2.312
15.721 39.067 1.56
12.97 38.01 -0.233
12.246 38.405 -1.421
12.687 39.741 -1.988
12.801 40.727 -1.261
10.782 38.419 -0.973
10.824 38.604 0.505
12.078 37.905 0.954
10.856 39.581 0.739
12.304 37.679 -2.138
11.908 36.945 1.173
12.494 38.36 1.738
10.013 38.196 0.936
10.33 37.554 -1.216
10.284 39.173 -1.417
12.936 39.796 -3.289
13.368 41.002 -3.972
12.227 41.676 -4.716
11.243 41.054 -5.105
12.792 38.88 -3.789
13.755 41.651 -3.298
14.104 40.773 -4.629
12.331 42.979 -4.93
11.31 43.745 -5.634
11.889 45.07 -6.128
12.661 45.722 -5.42
10.144 44.017 -4.696
8.753 44.139 -5.277
7.751 44.467 -4.171
6.643 45.371 -4.705
5.51 44.539 -5.217
10.994 43.218 -6.428
6.316 45.952 -3.968
7.005 45.924 -5.448
8.737 44.873 -5.948
8.492 43.278 -5.698
5.38 44.726 -6.189
5.726 43.573 -5.084
4.679 44.771 -4.714
8.222 44.941 -3.442
7.344 43.625 -3.848
13.206 43.411 -4.552
10.348 44.879 -4.188
10.127 43.273 -3.997
11.464 45.485 -7.32
11.798 46.814 -7.807
11.593 47.82 -6.682
10.499 47.868 -6.118
10.875 47.178 -8.98
11.256 46.48 -10.159
10.897 44.801 -7.846
12.766 46.824 -8.056
10.942 48.155 -9.147
9.943 46.928 -8.742
11.911 45.765 -9.923
12.602 48.589 -6.309
12.523 49.592 -5.27
12.81 49.115 -3.856
12.83 49.923 -2.907
13.495 48.403 -6.85
13.17 50.362 -5.496
11.587 50.023 -5.289
13.036 47.824 -3.654
13.22 47.27 -2.327
14.678 47.088 -1.937
15.421 46.312 -2.539
12.523 45.907 -2.155
12.716 45.283 -0.78
11.944 43.99 -0.556
10.493 44.206 -0.452
9.606 43.317 -0.904
10.007 42.188 -1.456
8.308 43.546 -0.804
12.426 45.942 -0.073
12.782 47.893 -1.649
10.166 45.041 -0.032
13.696 45.087 -0.639
7.648 42.894 -1.156
7.982 44.392 -0.364
13.069 47.25 -4.525
12.273 43.575 0.291
12.128 43.381 -1.325
9.325 41.535 -1.81
10.979 41.973 -1.526
12.895 45.284 -2.834
11.549 46.039 -2.303
15.048 47.727 -0.83
16.374 47.494 -0.259
16.149 46.932 1.141
15.058 47.067 1.694
17.218 48.769 -0.224
16.369 49.79 0.321
17.693 49.161 -1.614
16.839 46.81 -0.802
17.634 50.156 -1.726
18.645 48.872 -1.743
14.353 48.368 -0.431
17.994 48.636 0.404
17.119 48.718 -2.308
15.403 49.542 0.198
17.166 46.276 1.687
17.068 45.672 3.003
18.148 46.247 3.926
19.178 46.767 3.515
17.282 44.168 2.941
16.217 43.378 2.248
16.126 43.104 0.913
15.09 42.75 2.864
15.013 42.35 0.662
14.357 42.117 1.846
14.631 42.666 4.184
13.186 41.405 2.105
13.463 41.954 4.433
12.755 41.335 3.393
11.917 40.835 3.618
16.179 45.92 3.395
14.719 42.019 -0.234
15.123 43.101 4.929
13.128 41.887 5.368
12.689 40.964 1.346
16.779 43.411 0.22
18.023 46.235 1.098
17.35 43.81 3.878
18.145 43.981 2.461
17.883 46.1 5.216
18.808 46.514 6.263
18.804 45.415 7.328
17.823 44.67 7.413
18.391 47.863 6.83
19.096 49.058 6.22
18.412 50.374 6.586
18.632 51.343 5.529
19.756 51.976 5.22
20.891 51.806 5.885
19.748 52.815 4.177
19.093 48.978 5.225
19.722 46.585 5.884
17.811 51.573 4.939
20.037 49.099 6.551
20.584 53.316 3.941
18.918 52.938 3.641
16.954 45.662 5.419
18.811 50.699 7.428
17.446 50.197 6.684
21.707 52.311 5.637
20.923 51.154 6.652
18.579 47.862 7.813
17.408 47.975 6.682
19.864 45.324 8.12
19.919 44.314 9.165
20.346 44.937 10.494
20.957 45.993 10.53
20.882 43.184 8.784
22.327 43.64 8.62
23.305 42.484 8.663
23.346 41.789 9.705
24.022 42.271 7.656
22.414 44.073 7.744
19.016 43.885 9.274
22.545 44.243 9.362
20.615 46.006 7.936
20.587 42.816 7.923
20.861 42.517 9.505
20.067 44.245 11.592
20.485 44.705 12.91
20.76 43.482 13.79
20.2 42.398 13.538
19.459 45.634 13.514
19.537 43.367 11.433
21.33 45.228 12.821
19.636 45.746 14.494
19.507 46.53 13.068
18.541 45.254 13.388
21.676 43.66 14.733
22.041 42.561 15.622
20.968 42.353 16.683
20.47 43.338 17.244
23.381 42.85 16.296
24.588 42.548 15.432
24.495 42.621 14.188
25.66 42.252 16.013
22.089 44.601 14.781
22.071 41.725 15.065
23.434 42.295 17.126
23.399 43.819 16.542
20.6 41.112 16.96
19.579 40.841 17.992
20.218 39.997 19.094
21.151 39.214 18.886
18.337 40.164 17.404
17.562 41.092 16.469
17.387 39.601 18.457
16.892 42.299 17.076
19.357 41.721 18.396
16.663 39.092 17.998
17.9 38.997 19.063
18.639 39.372 16.87
18.198 41.406 15.741
16.853 40.535 15.997
17.58 42.88 17.51
21.066 40.372 16.417
16.424 42.816 16.36
16.998 40.358 18.977
16.227 42.002 17.761
19.768 40.207 20.325
20.243 39.551 21.525
21.712 39.865 21.823
22.377 39.017 22.427
20.1 38.025 21.496
18.671 37.552 21.382
19.706 39.914 22.303
18.987 40.938 20.356
20.494 37.66 22.341
20.617 37.679 20.712
17.76 38.213 21.881
18.495 36.428 20.697
17.565 36.056 20.576
19.276 35.95 20.302
22.194 41.048 21.467
23.577 41.399 21.763
23.675 42.343 22.961
22.899 43.282 23.079
24.251 42.05 20.545
25.686 42.453 20.837
26.696 41.5 20.78
26.019 43.74 21.227
28.004 41.837 21.061
27.325 44.092 21.505
28.311 43.134 21.41
29.622 43.462 21.673
24.078 40.553 21.992
28.727 41.143 21.01
27.552 45.027 21.771
21.532 41.671 20.983
25.296 44.43 21.308
26.47 40.556 20.532
23.743 42.863 20.306
24.256 41.396 19.806
30.194 42.654 21.546
24.657 42.114 23.816
24.966 42.938 24.973
26.432 43.383 24.959
26.722 44.581 24.967
24.716 42.188 26.301
23.329 41.838 26.407
25.089 43.051 27.501
24.389 43.764 24.946
24.57 42.754 28.306
26.07 42.963 27.69
25.224 41.245 23.579
25.263 41.327 26.298
24.875 44.011 27.307
22.778 42.405 25.786
27.372 42.429 24.897
28.783 42.81 24.868
29.672 41.683 24.386
29.21 40.562 24.197
29.2 43.242 26.287
29.152 42.125 27.158
27.028 41.468 24.873
28.88 43.585 24.224
28.567 43.932 26.605
30.124 43.591 26.252
28.216 41.78 27.206
30.95 41.974 24.166
31.888 40.958 23.704
31.77 40.771 22.193
31.294 41.659 21.482
31.213 42.959 24.347
32.826 41.237 23.93
31.692 40.086 24.161
32.262 39.637 21.702
32.18 39.335 20.273
30.725 39.154 19.842
29.879 38.787 20.66
33.016 38.094 19.961
34.428 38.229 20.478
35.319 39.086 19.859
34.854 37.504 21.582
36.615 39.21 20.313
36.155 37.635 22.045
37.037 38.492 21.417
37.971 38.596 21.753
32.529 40.139 19.783
37.255 39.828 19.833
36.454 37.092 22.852
32.694 39.007 22.397
34.222 36.887 22.045
35.022 39.626 19.072
33.058 37.992 18.988
32.602 37.327 20.408
30.442 39.456 18.577
29.087 39.375 18.041
28.558 37.949 17.967
29.34 36.997 18.007
29.032 40.05 16.66
29.028 41.564 16.758
29.419 42.276 15.482
28.271 42.469 14.598
28.148 41.9 13.406
29.117 41.13 12.947
27.074 42.114 12.671
29.669 41.851 17.484
28.47 39.917 18.639
27.53 43.071 14.915
28.104 41.877 17.021
26.984 41.704 11.766
26.332 42.697 13.023
31.264 39.752 18.009
30.104 41.724 15.014
29.799 43.164 15.723
29.025 40.712 12.025
29.931 40.953 13.489
28.2 39.764 16.211
29.831 39.772 16.15
27.25 37.793 17.852
26.607 36.48 17.804
26.069 36.101 16.429
26.383 36.768 15.437
25.483 36.462 18.854
24.356 37.426 18.517
27.319 35.793 18.043
26.709 38.688 17.798
25.872 36.721 19.732
25.111 35.541 18.897
24.257 37.955 17.403
23.47 37.677 19.482
22.71 38.294 19.316
23.576 37.239 20.377
25.184 35.11 16.348
24.584 34.693 15.089
23.144 35.159 14.885
22.459 34.625 14.004
24.625 33.164 14.981
25.952 32.657 14.953
24.959 34.66 17.265
25.144 35.084 14.33
24.157 32.89 14.14
24.147 32.774 15.768
26.539 33.234 15.517
22.635 36.124 15.645
21.245 36.537 15.548
21.049 37.894 14.888
21.584 38.896 15.369
20.611 36.633 16.937
20.433 35.325 17.672
20.305 34.268 17.021
20.391 35.37 18.92
23.315 36.553 16.31
20.769 35.852 14.963
19.709 37.068 16.831
21.19 37.239 17.495
20.258 37.953 13.819
20.001 39.218 13.141
18.527 39.383 12.774
17.813 38.422 12.566
20.811 39.404 11.861
22.253 38.963 11.854
23.174 40.014 12.466
24.55 39.502 12.405
25.169 38.962 13.453
24.58 38.881 14.636
26.404 38.504 13.316
22.554 38.804 10.915
20.264 39.977 13.756
25.039 39.564 11.539
22.354 38.122 12.385
26.885 38.113 14.101
26.861 38.546 12.425
19.854 37.048 13.522
22.915 40.143 13.401
23.106 40.832 11.933
25.072 38.488 15.415
23.643 39.211 14.755
20.786 40.391 11.621
20.329 38.907 11.116
18.092 40.622 12.66
16.75 40.977 12.223
16.905 41.711 10.886
17.793 42.547 10.754
15.979 41.852 13.23
14.501 41.913 12.848
16.601 43.239 13.352
13.629 42.805 13.696
16.283 40.129 12.022
16.114 43.75 14.057
17.562 43.14 13.602
16.05 41.425 14.123
14.437 42.214 11.886
14.131 40.973 12.885
13.965 43.745 13.646
18.811 41.353 12.917
12.688 42.769 13.36
16.521 43.706 12.474
13.655 42.492 14.645
16.149 41.277 9.881
16.223 41.895 8.56
14.892 42.599 8.272
13.806 42.04 8.394
16.546 40.875 7.494
17.698 39.899 7.591
19.023 40.619 7.777
17.524 38.852 8.685
16.697 38.319 8.508
18.317 38.243 8.693
17.444 39.306 9.572
15.523 40.487 10.111
18.996 41.16 8.619
19.764 39.949 7.838
19.188 41.226 6.998
16.946 42.581 8.565
17.738 39.348 6.751
16.671 41.39 6.607
15.694 40.309 7.346
14.972 43.865 7.921
13.832 44.717 7.647
14.068 45.543 6.383
15.117 46.139 6.141
13.535 45.616 8.849
14.689 46.531 9.185
15.796 46.057 9.877
14.678 47.857 8.782
16.855 46.888 10.182
15.738 48.694 9.077
16.816 48.204 9.782
17.878 49.03 10.071
13.026 44.135 7.49
17.645 46.535 10.689
15.722 49.65 8.781
15.97 44.223 7.853
13.897 48.211 8.272
15.826 45.095 10.16
13.356 45.038 9.634
12.745 46.174 8.633
18.511 48.55 10.676
13.067 45.528 5.523
13.084 46.155 4.215
12.483 47.549 4.204
11.822 48.002 5.138
12.248 45.287 3.251
10.879 45.36 3.644
12.215 44.999 5.881
14.054 46.233 3.917
12.555 44.355 3.319
12.343 45.645 2.34
10.324 45.62 2.857
12.669 48.219 3.065
12.158 49.556 2.833
10.639 49.61 2.811
10.099 50.679 3.075
12.76 50.161 1.572
12.782 49.269 0.489
13.223 47.686 2.348
12.477 50.152 3.59
13.701 50.453 1.775
12.223 50.973 1.318
12.238 48.457 0.706
9.932 48.524 2.54
8.485 48.44 2.601
8.04 47.663 3.844
6.931 47.166 4.025
7.896 47.853 1.332
8.458 46.539 0.877
9.62 46.174 1.151
7.717 45.823 0.174
10.533 47.691 2.265
8.13 49.376 2.702
8.022 48.532 0.592
6.899 47.745 1.477
8.899 47.623 4.848
8.73 47.141 6.194
8.435 45.67 6.41
7.685 45.299 7.319
7.728 48.056 6.962
8.235 49.478 6.9
7.67 50.499 6.19
9.448 49.996 7.464
8.437 51.629 6.314
9.539 51.346 7.081
10.45 49.46 8.27
10.595 52.174 7.469
11.501 50.278 8.654
11.578 51.62 8.244
12.362 52.165 8.528
9.608 47.352 6.711
8.229 52.521 5.91
10.419 48.51 8.569
12.22 49.902 9.236
10.616 53.135 7.181
6.828 50.434 5.661
9.872 48.038 4.535
7.712 47.786 7.891
6.873 48.026 6.51
9.041 44.786 5.626
8.896 43.348 5.795
9.966 42.893 6.795
11.115 43.362 6.743
9.027 42.587 4.491
8.27 43.089 3.26
8.563 42.156 2.095
6.774 43.182 3.521
6.604 43.817 4.275
6.31 43.512 2.699
6.419 42.278 3.762
9.633 45.214 4.874
8.262 41.229 2.324
8.074 42.472 1.281
9.546 42.15 1.91
8.004 43.155 6.184
8.581 44.004 3.039
8.725 41.638 4.653
10.006 42.563 4.242
9.589 42.099 7.795
10.548 41.738 8.832
10.845 40.244 8.885
9.978 39.381 8.96
10.146 42.157 10.259
9.569 43.557 10.361
11.347 41.984 11.187
10.398 44.706 9.843
11.418 42.196 8.585
11.053 42.145 12.126
11.696 41.055 11.091
9.445 41.504 10.581
8.67 43.566 9.88
9.353 43.738 11.342
10.582 44.572 8.87
8.615 41.782 7.77
9.899 45.562 9.973
12.049 42.643 10.929
11.263 44.745 10.343
12.139 39.949 8.849
12.609 38.579 8.928
13.665 38.503 10.039
14.222 39.525 10.431
13.275 38.098 7.646
12.378 37.764 6.483
11.7 38.738 5.768
12.271 36.45 6.059
10.928 38.414 4.67
11.496 36.102 4.967
10.827 37.095 4.283
10.041 36.739 3.222
11.849 37.991 9.189
10.448 39.129 4.16
11.423 35.151 4.681
12.77 40.771 8.761
12.768 35.732 6.554
11.77 39.699 6.053
13.818 37.271 7.867
13.925 38.814 7.343
10.328 37.248 2.411
14.09 37.273 10.289
15.178 37.051 11.227
15.96 35.81 10.806
15.484 34.969 10.041
14.684 36.805 12.649
13.96 35.461 12.819
13.238 35.466 14.159
12.271 34.286 14.283
12.529 33.605 15.584
15.795 37.839 11.209
11.345 34.628 14.266
12.437 33.655 13.541
13.299 35.36 12.093
14.627 34.735 12.81
12.77 32.65 15.415
13.283 34.063 16.053
11.706 33.649 16.149
12.716 36.308 14.244
13.91 35.398 14.889
13.602 36.522 9.781
14.047 37.529 12.893
15.466 36.811 13.263
17.109 35.702 11.444
17.953 34.527 11.306
18.559 34.252 12.676
18.769 35.189 13.449
19.042 34.697 10.243
19.702 33.437 10.016
20.087 35.734 10.651
17.388 33.752 11.051
20.447 36.189 9.834
19.667 36.417 11.252
17.356 36.516 12.045
18.61 34.986 9.364
20.838 35.283 11.137
19.157 32.868 9.393
18.795 32.996 13.007
19.435 32.654 14.286
20.607 31.724 13.977
21.248 31.138 14.849
18.467 32.003 15.274
17.799 30.905 14.631
17.354 32.918 15.768
19.79 33.486 14.693
16.863 33.309 14.985
16.71 32.396 16.332
18.502 32.288 12.313
18.995 31.631 16.063
17.744 33.662 16.316
17.781 31.044 13.636
20.899 31.594 12.675
21.966 30.668 12.266
22.95 31.309 11.294
23.402 30.74 10.295
21.323 29.387 11.751
20.523 29.482 10.48
20.597 30.492 9.745
19.78 28.521 10.16
20.348 32.161 12.034
22.484 30.43 13.101
20.721 29.03 12.485
22.064 28.706 11.615
23.352 32.533 11.619
24.292 33.288 10.794
23.905 33.256 9.321
24.696 32.885 8.452
25.713 32.777 10.97
22.944 32.904 12.503
24.295 34.25 11.105
26.034 32.378 10.111
26.312 33.535 11.228
25.732 32.08 11.687
22.743 33.783 8.967
22.282 33.952 7.594
22.099 32.686 6.776
21.877 32.798 5.567
23.185 34.923 6.814
23.524 36.218 7.523
22.603 37.25 7.647
24.776 36.401 8.096
22.927 38.419 8.299
25.11 37.57 8.751
24.179 38.575 8.853
24.507 39.744 9.505
21.374 34.44 7.627
22.249 39.16 8.373
26.022 37.683 9.147
22.15 34.085 9.797
25.454 35.663 8.032
21.686 37.141 7.253
22.722 35.151 5.953
24.043 34.447 6.605
24.376 40.513 8.883
22.105 31.494 7.348
21.884 30.271 6.595
20.405 30.129 6.259
20.059 29.749 5.138
22.385 29.038 7.362
23.879 29.096 7.606
24.485 27.928 8.335
24.346 29.19 6.706
22.389 30.34 5.731
24.084 29.944 8.131
22.281 31.507 8.378
22.184 28.227 6.825
21.923 29.001 8.239
25.117 29.174 9.803
24.454 26.786 7.875
25.089 28.207 9.493
25.511 27.464 10.05
19.536 30.403 7.223
18.097 30.318 7.03
17.423 31.541 7.668
17.969 32.272 8.497
17.424 29.066 7.618
17.692 28.974 9.028
17.889 27.774 6.951
17.899 30.332 6.049
18.329 27.183 7.63
17.102 27.295 6.556
19.974 30.685 8.131
16.412 29.145 7.494
18.545 27.987 6.224
18.658 28.746 9.183
16.25 31.857 7.127
15.471 33.015 7.507
14.02 32.651 7.811
13.46 31.755 7.202
15.471 34.056 6.384
16.829 34.606 6.048
17.629 33.969 5.096
17.311 35.739 6.677
18.88 34.469 4.796
18.557 36.242 6.372
19.341 35.606 5.429
20.249 35.969 5.201
15.863 33.372 8.367
19.455 33.997 4.112
18.894 37.075 6.841
15.934 31.176 6.384
16.743 36.201 7.365
17.294 33.157 4.636
14.898 34.811 6.672
15.106 33.623 5.571
13.41 33.388 8.731
12.015 33.206 9.091
11.273 34.532 8.985
11.718 35.541 9.524
11.859 32.667 10.525
12.606 31.453 10.615
10.405 32.407 10.877
11.597 32.559 8.447
9.973 33.256 11.192
9.913 32.069 10.07
14.024 34.113 9.175
12.258 33.338 11.171
10.347 31.72 11.607
13.593 31.643 10.57
10.144 34.522 8.297
9.321 35.734 8.184
8.643 35.961 9.531
7.981 35.047 10.016
8.292 35.595 7.067
7.41 36.805 6.888
6.854 36.978 5.485
5.78 38.065 5.478
6.07 39.06 4.416
9.912 36.507 7.985
4.896 37.641 5.305
5.775 38.517 6.366
6.631 36.746 7.536
7.937 37.638 7.129
6.345 39.925 4.836
6.81 38.721 3.835
5.25 39.205 3.861
6.442 36.129 5.191
7.584 37.255 4.879
9.894 33.622 7.859
7.713 34.806 7.275
8.783 35.429 6.211
8.872 37.11 10.165
8.224 37.344 11.451
7.249 38.505 11.357
6.433 38.596 12.274
9.128 37.491 12.673
10.203 38.559 12.481
9.722 36.134 13.025
10.954 38.884 13.761
7.679 36.523 11.645
10.238 36.218 13.875
8.98 35.476 13.139
8.558 37.767 13.452
10.853 38.238 11.799
9.765 39.39 12.15
11.401 38.058 14.098
9.498 37.764 9.7
11.639 39.585 13.571
10.326 35.844 12.285
10.309 39.22 14.444
7.227 39.28 10.295
6.213 40.316 10.104
5.954 40.355 8.582
6.8 40.858 7.804
6.539 41.689 10.627
6.529 42.039 12.084
5.476 41.395 12.973
5.813 41.636 14.374
6.47 40.821 15.182
6.862 39.643 14.742
6.769 41.162 16.435
4.924 39.784 8.187
5.382 40.048 10.554
5.507 42.531 14.771
7.446 41.817 12.494
6.429 43.057 12.189
7.242 40.543 17.035
6.503 42.078 16.77
7.987 39.099 9.601
5.475 40.425 12.796
4.605 41.807 12.768
7.351 39.011 15.373
6.689 39.361 13.803
5.905 42.363 10.147
7.479 41.947 10.258
