16.617000 55.653000 26.668000 1.824000
15.578000 54.605000 26.879000 1.908000
16.200000 53.261000 27.235000 1.908000
17.408000 53.052000 27.083000 1.661200
14.716000 54.477000 25.626000 1.908000
16.508000 56.360000 27.363000 0.600000
17.519000 55.234000 26.745000 0.600000
16.499000 56.046000 25.759000 0.600000
14.986000 54.904000 27.636000 1.100000
14.842000 53.570000 25.227000 1.487000
13.755000 54.604000 25.869000 1.487000
14.988000 55.174000 24.963000 1.487000
15.369000 52.338000 27.723000 1.824000
15.891000 51.011000 28.063000 1.908000
16.213000 50.333000 26.725000 1.908000
15.547000 50.632000 25.742000 1.661200
14.923000 50.166000 28.879000 1.908000
15.426000 48.762000 29.189000 1.908000
14.319000 47.733000 29.313000 1.908000
16.047000 48.476000 28.454000 1.487000
16.738000 51.129000 28.553000 1.387000
15.936000 48.789000 30.053000 1.487000
14.396000 52.622000 27.832000 0.600000
14.060000 50.079000 28.373000 1.487000
14.743000 50.628000 29.751000 1.487000
14.856000 46.884000 27.572000 0.600000
13.547000 47.741000 30.270000 1.661200
14.194000 46.823000 28.355000 1.824000
13.485000 46.107000 28.391000 0.600000
17.225000 49.484000 26.709000 1.824000
17.614000 48.734000 25.540000 1.908000
16.503000 47.836000 24.995000 1.908000
15.985000 46.943000 25.669000 1.661200
18.800000 47.801000 25.877000 1.908000
19.350000 47.126000 24.629000 1.908000
19.896000 48.574000 26.587000 1.908000
17.862000 49.392000 24.804000 1.387000
19.280000 46.133000 24.728000 1.487000
19.840000 48.401000 27.571000 1.487000
18.454000 47.079000 26.473000 1.487000
18.823000 47.419000 23.831000 1.487000
20.309000 47.381000 24.506000 1.487000
17.727000 49.403000 27.633000 0.600000
20.788000 48.276000 26.245000 1.487000
19.780000 49.552000 26.412000 1.487000
16.199000 48.018000 23.715000 1.824000
15.297000 47.108000 23.005000 1.908000
16.151000 46.349000 21.982000 1.908000
16.658000 46.947000 21.038000 1.661200
14.128000 47.823000 22.323000 1.908000
13.425000 48.795000 23.275000 1.908000
13.139000 46.773000 21.834000 1.908000
12.373000 49.679000 22.641000 1.908000
14.994000 46.440000 23.668000 1.387000
12.393000 47.230000 21.354000 1.487000
13.611000 46.148000 21.216000 1.487000
14.491000 48.354000 21.557000 1.487000
12.998000 48.260000 24.012000 1.487000
14.127000 49.382000 23.694000 1.487000
11.658000 49.108000 22.240000 1.487000
16.644000 48.841000 23.270000 0.600000
11.975000 50.273000 23.339000 1.487000
12.784000 46.272000 22.621000 1.487000
12.795000 50.236000 21.928000 1.487000
16.365000 45.056000 22.208000 1.824000
17.242000 44.296000 21.312000 1.908000
16.779000 42.869000 21.091000 1.908000
17.578000 41.987000 20.786000 1.661200
18.649000 44.380000 21.935000 1.908000
18.777000 43.433000 23.125000 1.908000
17.216000 44.763000 20.411000 1.387000
15.888000 44.657000 23.021000 0.600000
18.796000 45.304000 22.249000 1.487000
19.309000 44.118000 21.250000 1.487000
17.790000 43.141000 23.792000 1.661200
19.989000 42.938000 23.324000 1.824000
20.145000 42.301000 24.090000 0.600000
20.745000 43.190000 22.725000 0.600000
15.492000 42.620000 21.268000 1.824000
14.853000 41.326000 21.055000 1.908000
14.070000 41.374000 19.745000 1.908000
13.551000 42.431000 19.385000 1.661200
13.861000 40.963000 22.180000 1.908000
12.949000 42.054000 22.385000 1.721000
14.563000 40.659000 23.496000 1.908000
15.562000 40.628000 20.972000 1.387000
15.237000 39.929000 23.361000 1.487000
15.031000 41.481000 23.829000 1.487000
14.940000 43.469000 21.590000 0.600000
13.321000 40.148000 21.891000 1.387000
13.891000 40.364000 24.180000 1.487000
13.414000 42.813000 22.851000 0.600000
13.897000 40.257000 19.060000 1.824000
13.203000 40.165000 17.783000 1.908000
11.855000 40.878000 17.794000 1.908000
11.593000 41.740000 16.956000 1.661200
12.971000 38.701000 17.392000 1.908000
14.223000 37.942000 17.054000 1.908000
14.931000 38.258000 15.896000 1.908000
14.693000 36.915000 17.858000 1.908000
16.088000 37.573000 15.570000 1.908000
15.842000 36.227000 17.526000 1.908000
16.540000 36.558000 16.383000 1.908000
17.378000 36.061000 16.142000 1.459000
13.778000 40.642000 17.099000 1.387000
16.594000 37.824000 14.732000 1.459000
16.169000 35.475000 18.127000 1.459000
14.319000 39.404000 19.531000 0.600000
14.190000 36.672000 18.691000 1.459000
14.603000 38.983000 15.299000 1.459000
12.382000 38.692000 16.595000 1.487000
12.536000 38.250000 18.159000 1.487000
11.018000 40.529000 18.774000 1.824000
9.697000 41.121000 18.876000 1.908000
9.732000 42.586000 19.232000 1.908000
9.056000 43.382000 18.574000 1.661200
8.792000 40.334000 19.840000 1.908000
8.261000 39.113000 19.093000 1.908000
7.596000 39.286000 18.050000 1.661200
8.564000 37.981000 19.525000 1.661200
11.389000 39.821000 19.431000 0.600000
9.265000 41.045000 17.959000 1.387000
8.045000 40.902000 20.089000 1.487000
9.333000 40.035000 20.590000 1.487000
10.571000 42.973000 20.188000 1.824000
10.649000 44.382000 20.553000 1.908000
11.115000 45.209000 19.352000 1.908000
10.540000 46.261000 19.079000 1.661200
11.128000 42.230000 20.621000 0.600000
9.747000 44.706000 20.845000 1.387000
11.299000 44.501000 21.306000 1.387000
12.169000 44.761000 18.686000 1.824000
12.704000 45.483000 17.534000 1.908000
11.721000 45.475000 16.374000 1.908000
11.391000 46.551000 15.876000 1.661200
14.072000 44.914000 17.110000 1.908000
14.703000 45.739000 16.006000 1.908000
14.996000 44.863000 18.327000 1.908000
12.855000 46.441000 17.809000 1.387000
14.386000 45.410000 15.116000 1.487000
15.500000 45.723000 18.390000 1.487000
13.916000 43.998000 16.741000 1.487000
14.445000 46.700000 16.114000 1.487000
15.700000 45.658000 16.052000 1.487000
12.573000 43.876000 19.043000 0.600000
14.445000 44.732000 19.150000 1.487000
15.634000 44.102000 18.221000 1.487000
11.116000 44.326000 16.076000 1.824000
10.138000 44.239000 14.990000 1.908000
8.956000 45.173000 15.232000 1.908000
8.582000 45.958000 14.357000 1.661200
9.674000 42.802000 14.771000 1.908000
11.391000 43.520000 16.664000 0.600000
10.588000 44.507000 14.129000 1.387000
10.468000 42.196000 14.752000 1.487000
9.066000 42.532000 15.516000 1.487000
9.185000 42.739000 13.902000 1.487000
8.400000 45.162000 16.444000 1.824000
7.293000 46.054000 16.781000 1.908000
7.700000 47.507000 16.581000 1.908000
7.048000 48.283000 15.882000 1.661200
6.830000 45.827000 18.220000 1.908000
6.192000 44.475000 18.447000 1.908000
5.605000 43.889000 17.519000 1.661200
6.302000 43.966000 19.588000 1.661200
8.812000 44.483000 17.108000 0.600000
6.550000 45.863000 16.132000 1.387000
6.167000 46.538000 18.444000 1.487000
7.627000 45.910000 18.815000 1.487000
8.843000 47.874000 17.160000 1.824000
9.408000 49.210000 17.005000 1.908000
9.630000 49.593000 15.547000 1.908000
9.268000 50.704000 15.148000 1.661200
10.714000 49.280000 17.796000 1.908000
11.123000 50.663000 18.238000 1.908000
11.738000 51.539000 17.350000 1.908000
10.904000 51.087000 19.550000 1.908000
12.121000 52.806000 17.750000 1.908000
11.289000 52.351000 19.965000 1.908000
11.888000 53.199000 19.057000 1.908000
12.271000 54.455000 19.462000 1.721000
8.758000 49.877000 17.409000 1.387000
12.559000 53.431000 17.106000 1.459000
11.136000 52.642000 20.906000 1.459000
9.295000 47.126000 17.731000 0.600000
10.462000 50.468000 20.196000 1.459000
11.907000 51.247000 16.406000 1.459000
11.447000 48.906000 17.222000 1.487000
10.615000 48.706000 18.613000 1.487000
13.228000 54.601000 19.218000 0.600000
10.225000 48.720000 14.733000 1.824000
10.448000 49.016000 13.321000 1.908000
9.140000 49.317000 12.593000 1.908000
9.035000 50.303000 11.877000 1.661200
11.155000 47.869000 12.600000 1.908000
12.653000 47.698000 12.854000 1.908000
13.120000 46.316000 12.417000 1.908000
13.443000 48.791000 12.135000 1.908000
13.155000 49.686000 12.473000 1.487000
14.418000 48.665000 12.311000 1.487000
13.270000 48.734000 11.153000 1.487000
10.509000 47.830000 15.184000 0.600000
12.943000 46.197000 11.440000 1.487000
14.101000 46.224000 12.591000 1.487000
12.624000 45.617000 12.932000 1.487000
11.042000 49.829000 13.253000 1.387000
12.833000 47.815000 13.831000 1.487000
11.034000 48.005000 11.616000 1.487000
10.709000 47.015000 12.873000 1.487000
8.116000 48.490000 12.784000 1.824000
6.841000 48.718000 12.113000 1.908000
6.052000 49.872000 12.690000 1.908000
5.352000 50.570000 11.954000 1.661200
6.028000 47.424000 12.146000 1.908000
6.736000 46.330000 11.348000 1.908000
5.702000 45.307000 10.913000 1.908000
7.142000 46.732000 10.550000 1.487000
7.041000 48.932000 11.138000 1.387000
7.396000 45.892000 11.927000 1.487000
8.297000 47.703000 13.425000 0.600000
5.147000 47.585000 11.733000 1.487000
5.944000 47.119000 13.080000 1.487000
6.284000 45.546000 8.990000 0.600000
4.990000 44.822000 11.796000 1.661200
5.654000 45.049000 9.615000 1.824000
4.993000 44.361000 9.243000 0.600000
6.142000 50.085000 14.005000 1.824000
5.412000 51.186000 14.616000 1.908000
6.059000 52.536000 14.368000 1.908000
5.315000 53.498000 14.127000 1.661200
5.250000 50.969000 16.130000 1.908000
4.719000 49.656000 16.309000 1.721000
4.314000 51.984000 16.764000 1.908000
4.475000 51.205000 14.223000 1.387000
3.823000 52.489000 16.049000 1.487000
3.648000 51.515000 17.350000 1.487000
6.745000 49.431000 14.518000 0.600000
6.162000 51.009000 16.565000 1.387000
4.840000 52.633000 17.320000 1.487000
5.438000 48.964000 16.175000 0.600000
7.382000 52.656000 14.488000 1.824000
7.986000 53.985000 14.325000 1.908000
8.798000 54.160000 13.053000 1.908000
9.320000 55.239000 12.743000 1.661200
8.809000 54.326000 15.575000 1.908000
8.026000 54.142000 16.860000 1.908000
6.985000 55.008000 17.191000 1.908000
8.320000 53.099000 17.735000 1.908000
6.267000 54.853000 18.363000 1.908000
7.600000 52.938000 18.898000 1.908000
6.577000 53.816000 19.210000 1.908000
5.874000 53.629000 20.380000 1.721000
7.229000 54.670000 14.315000 1.387000
5.528000 55.491000 18.589000 1.459000
7.815000 52.182000 19.525000 1.459000
7.898000 51.806000 14.688000 0.600000
9.057000 52.467000 17.513000 1.459000
6.753000 55.758000 16.566000 1.459000
9.088000 55.275000 15.514000 1.487000
9.598000 53.726000 15.601000 1.487000
6.436000 53.108000 21.019000 0.600000
8.960000 53.104000 12.282000 1.824000
9.710000 53.124000 11.032000 1.908000
11.148000 53.585000 11.201000 1.908000
11.672000 54.351000 10.390000 1.661200
8.995000 53.998000 9.998000 1.908000
7.801000 53.304000 9.411000 1.908000
7.490000 52.001000 9.727000 1.824000
6.858000 53.726000 8.533000 1.908000
6.397000 51.644000 9.071000 1.908000
5.999000 52.671000 8.341000 1.824000
8.007000 51.418000 10.352000 0.600000
6.799000 54.622000 8.110000 1.409000
8.497000 52.230000 12.646000 0.600000
5.953000 50.756000 9.119000 1.359000
9.722000 52.180000 10.654000 1.387000
9.629000 54.214000 9.259000 1.487000
8.687000 54.839000 10.437000 1.487000
11.792000 53.067000 12.232000 1.824000
13.200000 53.336000 12.509000 1.908000
13.642000 52.308000 13.552000 1.908000
12.796000 51.564000 14.057000 1.661200
13.438000 54.767000 12.966000 1.908000
12.695000 55.164000 14.225000 1.908000
13.099000 56.529000 14.752000 1.908000
12.273000 56.874000 15.987000 1.908000
12.432000 58.304000 16.384000 1.824000
13.728000 53.200000 11.683000 1.387000
11.306000 56.693000 15.791000 1.100000
12.566000 56.288000 16.747000 1.100000
11.705000 55.172000 14.033000 1.487000
12.870000 54.476000 14.941000 1.487000
12.482000 58.366000 17.380000 0.600000
13.272000 58.666000 15.982000 0.600000
11.648000 58.827000 16.053000 0.600000
12.925000 57.210000 14.058000 1.487000
14.053000 56.508000 15.008000 1.487000
11.206000 52.443000 12.839000 0.600000
13.156000 55.384000 12.226000 1.487000
14.420000 54.885000 13.131000 1.487000
14.936000 52.199000 13.794000 1.824000
15.413000 51.245000 14.792000 1.908000
15.406000 51.954000 16.142000 1.908000
15.600000 53.168000 16.173000 1.661200
16.852000 50.804000 14.511000 1.908000
17.068000 49.663000 13.516000 1.908000
18.472000 49.741000 12.937000 1.908000
16.832000 48.310000 14.174000 1.908000
15.893000 48.263000 14.515000 1.487000
16.979000 47.582000 13.504000 1.487000
17.468000 48.193000 14.937000 1.487000
15.550000 52.813000 13.246000 0.600000
19.144000 49.666000 13.675000 1.487000
18.609000 48.993000 12.287000 1.487000
18.592000 50.616000 12.466000 1.487000
14.781000 50.481000 14.833000 1.387000
16.400000 49.743000 12.780000 1.487000
17.259000 50.520000 15.382000 1.487000
17.352000 51.601000 14.161000 1.487000
15.244000 51.196000 17.213000 1.824000
15.358000 51.723000 18.561000 1.908000
16.677000 52.457000 18.716000 1.908000
17.658000 52.149000 18.029000 1.661200
15.325000 50.484000 19.452000 1.908000
14.677000 49.427000 18.637000 1.908000
15.030000 49.728000 17.205000 1.908000
15.015000 48.514000 18.902000 1.487000
14.585000 52.325000 18.781000 1.387000
14.285000 49.490000 16.584000 1.387000
15.865000 49.258000 16.925000 1.387000
13.676000 49.439000 18.767000 1.487000
14.801000 50.667000 20.293000 1.487000
16.260000 50.215000 19.718000 1.487000
16.771000 53.369000 19.667000 1.824000
17.952000 54.179000 19.917000 1.908000
19.242000 53.471000 20.260000 1.908000
20.331000 54.042000 20.072000 1.661200
17.623000 55.191000 21.029000 1.908000
16.653000 56.269000 20.604000 1.908000
16.537000 56.632000 19.410000 1.661200
15.973000 56.783000 21.523000 1.661200
15.890000 53.465000 20.249000 0.600000
18.128000 54.720000 19.050000 1.387000
18.479000 55.617000 21.312000 1.487000
17.229000 54.683000 21.792000 1.487000
19.247000 52.247000 20.750000 1.824000
20.458000 51.507000 21.066000 1.908000
21.147000 50.832000 19.877000 1.908000
21.969000 49.921000 20.041000 1.661200
20.074000 50.495000 22.157000 1.908000
18.900000 49.626000 21.757000 1.908000
21.129000 52.178000 21.449000 1.387000
18.284000 51.841000 20.897000 0.600000
19.833000 51.002000 22.980000 1.487000
20.861000 49.911000 22.330000 1.487000
17.736000 50.032000 21.796000 1.661200
19.203000 48.405000 21.339000 1.824000
18.471000 47.777000 21.053000 0.600000
20.155000 48.104000 21.307000 0.600000
20.897000 51.244000 18.639000 1.824000
21.531000 50.707000 17.457000 1.908000
22.399000 51.761000 16.765000 1.908000
21.998000 52.902000 16.584000 1.661200
20.536000 50.131000 16.428000 1.908000
19.925000 48.829000 16.920000 1.908000
20.598000 47.623000 16.786000 1.908000
18.681000 48.821000 17.529000 1.908000
20.050000 46.445000 17.239000 1.908000
18.126000 47.641000 17.990000 1.908000
18.812000 46.460000 17.845000 1.908000
18.251000 45.292000 18.305000 1.721000
22.133000 49.945000 17.730000 1.387000
20.547000 45.579000 17.131000 1.459000
17.223000 47.650000 18.429000 1.459000
20.175000 52.019000 18.595000 0.600000
18.179000 49.677000 17.638000 1.459000
21.503000 47.611000 16.349000 1.459000
21.026000 49.949000 15.594000 1.487000
19.813000 50.786000 16.298000 1.487000
18.838000 44.525000 18.053000 0.600000
23.607000 51.378000 16.384000 1.824000
24.571000 52.202000 15.696000 1.908000
25.201000 51.405000 14.547000 1.908000
25.451000 50.208000 14.684000 1.661200
25.715000 52.748000 16.566000 1.908000
26.413000 51.638000 17.356000 1.908000
25.211000 53.843000 17.497000 1.908000
27.726000 52.107000 17.955000 1.908000
24.063000 52.951000 15.269000 1.387000
25.988000 54.232000 17.989000 1.487000
24.763000 54.549000 16.953000 1.487000
26.392000 53.166000 15.959000 1.487000
25.812000 51.342000 18.085000 1.487000
26.595000 50.883000 16.740000 1.487000
27.551000 52.870000 18.574000 1.487000
23.816000 50.361000 16.641000 0.600000
28.145000 51.354000 18.459000 1.487000
24.562000 53.445000 18.142000 1.487000
28.336000 52.401000 17.222000 1.487000
25.442000 52.086000 13.424000 1.824000
26.022000 51.398000 12.275000 1.908000
27.481000 51.029000 12.518000 1.908000
28.090000 51.431000 13.514000 1.661200
25.907000 52.235000 10.993000 1.908000
26.795000 53.354000 11.116000 1.721000
24.469000 52.701000 10.795000 1.908000
25.502000 50.547000 12.116000 1.387000
24.268000 53.455000 11.424000 1.487000
24.342000 53.016000 9.852000 1.487000
25.196000 53.078000 13.444000 0.600000
26.210000 51.674000 10.204000 1.387000
23.839000 51.943000 10.977000 1.487000
26.379000 54.069000 11.687000 0.600000
28.043000 50.254000 11.589000 1.824000
29.435000 49.833000 11.713000 1.908000
30.376000 51.034000 11.664000 1.908000
31.305000 51.125000 12.472000 1.661200
29.814000 48.806000 10.647000 1.908000
29.044000 47.500000 10.667000 1.908000
29.014000 46.838000 9.291000 1.908000
28.384000 45.457000 9.373000 1.908000
27.963000 44.891000 8.068000 1.824000
29.557000 49.365000 12.596000 1.387000
29.049000 44.824000 9.809000 1.100000
27.576000 45.506000 9.988000 1.100000
29.478000 46.871000 11.314000 1.487000
28.102000 47.675000 10.958000 1.487000
27.846000 45.631000 7.405000 0.600000
28.662000 44.256000 7.738000 0.600000
27.096000 44.404000 8.179000 0.600000
29.943000 46.745000 8.961000 1.487000
28.473000 47.399000 8.679000 1.487000
27.428000 49.990000 10.806000 0.600000
30.795000 48.595000 10.754000 1.487000
29.684000 49.234000 9.743000 1.487000
30.153000 51.984000 10.769000 1.824000
30.974000 53.175000 10.673000 1.908000
30.989000 53.998000 11.960000 1.908000
32.071000 54.340000 12.445000 1.661200
30.509000 54.095000 9.530000 1.908000
30.759000 53.439000 8.300000 1.721000
29.336000 51.800000 10.140000 0.600000
31.929000 52.887000 10.483000 1.387000
31.028000 54.930000 9.567000 1.387000
29.543000 54.254000 9.626000 1.387000
30.911000 52.465000 8.466000 0.600000
29.810000 54.351000 12.474000 1.824000
29.707000 55.104000 13.716000 1.908000
30.426000 54.370000 14.849000 1.908000
31.311000 54.937000 15.493000 1.661200
28.255000 55.350000 14.123000 1.908000
27.375000 55.847000 13.002000 1.908000
25.889000 55.840000 13.282000 1.908000
25.363000 54.910000 13.934000 1.661200
25.229000 56.798000 12.826000 1.661200
27.633000 56.787000 12.796000 1.487000
30.116000 56.015000 13.598000 1.387000
27.528000 55.270000 12.204000 1.487000
28.987000 54.045000 11.917000 0.600000
28.256000 56.033000 14.833000 1.487000
27.886000 54.493000 14.440000 1.487000
30.163000 53.070000 14.996000 1.824000
30.891000 52.277000 15.993000 1.908000
32.401000 52.424000 15.795000 1.908000
33.146000 52.630000 16.762000 1.661200
30.475000 50.821000 15.929000 1.908000
29.438000 52.690000 14.377000 0.600000
30.654000 52.614000 16.908000 1.387000
31.288000 50.240000 15.871000 1.487000
29.957000 50.582000 16.751000 1.487000
29.903000 50.669000 15.122000 1.487000
32.882000 52.333000 14.558000 1.824000
34.305000 52.503000 14.284000 1.908000
34.742000 53.924000 14.623000 1.908000
35.727000 54.080000 15.352000 1.661200
34.686000 52.142000 12.850000 1.908000
34.635000 50.654000 12.544000 1.908000
34.670000 50.376000 11.057000 1.908000
35.422000 50.212000 12.971000 1.487000
34.814000 51.875000 14.880000 1.387000
33.791000 50.278000 12.921000 1.487000
32.176000 52.136000 13.827000 0.600000
35.621000 52.464000 12.674000 1.487000
34.059000 52.610000 12.222000 1.487000
33.436000 48.803000 11.299000 0.600000
35.343000 51.088000 10.308000 1.661200
33.957000 49.354000 10.612000 1.824000
33.926000 49.121000 9.624000 0.600000
33.927000 54.939000 14.336000 1.824000
34.280000 56.314000 14.669000 1.908000
34.473000 56.547000 16.166000 1.908000
35.203000 57.469000 16.543000 1.661200
33.289000 57.317000 14.101000 1.908000
33.043000 54.670000 13.867000 0.600000
35.148000 56.550000 14.194000 1.387000
33.709000 58.224000 14.074000 1.487000
33.030000 57.044000 13.175000 1.487000
32.473000 57.346000 14.679000 1.487000
33.873000 55.750000 17.031000 1.824000
34.033000 55.814000 18.464000 1.908000
35.062000 54.822000 18.996000 1.908000
35.236000 54.768000 20.219000 1.661200
32.705000 55.542000 19.182000 1.908000
31.530000 56.456000 18.825000 1.908000
30.204000 55.761000 19.111000 1.908000
31.627000 57.766000 19.594000 1.908000
32.482000 58.229000 19.360000 1.487000
30.855000 58.354000 19.353000 1.487000
31.608000 57.580000 20.576000 1.487000
33.239000 55.031000 16.565000 0.600000
30.151000 55.530000 20.083000 1.487000
29.449000 56.372000 18.872000 1.487000
30.141000 54.925000 18.566000 1.487000
34.339000 56.750000 18.718000 1.387000
31.581000 56.686000 17.854000 1.487000
32.865000 55.632000 20.162000 1.487000
32.430000 54.607000 18.968000 1.487000
35.713000 54.027000 18.150000 1.824000
36.724000 53.116000 18.658000 1.908000
36.487000 51.638000 18.527000 1.908000
37.377000 50.852000 18.888000 1.661200
35.449000 54.114000 17.164000 0.600000
37.634000 53.353000 18.207000 1.387000
36.894000 53.343000 19.662000 1.387000
35.345000 51.191000 18.017000 1.824000
35.110000 49.757000 17.847000 1.908000
36.100000 49.127000 16.871000 1.908000
36.319000 49.592000 15.759000 1.661200
33.676000 49.486000 17.391000 1.908000
33.306000 48.047000 17.233000 1.908000
33.484000 47.062000 18.164000 1.908000
32.699000 47.420000 16.098000 1.908000
33.023000 45.867000 17.679000 1.824000
32.544000 46.054000 16.408000 1.908000
32.269000 47.875000 14.849000 1.908000
31.972000 45.141000 15.525000 1.908000
31.702000 46.968000 13.969000 1.908000
31.558000 45.615000 14.309000 1.908000
31.144000 44.994000 13.644000 1.459000
35.247000 49.316000 18.745000 1.387000
33.032000 44.995000 18.170000 0.600000
32.365000 48.833000 14.590000 1.459000
31.392000 47.287000 13.077000 1.459000
31.875000 44.176000 15.785000 1.459000
33.891000 47.195000 19.066000 1.409000
34.660000 51.918000 17.759000 0.600000
33.532000 49.929000 16.503000 1.487000
33.045000 49.882000 18.062000 1.487000
36.731000 48.058000 17.316000 1.824000
37.643000 47.210000 16.581000 1.908000
37.058000 45.795000 16.701000 1.908000
37.129000 45.183000 17.762000 1.661200
39.091000 47.177000 17.075000 1.908000
39.924000 46.220000 16.225000 1.908000
39.738000 48.557000 17.064000 1.908000
37.620000 47.463000 15.629000 1.387000
40.244000 46.696000 15.407000 1.487000
39.488000 49.044000 17.900000 1.487000
39.093000 46.813000 18.001000 1.487000
40.709000 45.903000 16.756000 1.487000
39.362000 45.438000 15.959000 1.487000
36.494000 47.851000 18.351000 0.600000
40.731000 48.454000 17.018000 1.487000
39.414000 49.066000 16.267000 1.487000
36.430000 45.320000 15.639000 1.824000
35.650000 44.097000 15.638000 1.908000
36.349000 42.883000 16.213000 1.908000
35.722000 42.131000 16.975000 1.661200
35.137000 43.820000 14.231000 1.908000
36.546000 45.918000 14.775000 0.600000
34.791000 44.260000 16.177000 1.387000
35.877000 43.955000 13.573000 1.487000
34.810000 42.877000 14.175000 1.487000
34.387000 44.446000 14.020000 1.487000
37.628000 42.673000 15.893000 1.824000
38.360000 41.528000 16.419000 1.908000
38.760000 41.716000 17.880000 1.908000
39.153000 40.742000 18.521000 1.661200
39.583000 41.204000 15.564000 1.908000
40.300000 42.362000 15.194000 1.721000
38.039000 43.377000 15.256000 0.600000
37.755000 40.718000 16.367000 1.387000
39.278000 40.731000 14.735000 1.387000
40.187000 40.599000 16.085000 1.387000
39.726000 43.170000 15.328000 0.600000
38.642000 42.918000 18.428000 1.824000
38.881000 43.162000 19.838000 1.908000
37.606000 42.892000 20.639000 1.908000
37.646000 42.638000 21.843000 1.661200
39.382000 44.591000 20.082000 1.908000
40.815000 44.659000 20.584000 1.908000
41.457000 46.018000 20.321000 1.908000
42.405000 45.944000 19.131000 1.908000
43.224000 47.176000 18.953000 1.824000
39.599000 42.541000 20.165000 1.387000
43.021000 45.155000 19.256000 1.100000
41.863000 45.786000 18.294000 1.100000
40.825000 44.486000 21.572000 1.487000
41.358000 43.953000 20.124000 1.487000
43.474000 47.271000 17.990000 0.600000
42.692000 47.971000 19.241000 0.600000
44.051000 47.106000 19.509000 0.600000
41.974000 46.289000 21.121000 1.487000
40.744000 46.675000 20.118000 1.487000
38.363000 43.671000 17.756000 0.600000
38.789000 45.015000 20.762000 1.487000
39.325000 45.090000 19.222000 1.487000
36.461000 42.994000 19.976000 1.824000
35.163000 42.785000 20.591000 1.908000
34.938000 43.767000 21.735000 1.908000
34.443000 43.383000 22.794000 1.661200
36.577000 43.241000 18.961000 0.600000
34.438000 42.908000 19.903000 1.387000
35.103000 41.844000 20.947000 1.387000
35.234000 45.033000 21.486000 1.824000
35.156000 46.097000 22.464000 1.908000
33.974000 47.034000 22.313000 1.908000
33.993000 48.129000 22.877000 1.661200
36.467000 46.908000 22.369000 1.908000
36.663000 47.639000 21.060000 1.908000
35.067000 45.653000 23.384000 1.387000
35.540000 45.204000 20.486000 0.600000
37.231000 46.271000 22.502000 1.487000
36.468000 47.578000 23.117000 1.487000
35.997000 47.365000 20.060000 1.661200
37.579000 48.611000 21.019000 1.824000
37.741000 49.121000 20.191000 0.600000
38.109000 48.820000 21.850000 0.600000
32.938000 46.652000 21.570000 1.824000
31.810000 47.543000 21.321000 1.908000
31.138000 48.090000 22.573000 1.908000
30.841000 49.284000 22.628000 1.661200
30.751000 46.889000 20.422000 1.908000
29.587000 47.827000 20.056000 1.908000
30.084000 49.019000 19.257000 1.908000
28.510000 47.061000 19.306000 1.908000
28.162000 46.320000 19.881000 1.487000
27.759000 47.679000 19.073000 1.487000
28.894000 46.676000 18.466000 1.487000
33.002000 45.688000 21.193000 0.600000
30.517000 48.701000 18.413000 1.487000
29.313000 49.616000 19.029000 1.487000
30.751000 49.532000 19.798000 1.487000
32.145000 48.335000 20.768000 1.387000
29.155000 48.145000 20.900000 1.487000
30.371000 46.122000 20.906000 1.487000
31.188000 46.620000 19.582000 1.487000
30.886000 47.258000 23.571000 1.824000
30.284000 47.697000 24.824000 1.908000
31.193000 48.663000 25.587000 1.908000
30.693000 49.564000 26.266000 1.661200
29.892000 46.506000 25.673000 1.908000
31.154000 46.265000 23.386000 0.600000
29.415000 48.172000 24.620000 1.387000
28.944000 46.606000 25.978000 1.487000
29.979000 45.665000 25.137000 1.487000
30.491000 46.449000 26.473000 1.487000
32.509000 48.549000 25.469000 1.824000
33.451000 49.473000 26.063000 1.908000
33.325000 50.874000 25.448000 1.908000
33.211000 51.841000 26.207000 1.661200
34.906000 49.051000 25.881000 1.908000
35.320000 47.719000 26.442000 1.908000
34.547000 47.068000 27.175000 1.661200
36.468000 47.282000 26.157000 1.661200
32.812000 47.715000 24.897000 0.600000
33.215000 49.566000 27.039000 1.387000
35.487000 49.772000 26.299000 1.487000
35.101000 49.056000 24.883000 1.487000
33.409000 50.985000 24.124000 1.824000
33.383000 52.278000 23.458000 1.908000
31.989000 52.831000 23.184000 1.908000
31.864000 53.994000 22.787000 1.661200
34.141000 52.277000 22.105000 1.908000
35.559000 51.743000 22.251000 1.908000
33.400000 51.493000 21.029000 1.908000
33.870000 52.950000 24.056000 1.387000
36.212000 52.462000 22.014000 1.487000
33.881000 51.593000 20.159000 1.487000
34.214000 53.226000 21.803000 1.487000
35.711000 51.453000 23.196000 1.487000
35.687000 50.963000 21.639000 1.487000
33.493000 50.080000 23.618000 0.600000
33.368000 50.528000 21.288000 1.487000
32.470000 51.850000 20.943000 1.487000
30.953000 52.015000 23.329000 1.824000
29.583000 52.433000 23.031000 1.908000
28.602000 51.650000 23.901000 1.908000
27.858000 50.777000 23.448000 1.661200
29.305000 52.228000 21.546000 1.908000
31.194000 51.060000 23.670000 0.600000
29.489000 53.408000 23.241000 1.387000
28.707000 51.436000 21.425000 1.487000
28.859000 53.042000 21.175000 1.487000
30.166000 52.071000 21.065000 1.487000
28.639000 51.939000 25.199000 1.824000
27.813000 51.260000 26.179000 1.908000
26.350000 51.187000 25.779000 1.908000
25.760000 52.097000 25.206000 1.661200
28.022000 52.023000 27.480000 1.908000
29.258000 52.826000 27.304000 1.908000
29.509000 52.956000 25.835000 1.908000
29.151000 53.741000 27.733000 1.487000
28.176000 50.327000 26.372000 1.387000
30.475000 52.777000 25.604000 1.387000
29.270000 53.874000 25.496000 1.387000
30.043000 52.374000 27.765000 1.487000
28.115000 51.382000 28.258000 1.487000
27.227000 52.621000 27.673000 1.487000
25.772000 50.001000 25.953000 1.824000
24.397000 49.697000 25.642000 1.908000
24.046000 49.758000 24.168000 1.908000
22.857000 49.787000 23.830000 1.661200
26.438000 49.274000 26.355000 0.600000
24.168000 48.762000 25.998000 1.387000
23.783000 50.340000 26.155000 1.387000
25.028000 49.760000 23.274000 1.824000
24.764000 49.875000 21.853000 1.908000
24.940000 48.536000 21.148000 1.908000
25.709000 47.677000 21.552000 1.661200
25.670000 50.933000 21.204000 1.908000
25.510000 52.326000 21.788000 1.908000
24.131000 52.890000 21.488000 1.908000
24.121000 54.406000 21.486000 1.908000
22.765000 54.936000 21.802000 1.824000
23.813000 50.186000 21.718000 1.387000
24.771000 54.739000 22.171000 1.100000
24.399000 54.734000 20.582000 1.100000
25.632000 52.281000 22.779000 1.487000
26.200000 52.929000 21.391000 1.487000
22.531000 54.705000 22.746000 0.600000
22.764000 55.929000 21.690000 0.600000
22.097000 54.527000 21.181000 0.600000
23.493000 52.568000 22.184000 1.487000
23.841000 52.568000 20.589000 1.487000
25.983000 49.673000 23.678000 0.600000
25.452000 50.970000 20.231000 1.487000
26.617000 50.645000 21.327000 1.487000
24.219000 48.399000 20.052000 1.824000
24.315000 47.235000 19.184000 1.908000
24.503000 47.723000 17.746000 1.908000
24.066000 48.806000 17.353000 1.661200
23.062000 46.371000 19.263000 1.908000
22.916000 45.752000 20.530000 1.721000
23.570000 49.199000 19.857000 0.600000
25.127000 46.718000 19.438000 1.387000
23.116000 45.659000 18.561000 1.387000
22.261000 46.946000 19.091000 1.387000
22.049000 45.256000 20.560000 0.600000
25.190000 46.892000 16.980000 1.824000
25.407000 47.112000 15.566000 1.908000
24.071000 46.903000 14.863000 1.908000
23.476000 45.856000 15.090000 1.661200
26.432000 46.104000 15.001000 1.908000
27.786000 46.285000 15.700000 1.908000
26.559000 46.223000 13.486000 1.908000
28.475000 47.595000 15.358000 1.908000
25.635000 48.073000 15.457000 1.387000
27.184000 45.518000 13.159000 1.487000
25.658000 46.099000 13.076000 1.487000
26.103000 45.190000 15.200000 1.487000
27.640000 46.244000 16.685000 1.487000
28.380000 45.531000 15.428000 1.487000
27.890000 48.355000 15.634000 1.487000
25.567000 46.053000 17.491000 0.600000
29.345000 47.645000 15.845000 1.487000
26.915000 47.128000 13.263000 1.487000
28.637000 47.634000 14.374000 1.487000
23.619000 47.844000 14.054000 1.824000
22.404000 47.690000 13.271000 1.908000
22.187000 48.887000 12.352000 1.908000
22.771000 49.951000 12.580000 1.661200
24.209000 48.710000 14.024000 0.600000
22.464000 46.852000 12.714000 1.387000
21.613000 47.599000 13.889000 1.387000
21.427000 48.739000 11.271000 1.824000
21.120000 49.887000 10.430000 1.908000
21.798000 49.871000 9.074000 1.908000
21.387000 50.607000 8.174000 1.661200
21.092000 47.784000 11.092000 0.600000
20.107000 49.941000 10.297000 1.387000
21.383000 50.743000 10.925000 1.387000
22.838000 49.062000 8.918000 1.824000
23.538000 48.974000 7.645000 1.908000
22.701000 48.227000 6.606000 1.908000
21.892000 47.335000 6.900000 1.661200
24.883000 48.252000 7.813000 1.908000
25.907000 49.109000 8.540000 1.908000
26.181000 50.243000 8.097000 1.661200
26.463000 48.668000 9.567000 1.661200
23.100000 48.515000 9.757000 0.600000
23.659000 49.913000 7.302000 1.387000
25.229000 48.036000 6.911000 1.487000
24.724000 47.429000 8.340000 1.487000
22.944000 48.599000 5.357000 1.824000
22.341000 47.953000 4.197000 1.908000
22.659000 46.458000 4.220000 1.908000
23.832000 46.112000 4.442000 1.661200
22.974000 48.507000 2.905000 1.908000
22.590000 49.981000 2.717000 1.908000
22.622000 47.719000 1.650000 1.908000
23.789000 50.754000 2.196000 1.908000
21.351000 48.035000 4.310000 1.387000
23.125000 48.100000 0.877000 1.487000
22.877000 46.764000 1.786000 1.487000
23.961000 48.457000 3.001000 1.487000
21.861000 50.036000 2.065000 1.487000
22.328000 50.348000 3.588000 1.487000
24.074000 50.368000 1.321000 1.487000
23.613000 49.405000 5.272000 0.600000
23.535000 51.712000 2.075000 1.487000
21.640000 47.791000 1.488000 1.487000
24.536000 50.684000 2.854000 1.487000
21.627000 45.646000 3.996000 1.824000
21.861000 44.200000 3.905000 1.908000
21.680000 43.851000 2.428000 1.908000
20.727000 44.295000 1.789000 1.661200
20.988000 43.367000 4.828000 1.908000
21.041000 41.881000 4.606000 1.908000
22.191000 41.166000 4.916000 1.908000
19.950000 41.202000 4.083000 1.908000
22.248000 39.799000 4.702000 1.908000
20.006000 39.839000 3.878000 1.908000
21.150000 39.130000 4.188000 1.908000
21.190000 38.143000 4.045000 1.459000
22.810000 44.047000 4.121000 1.387000
23.095000 39.296000 4.922000 1.459000
19.195000 39.356000 3.493000 1.459000
20.715000 46.091000 3.899000 0.600000
19.118000 41.708000 3.855000 1.459000
22.981000 41.637000 5.296000 1.459000
20.043000 43.658000 4.702000 1.487000
21.276000 43.543000 5.766000 1.487000
22.671000 43.184000 1.858000 1.824000
22.702000 42.957000 0.420000 1.908000
22.065000 41.682000 -0.068000 1.908000
22.110000 41.436000 -1.272000 1.661200
24.159000 43.044000 -0.071000 1.908000
24.439000 44.411000 -0.344000 1.721000
23.405000 42.845000 2.508000 0.600000
22.213000 43.746000 -0.026000 1.387000
24.245000 42.523000 -0.897000 1.387000
24.752000 42.726000 0.642000 1.387000
23.603000 44.947000 -0.242000 0.600000
21.538000 40.839000 0.817000 1.824000
20.822000 39.637000 0.408000 1.908000
21.622000 38.873000 -0.627000 1.908000
21.152000 38.539000 -1.717000 1.661200
19.497000 40.134000 -0.176000 1.908000
18.402000 39.090000 -0.234000 1.908000
20.744000 39.048000 1.219000 1.387000
21.680000 41.110000 1.812000 0.600000
19.671000 40.466000 -1.108000 1.487000
19.176000 40.903000 0.386000 1.487000
18.550000 38.005000 0.337000 1.661200
17.311000 39.456000 -0.903000 1.824000
16.537000 38.812000 -0.979000 0.600000
17.256000 40.354000 -1.326000 0.600000
22.888000 38.603000 -0.322000 1.824000
23.841000 38.050000 -1.274000 1.908000
23.459000 36.705000 -1.845000 1.908000
23.681000 36.421000 -3.027000 1.661200
25.238000 38.056000 -0.637000 1.908000
25.676000 39.480000 -0.316000 1.908000
26.899000 39.545000 0.580000 1.908000
27.105000 40.912000 1.053000 1.824000
27.627000 41.915000 0.367000 1.908000
28.027000 41.757000 -0.882000 1.824000
27.737000 43.111000 0.923000 1.824000
24.925000 39.960000 0.146000 1.487000
23.946000 38.715000 -2.047000 1.387000
26.815000 41.113000 2.016000 0.600000
25.889000 39.961000 -1.171000 1.487000
28.147000 43.870000 0.419000 0.600000
27.406000 43.262000 1.859000 0.600000
23.143000 38.825000 0.673000 0.600000
27.685000 39.258000 0.052000 1.387000
26.749000 38.948000 1.355000 1.387000
28.439000 42.527000 -1.382000 0.600000
27.922000 40.873000 -1.339000 0.600000
25.873000 37.676000 -1.280000 1.487000
25.198000 37.549000 0.201000 1.487000
22.839000 35.865000 -1.033000 1.824000
22.363000 34.555000 -1.437000 1.908000
20.967000 34.608000 -2.037000 1.908000
20.443000 33.583000 -2.464000 1.661200
22.362000 33.624000 -0.214000 1.908000
23.736000 33.470000 0.420000 1.908000
24.624000 32.514000 -0.339000 1.908000
24.134000 31.923000 -1.316000 1.661200
25.805000 32.304000 0.000000 1.661200
24.173000 34.351000 0.421000 1.487000
23.003000 34.154000 -2.114000 1.387000
23.617000 33.113000 1.328000 1.487000
22.718000 36.234000 -0.051000 0.600000
22.069000 32.739000 -0.515000 1.487000
21.765000 34.016000 0.456000 1.487000
20.293000 35.746000 -1.984000 1.824000
18.972000 35.947000 -2.514000 1.908000
17.881000 35.146000 -1.829000 1.908000
16.923000 34.718000 -2.497000 1.661200
20.835000 36.525000 -1.497000 0.600000
18.731000 36.944000 -2.461000 1.387000
18.968000 35.720000 -3.515000 1.387000
17.967000 34.934000 -0.515000 1.824000
16.912000 34.179000 0.160000 1.908000
15.772000 35.109000 0.544000 1.908000
14.652000 34.607000 0.654000 1.661200
17.408000 33.385000 1.354000 1.908000
18.402000 32.269000 1.066000 1.908000
19.495000 32.301000 2.122000 1.908000
20.304000 31.018000 2.196000 1.908000
21.554000 31.243000 3.007000 1.824000
16.562000 33.479000 -0.468000 1.387000
19.761000 30.310000 2.634000 1.100000
20.564000 30.737000 1.278000 1.100000
17.935000 31.398000 1.110000 1.487000
18.807000 32.415000 0.176000 1.487000
22.267000 31.599000 2.408000 0.600000
21.355000 31.900000 3.730000 0.600000
21.842000 30.375000 3.403000 0.600000
19.073000 32.462000 3.018000 1.487000
20.120000 33.059000 1.915000 1.487000
18.788000 35.324000 -0.051000 0.600000
16.607000 32.975000 1.816000 1.487000
17.843000 34.026000 2.003000 1.487000
16.001000 36.401000 0.771000 1.824000
14.849000 37.255000 1.110000 1.908000
14.267000 37.748000 -0.223000 1.908000
14.973000 37.803000 -1.230000 1.661200
15.164000 38.381000 2.061000 1.908000
15.899000 38.094000 3.369000 1.908000
16.188000 39.385000 4.113000 1.908000
15.109000 37.141000 4.256000 1.908000
14.970000 36.275000 3.776000 1.487000
15.616000 36.974000 5.102000 1.487000
14.221000 37.546000 4.475000 1.487000
16.955000 36.719000 0.697000 0.600000
15.328000 39.853000 4.322000 1.487000
16.669000 39.181000 4.967000 1.487000
16.759000 39.980000 3.546000 1.487000
14.169000 36.704000 1.564000 1.387000
16.760000 37.628000 3.162000 1.487000
14.290000 38.833000 2.312000 1.487000
15.721000 39.067000 1.560000 1.487000
12.970000 38.010000 -0.233000 1.824000
12.246000 38.405000 -1.421000 1.908000
12.687000 39.741000 -1.988000 1.908000
12.801000 40.727000 -1.261000 1.661200
10.782000 38.419000 -0.973000 1.908000
10.824000 38.604000 0.505000 1.908000
12.078000 37.905000 0.954000 1.908000
10.856000 39.581000 0.739000 1.487000
12.304000 37.679000 -2.138000 1.387000
11.908000 36.945000 1.173000 1.387000
12.494000 38.360000 1.738000 1.387000
10.013000 38.196000 0.936000 1.487000
10.330000 37.554000 -1.216000 1.487000
10.284000 39.173000 -1.417000 1.487000
12.936000 39.796000 -3.289000 1.824000
13.368000 41.002000 -3.972000 1.908000
12.227000 41.676000 -4.716000 1.908000
11.243000 41.054000 -5.105000 1.661200
12.792000 38.880000 -3.789000 0.600000
13.755000 41.651000 -3.298000 1.387000
14.104000 40.773000 -4.629000 1.387000
12.331000 42.979000 -4.930000 1.824000
11.310000 43.745000 -5.634000 1.908000
11.889000 45.070000 -6.128000 1.908000
12.661000 45.722000 -5.420000 1.661200
10.144000 44.017000 -4.696000 1.908000
8.753000 44.139000 -5.277000 1.908000
7.751000 44.467000 -4.171000 1.908000
6.643000 45.371000 -4.705000 1.908000
5.510000 44.539000 -5.217000 1.824000
10.994000 43.218000 -6.428000 1.387000
6.316000 45.952000 -3.968000 1.100000
7.005000 45.924000 -5.448000 1.100000
8.737000 44.873000 -5.948000 1.487000
8.492000 43.278000 -5.698000 1.487000
5.380000 44.726000 -6.189000 0.600000
5.726000 43.573000 -5.084000 0.600000
4.679000 44.771000 -4.714000 0.600000
8.222000 44.941000 -3.442000 1.487000
7.344000 43.625000 -3.848000 1.487000
13.206000 43.411000 -4.552000 0.600000
10.348000 44.879000 -4.188000 1.487000
10.127000 43.273000 -3.997000 1.487000
11.464000 45.485000 -7.320000 1.824000
11.798000 46.814000 -7.807000 1.908000
11.593000 47.820000 -6.682000 1.908000
10.499000 47.868000 -6.118000 1.661200
10.875000 47.178000 -8.980000 1.908000
11.256000 46.480000 -10.159000 1.721000
10.897000 44.801000 -7.846000 0.600000
12.766000 46.824000 -8.056000 1.387000
10.942000 48.155000 -9.147000 1.387000
9.943000 46.928000 -8.742000 1.387000
11.911000 45.765000 -9.923000 0.600000
12.602000 48.589000 -6.309000 1.824000
12.523000 49.592000 -5.270000 1.908000
12.810000 49.115000 -3.856000 1.908000
12.830000 49.923000 -2.907000 1.661200
13.495000 48.403000 -6.850000 0.600000
13.170000 50.362000 -5.496000 1.387000
11.587000 50.023000 -5.289000 1.387000
13.036000 47.824000 -3.654000 1.824000
13.220000 47.270000 -2.327000 1.908000
14.678000 47.088000 -1.937000 1.908000
15.421000 46.312000 -2.539000 1.661200
12.523000 45.907000 -2.155000 1.908000
12.716000 45.283000 -0.780000 1.908000
11.944000 43.990000 -0.556000 1.908000
10.493000 44.206000 -0.452000 1.824000
9.606000 43.317000 -0.904000 1.908000
10.007000 42.188000 -1.456000 1.824000
8.308000 43.546000 -0.804000 1.824000
12.426000 45.942000 -0.073000 1.487000
12.782000 47.893000 -1.649000 1.387000
10.166000 45.041000 -0.032000 0.600000
13.696000 45.087000 -0.639000 1.487000
7.648000 42.894000 -1.156000 0.600000
7.982000 44.392000 -0.364000 0.600000
13.069000 47.250000 -4.525000 0.600000
12.273000 43.575000 0.291000 1.387000
12.128000 43.381000 -1.325000 1.387000
9.325000 41.535000 -1.810000 0.600000
10.979000 41.973000 -1.526000 0.600000
12.895000 45.284000 -2.834000 1.487000
11.549000 46.039000 -2.303000 1.487000
15.048000 47.727000 -0.830000 1.824000
16.374000 47.494000 -0.259000 1.908000
16.149000 46.932000 1.141000 1.908000
15.058000 47.067000 1.694000 1.661200
17.218000 48.769000 -0.224000 1.908000
16.369000 49.790000 0.321000 1.721000
17.693000 49.161000 -1.614000 1.908000
16.839000 46.810000 -0.802000 1.387000
17.634000 50.156000 -1.726000 1.487000
18.645000 48.872000 -1.743000 1.487000
14.353000 48.368000 -0.431000 0.600000
17.994000 48.636000 0.404000 1.387000
17.119000 48.718000 -2.308000 1.487000
15.403000 49.542000 0.198000 0.600000
17.166000 46.276000 1.687000 1.824000
17.068000 45.672000 3.003000 1.908000
18.148000 46.247000 3.926000 1.908000
19.178000 46.767000 3.515000 1.661200
17.282000 44.168000 2.941000 1.908000
16.217000 43.378000 2.248000 1.908000
16.126000 43.104000 0.913000 1.908000
15.090000 42.750000 2.864000 1.908000
15.013000 42.350000 0.662000 1.824000
14.357000 42.117000 1.846000 1.908000
14.631000 42.666000 4.184000 1.908000
13.186000 41.405000 2.105000 1.908000
13.463000 41.954000 4.433000 1.908000
12.755000 41.335000 3.393000 1.908000
11.917000 40.835000 3.618000 1.459000
16.179000 45.920000 3.395000 1.387000
14.719000 42.019000 -0.234000 0.600000
15.123000 43.101000 4.929000 1.459000
13.128000 41.887000 5.368000 1.459000
12.689000 40.964000 1.346000 1.459000
16.779000 43.411000 0.220000 1.409000
18.023000 46.235000 1.098000 0.600000
17.350000 43.810000 3.878000 1.487000
18.145000 43.981000 2.461000 1.487000
17.883000 46.100000 5.216000 1.824000
18.808000 46.514000 6.263000 1.908000
18.804000 45.415000 7.328000 1.908000
17.823000 44.670000 7.413000 1.661200
18.391000 47.863000 6.830000 1.908000
19.096000 49.058000 6.220000 1.908000
18.412000 50.374000 6.586000 1.908000
18.632000 51.343000 5.529000 1.824000
19.756000 51.976000 5.220000 1.908000
20.891000 51.806000 5.885000 1.824000
19.748000 52.815000 4.177000 1.824000
19.093000 48.978000 5.225000 1.487000
19.722000 46.585000 5.884000 1.387000
17.811000 51.573000 4.939000 0.600000
20.037000 49.099000 6.551000 1.487000
20.584000 53.316000 3.941000 0.600000
18.918000 52.938000 3.641000 0.600000
16.954000 45.662000 5.419000 0.600000
18.811000 50.699000 7.428000 1.387000
17.446000 50.197000 6.684000 1.387000
21.707000 52.311000 5.637000 0.600000
20.923000 51.154000 6.652000 0.600000
18.579000 47.862000 7.813000 1.487000
17.408000 47.975000 6.682000 1.487000
19.864000 45.324000 8.120000 1.824000
19.919000 44.314000 9.165000 1.908000
20.346000 44.937000 10.494000 1.908000
20.957000 45.993000 10.530000 1.661200
20.882000 43.184000 8.784000 1.908000
22.327000 43.640000 8.620000 1.908000
23.305000 42.484000 8.663000 1.908000
23.346000 41.789000 9.705000 1.661200
24.022000 42.271000 7.656000 1.661200
22.414000 44.073000 7.744000 1.487000
19.016000 43.885000 9.274000 1.387000
22.545000 44.243000 9.362000 1.487000
20.615000 46.006000 7.936000 0.600000
20.587000 42.816000 7.923000 1.487000
20.861000 42.517000 9.505000 1.487000
20.067000 44.245000 11.592000 1.824000
20.485000 44.705000 12.910000 1.908000
20.760000 43.482000 13.790000 1.908000
20.200000 42.398000 13.538000 1.661200
19.459000 45.634000 13.514000 1.908000
19.537000 43.367000 11.433000 0.600000
21.330000 45.228000 12.821000 1.387000
19.636000 45.746000 14.494000 1.487000
19.507000 46.530000 13.068000 1.487000
18.541000 45.254000 13.388000 1.487000
21.676000 43.660000 14.733000 1.824000
22.041000 42.561000 15.622000 1.908000
20.968000 42.353000 16.683000 1.908000
20.470000 43.338000 17.244000 1.661200
23.381000 42.850000 16.296000 1.908000
24.588000 42.548000 15.432000 1.908000
24.495000 42.621000 14.188000 1.661200
25.660000 42.252000 16.013000 1.661200
22.089000 44.601000 14.781000 0.600000
22.071000 41.725000 15.065000 1.387000
23.434000 42.295000 17.126000 1.487000
23.399000 43.819000 16.542000 1.487000
20.600000 41.112000 16.960000 1.824000
19.579000 40.841000 17.992000 1.908000
20.218000 39.997000 19.094000 1.908000
21.151000 39.214000 18.886000 1.661200
18.337000 40.164000 17.404000 1.908000
17.562000 41.092000 16.469000 1.908000
17.387000 39.601000 18.457000 1.908000
16.892000 42.299000 17.076000 1.908000
19.357000 41.721000 18.396000 1.387000
16.663000 39.092000 17.998000 1.487000
17.900000 38.997000 19.063000 1.487000
18.639000 39.372000 16.870000 1.487000
18.198000 41.406000 15.741000 1.487000
16.853000 40.535000 15.997000 1.487000
17.580000 42.880000 17.510000 1.487000
21.066000 40.372000 16.417000 0.600000
16.424000 42.816000 16.360000 1.487000
16.998000 40.358000 18.977000 1.487000
16.227000 42.002000 17.761000 1.487000
19.768000 40.207000 20.325000 1.824000
20.243000 39.551000 21.525000 1.908000
21.712000 39.865000 21.823000 1.908000
22.377000 39.017000 22.427000 1.661200
20.100000 38.025000 21.496000 1.908000
18.671000 37.552000 21.382000 1.908000
19.706000 39.914000 22.303000 1.387000
18.987000 40.938000 20.356000 0.600000
20.494000 37.660000 22.341000 1.487000
20.617000 37.679000 20.712000 1.487000
17.760000 38.213000 21.881000 1.661200
18.495000 36.428000 20.697000 1.824000
17.565000 36.056000 20.576000 0.600000
19.276000 35.950000 20.302000 0.600000
22.194000 41.048000 21.467000 1.824000
23.577000 41.399000 21.763000 1.908000
23.675000 42.343000 22.961000 1.908000
22.899000 43.282000 23.079000 1.661200
24.251000 42.050000 20.545000 1.908000
25.686000 42.453000 20.837000 1.908000
26.696000 41.500000 20.780000 1.908000
26.019000 43.740000 21.227000 1.908000
28.004000 41.837000 21.061000 1.908000
27.325000 44.092000 21.505000 1.908000
28.311000 43.134000 21.410000 1.908000
29.622000 43.462000 21.673000 1.721000
24.078000 40.553000 21.992000 1.387000
28.727000 41.143000 21.010000 1.459000
27.552000 45.027000 21.771000 1.459000
21.532000 41.671000 20.983000 0.600000
25.296000 44.430000 21.308000 1.459000
26.470000 40.556000 20.532000 1.459000
23.743000 42.863000 20.306000 1.487000
24.256000 41.396000 19.806000 1.487000
30.194000 42.654000 21.546000 0.600000
24.657000 42.114000 23.816000 1.824000
24.966000 42.938000 24.973000 1.908000
26.432000 43.383000 24.959000 1.908000
26.722000 44.581000 24.967000 1.661200
24.716000 42.188000 26.301000 1.908000
23.329000 41.838000 26.407000 1.721000
25.089000 43.051000 27.501000 1.908000
24.389000 43.764000 24.946000 1.387000
24.570000 42.754000 28.306000 1.487000
26.070000 42.963000 27.690000 1.487000
25.224000 41.245000 23.579000 0.600000
25.263000 41.327000 26.298000 1.387000
24.875000 44.011000 27.307000 1.487000
22.778000 42.405000 25.786000 0.600000
27.372000 42.429000 24.897000 1.824000
28.783000 42.810000 24.868000 1.908000
29.672000 41.683000 24.386000 1.908000
29.210000 40.562000 24.197000 1.661200
29.200000 43.242000 26.287000 1.908000
29.152000 42.125000 27.158000 1.721000
27.028000 41.468000 24.873000 0.600000
28.880000 43.585000 24.224000 1.387000
28.567000 43.932000 26.605000 1.387000
30.124000 43.591000 26.252000 1.387000
28.216000 41.780000 27.206000 0.600000
30.950000 41.974000 24.166000 1.824000
31.888000 40.958000 23.704000 1.908000
31.770000 40.771000 22.193000 1.908000
31.294000 41.659000 21.482000 1.661200
31.213000 42.959000 24.347000 0.600000
32.826000 41.237000 23.930000 1.387000
31.692000 40.086000 24.161000 1.387000
32.262000 39.637000 21.702000 1.824000
32.180000 39.335000 20.273000 1.908000
30.725000 39.154000 19.842000 1.908000
29.879000 38.787000 20.660000 1.661200
33.016000 38.094000 19.961000 1.908000
34.428000 38.229000 20.478000 1.908000
35.319000 39.086000 19.859000 1.908000
34.854000 37.504000 21.582000 1.908000
36.615000 39.210000 20.313000 1.908000
36.155000 37.635000 22.045000 1.908000
37.037000 38.492000 21.417000 1.908000
37.971000 38.596000 21.753000 1.459000
32.529000 40.139000 19.783000 1.387000
37.255000 39.828000 19.833000 1.459000
36.454000 37.092000 22.852000 1.459000
32.694000 39.007000 22.397000 0.600000
34.222000 36.887000 22.045000 1.459000
35.022000 39.626000 19.072000 1.459000
33.058000 37.992000 18.988000 1.487000
32.602000 37.327000 20.408000 1.487000
30.442000 39.456000 18.577000 1.824000
29.087000 39.375000 18.041000 1.908000
28.558000 37.949000 17.967000 1.908000
29.340000 36.997000 18.007000 1.661200
29.032000 40.050000 16.660000 1.908000
29.028000 41.564000 16.758000 1.908000
29.419000 42.276000 15.482000 1.908000
28.271000 42.469000 14.598000 1.824000
28.148000 41.900000 13.406000 1.908000
29.117000 41.130000 12.947000 1.824000
27.074000 42.114000 12.671000 1.824000
29.669000 41.851000 17.484000 1.487000
28.470000 39.917000 18.639000 1.387000
27.530000 43.071000 14.915000 0.600000
28.104000 41.877000 17.021000 1.487000
26.984000 41.704000 11.766000 0.600000
26.332000 42.697000 13.023000 0.600000
31.264000 39.752000 18.009000 0.600000
30.104000 41.724000 15.014000 1.387000
29.799000 43.164000 15.723000 1.387000
29.025000 40.712000 12.025000 0.600000
29.931000 40.953000 13.489000 0.600000
28.200000 39.764000 16.211000 1.487000
29.831000 39.772000 16.150000 1.487000
27.250000 37.793000 17.852000 1.824000
26.607000 36.480000 17.804000 1.908000
26.069000 36.101000 16.429000 1.908000
26.383000 36.768000 15.437000 1.661200
25.483000 36.462000 18.854000 1.908000
24.356000 37.426000 18.517000 1.908000
27.319000 35.793000 18.043000 1.387000
26.709000 38.688000 17.798000 0.600000
25.872000 36.721000 19.732000 1.487000
25.111000 35.541000 18.897000 1.487000
24.257000 37.955000 17.403000 1.661200
23.470000 37.677000 19.482000 1.824000
22.710000 38.294000 19.316000 0.600000
23.576000 37.239000 20.377000 0.600000
25.184000 35.110000 16.348000 1.824000
24.584000 34.693000 15.089000 1.908000
23.144000 35.159000 14.885000 1.908000
22.459000 34.625000 14.004000 1.661200
24.625000 33.164000 14.981000 1.908000
25.952000 32.657000 14.953000 1.721000
24.959000 34.660000 17.265000 0.600000
25.144000 35.084000 14.330000 1.387000
24.157000 32.890000 14.140000 1.387000
24.147000 32.774000 15.768000 1.387000
26.539000 33.234000 15.517000 0.600000
22.635000 36.124000 15.645000 1.824000
21.245000 36.537000 15.548000 1.908000
21.049000 37.894000 14.888000 1.908000
21.584000 38.896000 15.369000 1.661200
20.611000 36.633000 16.937000 1.908000
20.433000 35.325000 17.672000 1.908000
20.305000 34.268000 17.021000 1.661200
20.391000 35.370000 18.920000 1.661200
23.315000 36.553000 16.310000 0.600000
20.769000 35.852000 14.963000 1.387000
19.709000 37.068000 16.831000 1.487000
21.190000 37.239000 17.495000 1.487000
20.258000 37.953000 13.819000 1.824000
20.001000 39.218000 13.141000 1.908000
18.527000 39.383000 12.774000 1.908000
17.813000 38.422000 12.566000 1.661200
20.811000 39.404000 11.861000 1.908000
22.253000 38.963000 11.854000 1.908000
23.174000 40.014000 12.466000 1.908000
24.550000 39.502000 12.405000 1.824000
25.169000 38.962000 13.453000 1.908000
24.580000 38.881000 14.636000 1.824000
26.404000 38.504000 13.316000 1.824000
22.554000 38.804000 10.915000 1.487000
20.264000 39.977000 13.756000 1.387000
25.039000 39.564000 11.539000 0.600000
22.354000 38.122000 12.385000 1.487000
26.885000 38.113000 14.101000 0.600000
26.861000 38.546000 12.425000 0.600000
19.854000 37.048000 13.522000 0.600000
22.915000 40.143000 13.401000 1.387000
23.106000 40.832000 11.933000 1.387000
25.072000 38.488000 15.415000 0.600000
23.643000 39.211000 14.755000 0.600000
20.786000 40.391000 11.621000 1.487000
20.329000 38.907000 11.116000 1.487000
18.092000 40.622000 12.660000 1.824000
16.750000 40.977000 12.223000 1.908000
16.905000 41.711000 10.886000 1.908000
17.793000 42.547000 10.754000 1.661200
15.979000 41.852000 13.230000 1.908000
14.501000 41.913000 12.848000 1.908000
16.601000 43.239000 13.352000 1.908000
13.629000 42.805000 13.696000 1.908000
16.283000 40.129000 12.022000 1.387000
16.114000 43.750000 14.057000 1.487000
17.562000 43.140000 13.602000 1.487000
16.050000 41.425000 14.123000 1.487000
14.437000 42.214000 11.886000 1.487000
14.131000 40.973000 12.885000 1.487000
13.965000 43.745000 13.646000 1.487000
18.811000 41.353000 12.917000 0.600000
12.688000 42.769000 13.360000 1.487000
16.521000 43.706000 12.474000 1.487000
13.655000 42.492000 14.645000 1.487000
16.149000 41.277000 9.881000 1.824000
16.223000 41.895000 8.560000 1.908000
14.892000 42.599000 8.272000 1.908000
13.806000 42.040000 8.394000 1.661200
16.546000 40.875000 7.494000 1.908000
17.698000 39.899000 7.591000 1.908000
19.023000 40.619000 7.777000 1.908000
17.524000 38.852000 8.685000 1.908000
16.697000 38.319000 8.508000 1.487000
18.317000 38.243000 8.693000 1.487000
17.444000 39.306000 9.572000 1.487000
15.523000 40.487000 10.111000 0.600000
18.996000 41.160000 8.619000 1.487000
19.764000 39.949000 7.838000 1.487000
19.188000 41.226000 6.998000 1.487000
16.946000 42.581000 8.565000 1.387000
17.738000 39.348000 6.751000 1.487000
16.671000 41.390000 6.607000 1.487000
15.694000 40.309000 7.346000 1.487000
14.972000 43.865000 7.921000 1.824000
13.832000 44.717000 7.647000 1.908000
14.068000 45.543000 6.383000 1.908000
15.117000 46.139000 6.141000 1.661200
13.535000 45.616000 8.849000 1.908000
14.689000 46.531000 9.185000 1.908000
15.796000 46.057000 9.877000 1.908000
14.678000 47.857000 8.782000 1.908000
16.855000 46.888000 10.182000 1.908000
15.738000 48.694000 9.077000 1.908000
16.816000 48.204000 9.782000 1.908000
17.878000 49.030000 10.071000 1.721000
13.026000 44.135000 7.490000 1.387000
17.645000 46.535000 10.689000 1.459000
15.722000 49.650000 8.781000 1.459000
15.970000 44.223000 7.853000 0.600000
13.897000 48.211000 8.272000 1.459000
15.826000 45.095000 10.160000 1.459000
13.356000 45.038000 9.634000 1.487000
12.745000 46.174000 8.633000 1.487000
18.511000 48.550000 10.676000 0.600000
13.067000 45.528000 5.523000 1.824000
13.084000 46.155000 4.215000 1.908000
12.483000 47.549000 4.204000 1.908000
11.822000 48.002000 5.138000 1.661200
12.248000 45.287000 3.251000 1.908000
10.879000 45.360000 3.644000 1.721000
12.215000 44.999000 5.881000 0.600000
14.054000 46.233000 3.917000 1.387000
12.555000 44.355000 3.319000 1.387000
12.343000 45.645000 2.340000 1.387000
10.324000 45.620000 2.857000 0.600000
12.669000 48.219000 3.065000 1.824000
12.158000 49.556000 2.833000 1.908000
10.639000 49.610000 2.811000 1.908000
10.099000 50.679000 3.075000 1.661200
12.760000 50.161000 1.572000 1.908000
12.782000 49.269000 0.489000 1.721000
13.223000 47.686000 2.348000 0.600000
12.477000 50.152000 3.590000 1.387000
13.701000 50.453000 1.775000 1.387000
12.223000 50.973000 1.318000 1.387000
12.238000 48.457000 0.706000 0.600000
9.932000 48.524000 2.540000 1.824000
8.485000 48.440000 2.601000 1.908000
8.040000 47.663000 3.844000 1.908000
6.931000 47.166000 4.025000 1.661200
7.896000 47.853000 1.332000 1.908000
8.458000 46.539000 0.877000 1.908000
9.620000 46.174000 1.151000 1.661200
7.717000 45.823000 0.174000 1.661200
10.533000 47.691000 2.265000 0.600000
8.130000 49.376000 2.702000 1.387000
8.022000 48.532000 0.592000 1.487000
6.899000 47.745000 1.477000 1.487000
8.899000 47.623000 4.848000 1.824000
8.730000 47.141000 6.194000 1.908000
8.435000 45.670000 6.410000 1.908000
7.685000 45.299000 7.319000 1.661200
7.728000 48.056000 6.962000 1.908000
8.235000 49.478000 6.900000 1.908000
7.670000 50.499000 6.190000 1.908000
9.448000 49.996000 7.464000 1.908000
8.437000 51.629000 6.314000 1.824000
9.539000 51.346000 7.081000 1.908000
10.450000 49.460000 8.270000 1.908000
10.595000 52.174000 7.469000 1.908000
11.501000 50.278000 8.654000 1.908000
11.578000 51.620000 8.244000 1.908000
12.362000 52.165000 8.528000 1.459000
9.608000 47.352000 6.711000 1.387000
8.229000 52.521000 5.910000 0.600000
10.419000 48.510000 8.569000 1.459000
12.220000 49.902000 9.236000 1.459000
10.616000 53.135000 7.181000 1.459000
6.828000 50.434000 5.661000 1.409000
9.872000 48.038000 4.535000 0.600000
7.712000 47.786000 7.891000 1.487000
6.873000 48.026000 6.510000 1.487000
9.041000 44.786000 5.626000 1.824000
8.896000 43.348000 5.795000 1.908000
9.966000 42.893000 6.795000 1.908000
11.115000 43.362000 6.743000 1.661200
9.027000 42.587000 4.491000 1.908000
8.270000 43.089000 3.260000 1.908000
8.563000 42.156000 2.095000 1.908000
6.774000 43.182000 3.521000 1.908000
6.604000 43.817000 4.275000 1.487000
6.310000 43.512000 2.699000 1.487000
6.419000 42.278000 3.762000 1.487000
9.633000 45.214000 4.874000 0.600000
8.262000 41.229000 2.324000 1.487000
8.074000 42.472000 1.281000 1.487000
9.546000 42.150000 1.910000 1.487000
8.004000 43.155000 6.184000 1.387000
8.581000 44.004000 3.039000 1.487000
8.725000 41.638000 4.653000 1.487000
10.006000 42.563000 4.242000 1.487000
9.589000 42.099000 7.795000 1.824000
10.548000 41.738000 8.832000 1.908000
10.845000 40.244000 8.885000 1.908000
9.978000 39.381000 8.960000 1.661200
10.146000 42.157000 10.259000 1.908000
9.569000 43.557000 10.361000 1.908000
11.347000 41.984000 11.187000 1.908000
10.398000 44.706000 9.843000 1.908000
11.418000 42.196000 8.585000 1.387000
11.053000 42.145000 12.126000 1.487000
11.696000 41.055000 11.091000 1.487000
9.445000 41.504000 10.581000 1.487000
8.670000 43.566000 9.880000 1.487000
9.353000 43.738000 11.342000 1.487000
10.582000 44.572000 8.870000 1.487000
8.615000 41.782000 7.770000 0.600000
9.899000 45.562000 9.973000 1.487000
12.049000 42.643000 10.929000 1.487000
11.263000 44.745000 10.343000 1.487000
12.139000 39.949000 8.849000 1.824000
12.609000 38.579000 8.928000 1.908000
13.665000 38.503000 10.039000 1.908000
14.222000 39.525000 10.431000 1.661200
13.275000 38.098000 7.646000 1.908000
12.378000 37.764000 6.483000 1.908000
11.700000 38.738000 5.768000 1.908000
12.271000 36.450000 6.059000 1.908000
10.928000 38.414000 4.670000 1.908000
11.496000 36.102000 4.967000 1.908000
10.827000 37.095000 4.283000 1.908000
10.041000 36.739000 3.222000 1.721000
11.849000 37.991000 9.189000 1.387000
10.448000 39.129000 4.160000 1.459000
11.423000 35.151000 4.681000 1.459000
12.770000 40.771000 8.761000 0.600000
12.768000 35.732000 6.554000 1.459000
11.770000 39.699000 6.053000 1.459000
13.818000 37.271000 7.867000 1.487000
13.925000 38.814000 7.343000 1.487000
10.328000 37.248000 2.411000 0.600000
14.090000 37.273000 10.289000 1.824000
15.178000 37.051000 11.227000 1.908000
15.960000 35.810000 10.806000 1.908000
15.484000 34.969000 10.041000 1.661200
14.684000 36.805000 12.649000 1.908000
13.960000 35.461000 12.819000 1.908000
13.238000 35.466000 14.159000 1.908000
12.271000 34.286000 14.283000 1.908000
12.529000 33.605000 15.584000 1.824000
15.795000 37.839000 11.209000 1.387000
11.345000 34.628000 14.266000 1.100000
12.437000 33.655000 13.541000 1.100000
13.299000 35.360000 12.093000 1.487000
14.627000 34.735000 12.810000 1.487000
12.770000 32.650000 15.415000 0.600000
13.283000 34.063000 16.053000 0.600000
11.706000 33.649000 16.149000 0.600000
12.716000 36.308000 14.244000 1.487000
13.910000 35.398000 14.889000 1.487000
13.602000 36.522000 9.781000 0.600000
14.047000 37.529000 12.893000 1.487000
15.466000 36.811000 13.263000 1.487000
17.109000 35.702000 11.444000 1.824000
17.953000 34.527000 11.306000 1.908000
18.559000 34.252000 12.676000 1.908000
18.769000 35.189000 13.449000 1.661200
19.042000 34.697000 10.243000 1.908000
19.702000 33.437000 10.016000 1.721000
20.087000 35.734000 10.651000 1.908000
17.388000 33.752000 11.051000 1.387000
20.447000 36.189000 9.834000 1.487000
19.667000 36.417000 11.252000 1.487000
17.356000 36.516000 12.045000 0.600000
18.610000 34.986000 9.364000 1.387000
20.838000 35.283000 11.137000 1.487000
19.157000 32.868000 9.393000 0.600000
18.795000 32.996000 13.007000 1.824000
19.435000 32.654000 14.286000 1.908000
20.607000 31.724000 13.977000 1.908000
21.248000 31.138000 14.849000 1.661200
18.467000 32.003000 15.274000 1.908000
17.799000 30.905000 14.631000 1.721000
17.354000 32.918000 15.768000 1.908000
19.790000 33.486000 14.693000 1.387000
16.863000 33.309000 14.985000 1.487000
16.710000 32.396000 16.332000 1.487000
18.502000 32.288000 12.313000 0.600000
18.995000 31.631000 16.063000 1.387000
17.744000 33.662000 16.316000 1.487000
17.781000 31.044000 13.636000 0.600000
20.899000 31.594000 12.675000 1.824000
21.966000 30.668000 12.266000 1.908000
22.950000 31.309000 11.294000 1.908000
23.402000 30.740000 10.295000 1.661200
21.323000 29.387000 11.751000 1.908000
20.523000 29.482000 10.480000 1.908000
20.597000 30.492000 9.745000 1.661200
19.780000 28.521000 10.160000 1.661200
20.348000 32.161000 12.034000 0.600000
22.484000 30.430000 13.101000 1.387000
20.721000 29.030000 12.485000 1.487000
22.064000 28.706000 11.615000 1.487000
23.352000 32.533000 11.619000 1.824000
24.292000 33.288000 10.794000 1.908000
23.905000 33.256000 9.321000 1.908000
24.696000 32.885000 8.452000 1.661200
25.713000 32.777000 10.970000 1.908000
22.944000 32.904000 12.503000 0.600000
24.295000 34.250000 11.105000 1.387000
26.034000 32.378000 10.111000 1.487000
26.312000 33.535000 11.228000 1.487000
25.732000 32.080000 11.687000 1.487000
22.743000 33.783000 8.967000 1.824000
22.282000 33.952000 7.594000 1.908000
22.099000 32.686000 6.776000 1.908000
21.877000 32.798000 5.567000 1.661200
23.185000 34.923000 6.814000 1.908000
23.524000 36.218000 7.523000 1.908000
22.603000 37.250000 7.647000 1.908000
24.776000 36.401000 8.096000 1.908000
22.927000 38.419000 8.299000 1.908000
25.110000 37.570000 8.751000 1.908000
24.179000 38.575000 8.853000 1.908000
24.507000 39.744000 9.505000 1.721000
21.374000 34.440000 7.627000 1.387000
22.249000 39.160000 8.373000 1.459000
26.022000 37.683000 9.147000 1.459000
22.150000 34.085000 9.797000 0.600000
25.454000 35.663000 8.032000 1.459000
21.686000 37.141000 7.253000 1.459000
22.722000 35.151000 5.953000 1.487000
24.043000 34.447000 6.605000 1.487000
24.376000 40.513000 8.883000 0.600000
22.105000 31.494000 7.348000 1.824000
21.884000 30.271000 6.595000 1.908000
20.405000 30.129000 6.259000 1.908000
20.059000 29.749000 5.138000 1.661200
22.385000 29.038000 7.362000 1.908000
23.879000 29.096000 7.606000 1.908000
24.485000 27.928000 8.335000 1.908000
24.346000 29.190000 6.706000 1.487000
22.389000 30.340000 5.731000 1.387000
24.084000 29.944000 8.131000 1.487000
22.281000 31.507000 8.378000 0.600000
22.184000 28.227000 6.825000 1.487000
21.923000 29.001000 8.239000 1.487000
25.117000 29.174000 9.803000 0.600000
24.454000 26.786000 7.875000 1.661200
25.089000 28.207000 9.493000 1.824000
25.511000 27.464000 10.050000 0.600000
19.536000 30.403000 7.223000 1.824000
18.097000 30.318000 7.030000 1.908000
17.423000 31.541000 7.668000 1.908000
17.969000 32.272000 8.497000 1.661200
17.424000 29.066000 7.618000 1.908000
17.692000 28.974000 9.028000 1.721000
17.889000 27.774000 6.951000 1.908000
17.899000 30.332000 6.049000 1.387000
18.329000 27.183000 7.630000 1.487000
17.102000 27.295000 6.556000 1.487000
19.974000 30.685000 8.131000 0.600000
16.412000 29.145000 7.494000 1.387000
18.545000 27.987000 6.224000 1.487000
18.658000 28.746000 9.183000 0.600000
16.250000 31.857000 7.127000 1.824000
15.471000 33.015000 7.507000 1.908000
14.020000 32.651000 7.811000 1.908000
13.460000 31.755000 7.202000 1.661200
15.471000 34.056000 6.384000 1.908000
16.829000 34.606000 6.048000 1.908000
17.629000 33.969000 5.096000 1.908000
17.311000 35.739000 6.677000 1.908000
18.880000 34.469000 4.796000 1.908000
18.557000 36.242000 6.372000 1.908000
19.341000 35.606000 5.429000 1.908000
20.249000 35.969000 5.201000 1.459000
15.863000 33.372000 8.367000 1.387000
19.455000 33.997000 4.112000 1.459000
18.894000 37.075000 6.841000 1.459000
15.934000 31.176000 6.384000 0.600000
16.743000 36.201000 7.365000 1.459000
17.294000 33.157000 4.636000 1.459000
14.898000 34.811000 6.672000 1.487000
15.106000 33.623000 5.571000 1.487000
13.410000 33.388000 8.731000 1.824000
12.015000 33.206000 9.091000 1.908000
11.273000 34.532000 8.985000 1.908000
11.718000 35.541000 9.524000 1.661200
11.859000 32.667000 10.525000 1.908000
12.606000 31.453000 10.615000 1.721000
10.405000 32.407000 10.877000 1.908000
11.597000 32.559000 8.447000 1.387000
9.973000 33.256000 11.192000 1.487000
9.913000 32.069000 10.070000 1.487000
14.024000 34.113000 9.175000 0.600000
12.258000 33.338000 11.171000 1.387000
10.347000 31.720000 11.607000 1.487000
13.593000 31.643000 10.570000 0.600000
10.144000 34.522000 8.297000 1.824000
9.321000 35.734000 8.184000 1.908000
8.643000 35.961000 9.531000 1.908000
7.981000 35.047000 10.016000 1.661200
8.292000 35.595000 7.067000 1.908000
7.410000 36.805000 6.888000 1.908000
6.854000 36.978000 5.485000 1.908000
5.780000 38.065000 5.478000 1.908000
6.070000 39.060000 4.416000 1.824000
9.912000 36.507000 7.985000 1.387000
4.896000 37.641000 5.305000 1.100000
5.775000 38.517000 6.366000 1.100000
6.631000 36.746000 7.536000 1.487000
7.937000 37.638000 7.129000 1.487000
6.345000 39.925000 4.836000 0.600000
6.810000 38.721000 3.835000 0.600000
5.250000 39.205000 3.861000 0.600000
6.442000 36.129000 5.191000 1.487000
7.584000 37.255000 4.879000 1.487000
9.894000 33.622000 7.859000 0.600000
7.713000 34.806000 7.275000 1.487000
8.783000 35.429000 6.211000 1.487000
8.872000 37.110000 10.165000 1.824000
8.224000 37.344000 11.451000 1.908000
7.249000 38.505000 11.357000 1.908000
6.433000 38.596000 12.274000 1.661200
9.128000 37.491000 12.673000 1.908000
10.203000 38.559000 12.481000 1.908000
9.722000 36.134000 13.025000 1.908000
10.954000 38.884000 13.761000 1.908000
7.679000 36.523000 11.645000 1.387000
10.238000 36.218000 13.875000 1.487000
8.980000 35.476000 13.139000 1.487000
8.558000 37.767000 13.452000 1.487000
10.853000 38.238000 11.799000 1.487000
9.765000 39.390000 12.150000 1.487000
11.401000 38.058000 14.098000 1.487000
9.498000 37.764000 9.700000 0.600000
11.639000 39.585000 13.571000 1.487000
10.326000 35.844000 12.285000 1.487000
10.309000 39.220000 14.444000 1.487000
7.227000 39.280000 10.295000 1.824000
6.213000 40.316000 10.104000 1.908000
5.954000 40.355000 8.582000 1.908000
6.800000 40.858000 7.804000 1.661200
6.539000 41.689000 10.627000 1.908000
6.529000 42.039000 12.084000 1.908000
5.476000 41.395000 12.973000 1.908000
5.813000 41.636000 14.374000 1.824000
6.470000 40.821000 15.182000 1.908000
6.862000 39.643000 14.742000 1.824000
6.769000 41.162000 16.435000 1.824000
4.924000 39.784000 8.187000 1.661200
5.382000 40.048000 10.554000 1.387000
5.507000 42.531000 14.771000 0.600000
7.446000 41.817000 12.494000 1.487000
6.429000 43.057000 12.189000 1.487000
7.242000 40.543000 17.035000 0.600000
6.503000 42.078000 16.770000 0.600000
7.987000 39.099000 9.601000 0.600000
5.475000 40.425000 12.796000 1.387000
4.605000 41.807000 12.768000 1.387000
7.351000 39.011000 15.373000 0.600000
6.689000 39.361000 13.803000 0.600000
5.905000 42.363000 10.147000 1.487000
7.479000 41.947000 10.258000 1.487000
